1694.0
1837.0
2.0
551.0
0.0
8628.0
29020.0
12170.0
16163.0
1.0
0.0
12496.0
4094.0
313.0
15085.0
6714.0
37004.0
289823.0
189269.0
1326.0
294.0
23254.0
194215.0
276.0
6907.0
344795.0
13231.0
20995.0
25118.0
6275.0
18475.0
0.0
5037.0
11220.0
313.0
1290.0
27658.0
18047.0
112955.0
2.0
17379.0
385.0
24807.0
2224.0
207230.0
4402.0
2.0
42679.0
7135.0
2975.0
110220.0
11092.0
17336.0
385.0
316135.0
4637.0
303004.0
12227.0
188.0
54792.0
235.0
0.0
39590.0
290660.0
4988.0
6.0
11983.0
9.0
1341.0
31893.0
268644.0
0.0
5413.0
64551.0
1479.0
43024.0
48.0
172598.0
31839.0
113969.0
135038.0
9.0
19434.0
46331.0
311736.0
28122.0
17404.0
65150.0
72783.0
14009.0
69152.0
1294.0
304797.0
18720.0
2.0
11817.0
122.0
38274.0
1860.0
5.0
0.0
22006.0
56570.0
4820.0
29389.0
86958.0
120.0
15094.0
12178.0
154382.0
0.0
274.0
1210.0
0.0
28450.0
139593.0
6784.0
13637.0
2.0
20551.0
5928.0
212650.0
59405.0
0.0
13759.0
51107.0
2.0
12167.0
59803.0
12056.0
11207.0
25220.0
3172.0
0.0
307753.0
25908.0
68867.0
140856.0
22769.0
59922.0
189481.0
0.0
20217.0
17272.0
236654.0
356.0
0.0
23825.0
1.0
3932.0
2.0
64062.0
18064.0
217905.0
7024.0
142489.0
9712.0
53703.0
2096.0
102209.0
2007.0
15899.0
7324.0
4269.0
7194.0
2.0
21846.0
11011.0
66.0
8020.0
28997.0
85386.0
189700.0
194548.0
7784.0
27067.0
0.0
0.0
248.0
0.0
20639.0
1.0
25218.0
71870.0
17242.0
154372.0
121.0
38593.0
236709.0
102414.0
10605.0
8380.0
5682.0
23725.0
38832.0
681.0
108213.0
280.0
73521.0
55682.0
219639.0
2242.0
0.0
33519.0
129290.0
2.0
54833.0
31501.0
1.0
12813.0
829.0
0.0
271.0
155101.0
9161.0
51226.0
2386.0
1292.0
147538.0
19028.0
26357.0
5.0
8022.0
11173.0
34147.0
333.0
1478.0
2670.0
21216.0
88160.0
24172.0
4.0
2372.0
132.0
173.0
23124.0
180279.0
14525.0
7236.0
1.0
0.0
324.0
36404.0
187858.0
131073.0
7.0
350825.0
25965.0
4188.0
26951.0
5667.0
278345.0
64262.0
2.0
85474.0
199.0
1567.0
694.0
21416.0
46690.0
25.0
6947.0
41353.0
254.0
22341.0
62114.0
1869.0
11048.0
76177.0
20318.0
25013.0
206376.0
58163.0
2234.0
0.0
0.0
13457.0
72940.0
198669.0
5846.0
5173.0
9.0
437.0
7253.0
72809.0
1.0
19535.0
64442.0
63097.0
18895.0
59180.0
36636.0
0.0
459.0
91.0
42280.0
16629.0
89021.0
1974.0
20483.0
2483.0
198751.0
56750.0
6778.0
35648.0
1654.0
3170.0
5411.0
78913.0
4845.0
16559.0
385.0
2093.0
5559.0
1833.0
181687.0
296.0
1.0
0.0
181751.0
8928.0
619.0
43420.0
6088.0
142335.0
26949.0
76528.0
291897.0
66581.0
22758.0
28402.0
27.0
6788.0
187411.0
207160.0
2.0
7867.0
0.0
0.0
992.0
0.0
0.0
0.0
244.0
48870.0
0.0
690.0
135580.0
11941.0
1165.0
14444.0
30694.0
7451.0
806.0
21359.0
25330.0
13207.0
1.0
68524.0
140435.0
158.0
355782.0
26948.0
53510.0
28866.0
2.0
22576.0
19328.0
30495.0
56340.0
9686.0
18.0
18382.0
5540.0
1.0
690.0
62568.0
49767.0
22080.0
0.0
20329.0
219.0
18903.0
0.0
2.0
21363.0
3455.0
14927.0
61677.0
76893.0
42679.0
93596.0
86204.0
514.0
3.0
5229.0
11804.0
249869.0
220.0
53166.0
0.0
123379.0
0.0
219216.0
32990.0
27979.0
180509.0
22901.0
19568.0
19888.0
18872.0
9430.0
104.0
132668.0
74470.0
145918.0
840.0
25616.0
125769.0
8100.0
91580.0
7698.0
46944.0
11637.0
584.0
4720.0
234458.0
220038.0
5.0
2.0
268071.0
0.0
30414.0
128741.0
1723.0
0.0
143.0
19512.0
299736.0
3636.0
66596.0
5.0
19216.0
32477.0
30424.0
7.0
0.0
304783.0
23157.0
38326.0
54777.0
14582.0
2096.0
20403.0
1649.0
13086.0
253638.0
22278.0
106396.0
196739.0
225.0
5.0
6866.0
1.0
1325.0
212807.0
50779.0
3520.0
10778.0
5794.0
36490.0
72.0
17363.0
128.0
1.0
138449.0
19.0
2.0
215.0
59073.0
42707.0
329.0
13802.0
491.0
3467.0
201917.0
12543.0
4470.0
3755.0
2131.0
6.0
2.0
52312.0
7461.0
8842.0
1.0
215187.0
2471.0
9647.0
12594.0
0.0
89903.0
0.0
8.0
0.0
7766.0
18892.0
959.0
9851.0
120777.0
145522.0
92169.0
12500.0
284687.0
1.0
15923.0
16757.0
10616.0
243626.0
156146.0
48573.0
355605.0
7617.0
16013.0
67451.0
127124.0
3356.0
7.0
3474.0
8.0
143213.0
5.0
408044.0
139.0
278248.0
229681.0
19102.0
2390.0
184986.0
22.0
28833.0
180.0
22173.0
0.0
2.0
385.0
91274.0
24271.0
5232.0
445.0
79112.0
102432.0
45.0
0.0
15411.0
27061.0
5549.0
8.0
15647.0
5881.0
268229.0
58064.0
19552.0
198760.0
14547.0
233895.0
66483.0
4147.0
1034.0
5246.0
18360.0
213518.0
2543.0
21331.0
1614.0
535.0
32201.0
13021.0
2441.0
0.0
78931.0
24405.0
218561.0
2.0
1782.0
17299.0
21742.0
233833.0
40337.0
351638.0
3570.0
70577.0
223682.0
1854.0
440.0
3366.0
15733.0
0.0
2.0
50960.0
14561.0
9375.0
38417.0
98812.0
288299.0
34240.0
180476.0
9712.0
20360.0
219992.0
81689.0
302423.0
106878.0
585.0
6.0
3645.0
239528.0
17369.0
2011.0
28154.0
340560.0
17401.0
198.0
0.0
0.0
65940.0
36848.0
808.0
86499.0
227.0
127122.0
8547.0
32201.0
371767.0
17016.0
54697.0
14032.0
2644.0
5.0
7.0
10393.0
2159.0
145865.0
47031.0
127122.0
93990.0
306.0
88453.0
5267.0
5069.0
121840.0
303823.0
18579.0
5418.0
14127.0
2.0
3644.0
262057.0
84641.0
140.0
5118.0
273436.0
2.0
10361.0
23000.0
200766.0
857.0
13494.0
8496.0
53574.0
59236.0
15326.0
5.0
15138.0
0.0
26701.0
51250.0
6019.0
16897.0
26149.0
15916.0
125.0
3256.0
2.0
29113.0
724.0
9189.0
23640.0
11622.0
38995.0
115827.0
14049.0
2629.0
87904.0
11866.0
25513.0
25367.0
3860.0
20667.0
76581.0
7.0
34744.0
28930.0
23858.0
218384.0
20108.0
77088.0
580.0
24776.0
139496.0
16371.0
12606.0
94092.0
351547.0
2110.0
294821.0
91440.0
28610.0
385.0
5818.0
68037.0
273048.0
279405.0
2.0
243226.0
21522.0
429.0
5052.0
250528.0
144501.0
70028.0
4.0
6897.0
403498.0
126006.0
30328.0
5573.0
23843.0
17348.0
29770.0
2751.0
2.0
222.0
0.0
16174.0
104930.0
69510.0
5.0
37.0
0.0
2472.0
2038.0
45092.0
207845.0
4571.0
175694.0
43724.0
26172.0
7.0
132321.0
78955.0
25337.0
46391.0
2.0
11667.0
0.0
1917.0
24754.0
3986.0
4043.0
21260.0
3617.0
138791.0
0.0
24529.0
173.0
7007.0
226715.0
67075.0
128881.0
94890.0
24672.0
6.0
22062.0
1.0
5.0
0.0
585.0
1016.0
11.0
5287.0
21649.0
3369.0
3983.0
5230.0
18615.0
11948.0
90858.0
280638.0
1883.0
7263.0
14778.0
0.0
149021.0
385.0
84597.0
16091.0
62533.0
1635.0
156338.0
8664.0
21602.0
31427.0
3955.0
374928.0
279.0
14268.0
51212.0
11435.0
15258.0
5497.0
220337.0
26146.0
1240.0
7.0
70251.0
385.0
182136.0
6081.0
0.0
831.0
25870.0
37936.0
12147.0
0.0
23741.0
10564.0
23373.0
25290.0
103637.0
590.0
432.0
25089.0
22748.0
9148.0
141073.0
101764.0
121030.0
1737.0
1060.0
21564.0
217.0
21237.0
5502.0
385.0
20324.0
272321.0
11468.0
3.0
121.0
17356.0
251480.0
9079.0
24424.0
1744.0
734.0
101102.0
25016.0
4497.0
235804.0
2199.0
63304.0
2468.0
2446.0
5202.0
102866.0
0.0
92804.0
0.0
40092.0
249042.0
112463.0
55.0
97339.0
8509.0
257645.0
2.0
20485.0
27848.0
24243.0
235176.0
16248.0
23322.0
2.0
67735.0
7007.0
320625.0
9924.0
262436.0
23945.0
161649.0
231162.0
163277.0
217983.0
15252.0
0.0
148283.0
20906.0
313621.0
0.0
28819.0
135038.0
23052.0
1102.0
2038.0
0.0
2.0
7367.0
24938.0
17296.0
120690.0
160.0
124254.0
1400.0
0.0
5.0
89322.0
37476.0
303090.0
5786.0
67544.0
355614.0
85078.0
46676.0
24977.0
890.0
48616.0
299.0
22434.0
82777.0
189813.0
5.0
24332.0
1618.0
320304.0
317.0
21827.0
10632.0
7485.0
7.0
99675.0
20100.0
27828.0
15146.0
18515.0
1523.0
275392.0
24519.0
16221.0
8523.0
346678.0
27621.0
20499.0
8092.0
5635.0
128695.0
26273.0
5.0
4790.0
9391.0
13895.0
314762.0
28019.0
21671.0
27.0
2204.0
22118.0
7.0
197215.0
7007.0
349376.0
39041.0
64237.0
21260.0
4612.0
9454.0
317441.0
2113.0
140136.0
20726.0
53469.0
52865.0
18766.0
85293.0
140705.0
52480.0
8046.0
8182.0
2599.0
1495.0
1.0
0.0
12195.0
13505.0
216399.0
399.0
273359.0
90824.0
2623.0
1921.0
70033.0
97.0
277883.0
193208.0
28992.0
138753.0
13748.0
0.0
3924.0
8588.0
74267.0
3812.0
1.0
3912.0
296261.0
2.0
192572.0
77693.0
3631.0
17470.0
179746.0
286388.0
7756.0
10768.0
0.0
17833.0
2.0
385.0
197791.0
26305.0
190.0
23874.0
12968.0
642.0
41488.0
1257.0
6.0
40999.0
21888.0
81088.0
2894.0
18409.0
7575.0
7.0
8.0
5.0
313645.0
133740.0
5444.0
220473.0
255324.0
67657.0
259365.0
133167.0
23821.0
4825.0
1871.0
6793.0
18300.0
331897.0
28235.0
7778.0
304024.0
0.0
20938.0
15496.0
24676.0
24270.0
1.0
9703.0
6835.0
7423.0
24533.0
24121.0
126911.0
159643.0
577.0
12263.0
3390.0
39843.0
19881.0
585.0
193688.0
33741.0
850.0
899.0
1459.0
2252.0
267767.0
94275.0
25392.0
5396.0
1598.0
4976.0
95353.0
7777.0
24977.0
5.0
2.0
117992.0
5.0
0.0
11249.0
0.0
260283.0
139803.0
45937.0
361.0
56325.0
6183.0
9829.0
62855.0
20535.0
76615.0
12545.0
1497.0
308397.0
74144.0
0.0
38377.0
48630.0
63532.0
22647.0
140740.0
61102.0
918.0
18961.0
275892.0
3857.0
92641.0
0.0
10223.0
487.0
41457.0
93036.0
2.0
28887.0
29515.0
18850.0
0.0
3451.0
21054.0
2562.0
20325.0
67220.0
5125.0
16911.0
95179.0
8636.0
83968.0
13532.0
0.0
65008.0
21147.0
0.0
146.0
6.0
66104.0
57331.0
292930.0
10915.0
49509.0
21922.0
27.0
1069.0
162008.0
21.0
1484.0
15957.0
2.0
2316.0
5105.0
419915.0
26701.0
26997.0
67372.0
286794.0
45979.0
4116.0
31310.0
42.0
1867.0
4854.0
16565.0
0.0
130761.0
14734.0
7517.0
106369.0
5414.0
2.0
43371.0
29.0
29555.0
2.0
5422.0
28290.0
346375.0
49387.0
34211.0
27294.0
39390.0
18610.0
248458.0
0.0
5.0
26523.0
0.0
47823.0
7774.0
98324.0
29211.0
290.0
2.0
123.0
78402.0
21096.0
2.0
15158.0
0.0
179420.0
51812.0
51166.0
29543.0
5634.0
159226.0
165792.0
430.0
21787.0
52080.0
24149.0
222932.0
335567.0
42679.0
42171.0
54943.0
28342.0
251406.0
263001.0
149840.0
69415.0
0.0
10799.0
8178.0
25983.0
41023.0
11890.0
1600.0
46.0
7823.0
2523.0
19759.0
96904.0
0.0
63837.0
2541.0
0.0
24317.0
0.0
1524.0
2589.0
275451.0
39578.0
385.0
4924.0
7157.0
89247.0
15572.0
2.0
8002.0
4388.0
96850.0
1.0
0.0
1.0
181861.0
116.0
7.0
0.0
13363.0
302229.0
133465.0
0.0
5.0
385.0
1278.0
260449.0
29800.0
36188.0
20283.0
3961.0
72649.0
155.0
28237.0
2179.0
525.0
5.0
2365.0
3626.0
16705.0
224356.0
6.0
14600.0
354920.0
53516.0
287256.0
2206.0
2.0
103996.0
136210.0
264915.0
1114.0
19305.0
11236.0
17833.0
313.0
18226.0
41883.0
17949.0
2970.0
5.0
8031.0
3.0
5954.0
164365.0
1.0
169.0
6608.0
0.0
14296.0
25880.0
28091.0
2.0
5.0
4391.0
631.0
15433.0
2886.0
6869.0
5038.0
7641.0
23513.0
60201.0
17591.0
10809.0
225739.0
144096.0
119206.0
156250.0
2.0
1212.0
22061.0
80387.0
0.0
1334.0
22241.0
29840.0
3517.0
3.0
49722.0
173275.0
368.0
35863.0
18200.0
803.0
46974.0
1.0
7071.0
854.0
2141.0
91657.0
605.0
1.0
94510.0
107845.0
16911.0
4881.0
5.0
28190.0
126484.0
26807.0
25989.0
11305.0
9539.0
1.0
437.0
332.0
5568.0
744.0
284424.0
83588.0
0.0
2.0
0.0
0.0
258211.0
0.0
218097.0
3150.0
30022.0
105499.0
28678.0
124477.0
327220.0
63099.0
132540.0
349141.0
12273.0
70204.0
6188.0
2.0
7324.0
1250.0
59628.0
43356.0
7662.0
72937.0
159869.0
11583.0
249083.0
285897.0
384.0
15150.0
0.0
0.0
36874.0
23373.0
59300.0
90635.0
142.0
23.0
7.0
384.0
0.0
13149.0
6370.0
668.0
273.0
172244.0
653.0
180408.0
4183.0
21538.0
19589.0
0.0
199475.0
62396.0
282639.0
28056.0
19227.0
26062.0
170.0
40699.0
53578.0
40634.0
289722.0
316235.0
142536.0
6666.0
27028.0
4748.0
29946.0
1228.0
8.0
3274.0
11590.0
272047.0
0.0
109293.0
3140.0
9714.0
5.0
20884.0
67645.0
0.0
1434.0
15217.0
0.0
21113.0
261056.0
9771.0
22093.0
8533.0
336.0
241069.0
17964.0
1.0
21926.0
13.0
21111.0
236.0
14462.0
351017.0
19073.0
193208.0
352403.0
393.0
1.0
3719.0
15131.0
25973.0
74761.0
198496.0
2459.0
299691.0
11018.0
19693.0
2.0
20719.0
3725.0
17554.0
84641.0
4.0
5.0
17775.0
0.0
179149.0
0.0
27860.0
452.0
64102.0
3342.0
23547.0
1.0
116330.0
15594.0
0.0
0.0
25519.0
2.0
16754.0
492.0
17032.0
24235.0
37644.0
27342.0
15078.0
21.0
34766.0
2380.0
19515.0
58.0
217529.0
7911.0
7451.0
58706.0
130332.0
124835.0
16057.0
2434.0
204267.0
100330.0
11106.0
27721.0
2.0
20991.0
64279.0
0.0
21933.0
114105.0
152950.0
7537.0
20012.0
9665.0
34332.0
65678.0
9100.0
38412.0
13453.0
147897.0
15038.0
1821.0
42.0
146309.0
317.0
6031.0
2141.0
2821.0
2870.0
0.0
295.0
13174.0
170.0
10213.0
0.0
12517.0
253555.0
8693.0
166608.0
5957.0
0.0
6.0
310.0
2.0
282.0
6831.0
49.0
1.0
146.0
91586.0
4952.0
2.0
1.0
1.0
89492.0
15866.0
89068.0
275396.0
2547.0
9508.0
23634.0
1754.0
21.0
21988.0
66437.0
82482.0
9678.0
27294.0
244054.0
13895.0
10046.0
25200.0
0.0
706.0
92160.0
14890.0
18076.0
17651.0
698.0
1.0
18542.0
392.0
144364.0
42735.0
255714.0
6926.0
221457.0
0.0
385.0
18874.0
183671.0
24204.0
5313.0
4654.0
29674.0
0.0
954.0
15321.0
4510.0
9045.0
20222.0
6699.0
4830.0
265753.0
433.0
159626.0
182846.0
45576.0
0.0
113078.0
125881.0
1.0
3157.0
46499.0
0.0
0.0
14593.0
9702.0
1193.0
15164.0
2422.0
17739.0
48142.0
18177.0
21892.0
191749.0
1.0
50266.0
4506.0
16742.0
3421.0
225085.0
1.0
98387.0
5.0
241156.0
5926.0
17606.0
347253.0
11747.0
14328.0
0.0
5.0
2742.0
2.0
10497.0
152765.0
3786.0
324525.0
501.0
184770.0
163641.0
6490.0
1460.0
15247.0
14355.0
18477.0
276966.0
5.0
12663.0
27660.0
7.0
111991.0
47025.0
153403.0
18806.0
17121.0
8185.0
2.0
25198.0
15.0
13674.0
24540.0
19906.0
1337.0
1021.0
270420.0
269761.0
1805.0
25925.0
1178.0
2049.0
9829.0
20946.0
26677.0
26392.0
3103.0
25044.0
0.0
25586.0
10408.0
14891.0
194.0
303365.0
26384.0
55631.0
18006.0
248239.0
1324.0
5.0
0.0
3182.0
10797.0
24340.0
10331.0
9043.0
2.0
65287.0
11187.0
374928.0
27525.0
237735.0
0.0
33767.0
294301.0
1100.0
496.0
94664.0
30857.0
22102.0
131664.0
14.0
58897.0
0.0
2713.0
35010.0
5673.0
4168.0
2358.0
152949.0
7411.0
7491.0
4942.0
11117.0
1306.0
16025.0
24405.0
3532.0
2916.0
79612.0
198008.0
142041.0
116129.0
19039.0
0.0
4782.0
35043.0
1311.0
3743.0
2073.0
25181.0
29953.0
14051.0
19080.0
75890.0
542.0
338859.0
21089.0
103.0
383988.0
0.0
178937.0
10119.0
5.0
59095.0
18666.0
27484.0
0.0
6563.0
1070.0
5.0
85993.0
27877.0
17864.0
3562.0
52310.0
0.0
322863.0
1.0
2.0
27860.0
1324.0
1509.0
29120.0
159006.0
1093.0
79828.0
153896.0
78286.0
260802.0
136172.0
21632.0
250.0
18442.0
72105.0
2.0
276462.0
343351.0
2338.0
44913.0
594.0
2.0
316.0
25311.0
2.0
49066.0
4981.0
19585.0
17456.0
366.0
97717.0
105782.0
51746.0
2.0
420811.0
261.0
11468.0
202670.0
110.0
0.0
51386.0
11730.0
5205.0
0.0
318731.0
52.0
154.0
27.0
206685.0
27879.0
24332.0
323851.0
17606.0
4374.0
2780.0
6957.0
15217.0
1.0
16077.0
142980.0
0.0
29918.0
269729.0
2637.0
19256.0
1804.0
0.0
7125.0
163967.0
12595.0
36601.0
6162.0
111.0
18295.0
108137.0
0.0
61783.0
18027.0
14175.0
5171.0
894.0
482.0
46331.0
21363.0
86725.0
3738.0
26007.0
29670.0
17121.0
312.0
5621.0
151932.0
3110.0
24.0
317.0
313814.0
5.0
27993.0
3320.0
9461.0
276090.0
10549.0
6609.0
5927.0
17686.0
324826.0
27.0
96954.0
22032.0
63818.0
58131.0
327487.0
89324.0
227333.0
20849.0
0.0
21091.0
27660.0
0.0
1.0
42560.0
2891.0
3.0
124153.0
251431.0
7795.0
2647.0
146613.0
7941.0
75997.0
8710.0
23435.0
0.0
83122.0
104398.0
3527.0
292542.0
43.0
232215.0
1.0
848.0
19949.0
2.0
109911.0
62028.0
153304.0
5.0
17576.0
2316.0
1956.0
12901.0
732.0
84502.0
25919.0
12497.0
7495.0
74687.0
0.0
8281.0
9679.0
1912.0
114106.0
99648.0
66656.0
14935.0
27694.0
81789.0
293654.0
1324.0
1734.0
385.0
10237.0
14181.0
12025.0
24089.0
2260.0
23106.0
17138.0
2227.0
10520.0
11.0
1518.0
202549.0
76177.0
26476.0
500.0
9845.0
292930.0
26755.0
6568.0
20008.0
7016.0
312504.0
6980.0
109840.0
10.0
43785.0
2012.0
2.0
32594.0
17787.0
6629.0
6370.0
2925.0
7107.0
4868.0
1766.0
244.0
7992.0
190399.0
4868.0
403498.0
4531.0
357.0
47100.0
266524.0
1009.0
56340.0
4940.0
2490.0
1651.0
18332.0
147918.0
17.0
5688.0
20568.0
1182.0
8411.0
342635.0
2.0
15942.0
91045.0
19999.0
349815.0
4.0
18474.0
10613.0
201479.0
11.0
8773.0
787.0
89412.0
1324.0
1724.0
0.0
57306.0
9353.0
14053.0
1791.0
0.0
351.0
8401.0
4364.0
25.0
0.0
23209.0
20786.0
48436.0
29482.0
57280.0
217511.0
19227.0
178.0
49.0
3959.0
43841.0
113.0
19581.0
13505.0
0.0
4329.0
73240.0
7447.0
36766.0
95317.0
0.0
0.0
6324.0
11706.0
221558.0
15502.0
93439.0
112298.0
47155.0
22616.0
3335.0
290176.0
54760.0
37608.0
0.0
1782.0
185565.0
24061.0
20273.0
33429.0
260076.0
4070.0
210400.0
21455.0
0.0
9645.0
1.0
151812.0
38995.0
182.0
71001.0
3016.0
60.0
2627.0
0.0
383.0
130756.0
17896.0
5385.0
7.0
88815.0
8725.0
3916.0
49780.0
18583.0
8417.0
9909.0
385.0
5.0
176327.0
25205.0
13470.0
8366.0
22373.0
20840.0
12659.0
8958.0
252.0
23098.0
124586.0
25523.0
5.0
273498.0
2.0
40288.0
98.0
5.0
11481.0
20708.0
268602.0
19745.0
322197.0
9164.0
16458.0
54792.0
3861.0
194514.0
29810.0
729.0
8091.0
30208.0
22743.0
202226.0
11717.0
35697.0
19544.0
28997.0
61.0
23439.0
4545.0
14355.0
0.0
26383.0
166420.0
0.0
2203.0
189209.0
168607.0
7.0
6505.0
18579.0
5919.0
52.0
9199.0
5321.0
120.0
260.0
61232.0
143807.0
1.0
29008.0
356914.0
43591.0
7531.0
2204.0
24986.0
195536.0
6.0
8048.0
163375.0
7146.0
171840.0
22262.0
54696.0
48.0
