15907.0
1605.0
160304.0
398742.0
290.0
45707.0
7596.0
68.0
7.0
92283.0
107.0
2997.0
83241.0
213571.0
0.0
37700.0
0.0
10989.0
313583.0
1882.0
298257.0
25272.0
2.0
10468.0
26421.0
1464.0
250965.0
385.0
4823.0
2.0
2.0
2551.0
12072.0
12959.0
208.0
4449.0
112684.0
241661.0
0.0
7069.0
0.0
0.0
23738.0
92006.0
30768.0
24728.0
1.0
57251.0
58077.0
181718.0
23432.0
62584.0
37230.0
2.0
15184.0
18153.0
21728.0
5811.0
28338.0
5336.0
0.0
266881.0
6123.0
27615.0
70947.0
173045.0
96360.0
9.0
178746.0
262.0
60066.0
34190.0
1.0
491.0
24536.0
0.0
10428.0
19209.0
1238.0
220575.0
2.0
2.0
0.0
0.0
7015.0
0.0
3539.0
318459.0
46259.0
322062.0
217.0
136.0
241760.0
1.0
1.0
69170.0
176.0
657.0
7835.0
2.0
35274.0
2773.0
12113.0
5.0
1967.0
40332.0
3827.0
921.0
9962.0
99043.0
5311.0
22403.0
0.0
171934.0
9900.0
8174.0
173072.0
0.0
126251.0
29934.0
110956.0
3.0
369947.0
21840.0
4287.0
12271.0
0.0
76850.0
64279.0
21330.0
181.0
4465.0
22867.0
236508.0
144160.0
78032.0
10447.0
2170.0
13029.0
727.0
2580.0
23036.0
27715.0
668.0
15897.0
6.0
7.0
3552.0
385.0
14194.0
104836.0
0.0
28601.0
0.0
194925.0
147344.0
26345.0
212854.0
22213.0
17341.0
44960.0
15484.0
146322.0
49923.0
985.0
16233.0
674.0
44362.0
137868.0
6370.0
124.0
4417.0
267321.0
2917.0
16958.0
2.0
23184.0
235.0
9412.0
1.0
6342.0
142.0
286021.0
147626.0
18050.0
19919.0
2.0
3553.0
149545.0
1361.0
316710.0
0.0
48992.0
5247.0
209783.0
162765.0
30387.0
20729.0
15.0
836.0
736.0
385.0
262920.0
181907.0
337.0
7.0
212373.0
2.0
6.0
26231.0
22476.0
23557.0
2.0
7237.0
7260.0
341006.0
7950.0
1.0
18776.0
2969.0
68974.0
78823.0
2.0
0.0
35008.0
1990.0
3478.0
37.0
12682.0
7.0
279673.0
6571.0
10829.0
25518.0
103352.0
9423.0
16.0
27.0
62358.0
7.0
318280.0
6748.0
5.0
89102.0
642.0
3528.0
197917.0
2658.0
5728.0
38132.0
2.0
2364.0
178571.0
8913.0
21167.0
15870.0
39708.0
9735.0
1363.0
337869.0
64889.0
151.0
25250.0
16.0
7851.0
309168.0
1364.0
148318.0
5500.0
44816.0
0.0
0.0
4943.0
26655.0
5481.0
59922.0
2.0
45658.0
5.0
7.0
891.0
26856.0
24336.0
1052.0
9318.0
0.0
19590.0
22375.0
31049.0
67675.0
25405.0
20254.0
77981.0
12911.0
21082.0
314512.0
2.0
5281.0
35139.0
54833.0
6.0
38584.0
376.0
0.0
81370.0
738.0
1534.0
21818.0
8238.0
741.0
19.0
12813.0
1918.0
7276.0
4547.0
5176.0
827.0
283.0
1493.0
11082.0
325386.0
15205.0
88775.0
28760.0
0.0
8288.0
3743.0
5981.0
27351.0
1690.0
281.0
12432.0
20086.0
309309.0
3039.0
11423.0
23188.0
15950.0
16953.0
26683.0
89979.0
2.0
26755.0
19405.0
2.0
5206.0
102895.0
5469.0
60.0
203756.0
98382.0
89.0
4461.0
277009.0
36814.0
4989.0
13337.0
0.0
21254.0
7677.0
1956.0
149485.0
258804.0
12418.0
159260.0
8.0
28577.0
12631.0
244.0
82.0
4678.0
280539.0
7236.0
18431.0
169687.0
584.0
1.0
204360.0
9712.0
8741.0
884.0
9162.0
95821.0
31309.0
29862.0
572.0
0.0
0.0
11932.0
279778.0
3906.0
2461.0
28152.0
26812.0
222597.0
8248.0
20350.0
15289.0
13142.0
20128.0
76985.0
7663.0
29513.0
966.0
11035.0
2.0
3241.0
2.0
20280.0
0.0
246058.0
7925.0
8145.0
10428.0
6029.0
18700.0
330.0
65378.0
18245.0
149520.0
1680.0
12768.0
98132.0
56652.0
7708.0
346039.0
0.0
70341.0
6212.0
203098.0
85726.0
15461.0
94177.0
18539.0
4037.0
0.0
267.0
50173.0
4716.0
296129.0
22941.0
7334.0
10328.0
64198.0
15129.0
692.0
14726.0
85145.0
27451.0
99646.0
2124.0
1686.0
21812.0
5641.0
218249.0
123773.0
91.0
27073.0
160137.0
471.0
206076.0
41222.0
11083.0
4950.0
22761.0
2204.0
253926.0
2.0
8103.0
0.0
2208.0
12354.0
26422.0
15240.0
20550.0
0.0
301511.0
2.0
60896.0
40.0
18937.0
0.0
1701.0
3923.0
954.0
69690.0
244748.0
92651.0
137945.0
4457.0
3393.0
67712.0
342203.0
0.0
305199.0
3072.0
10254.0
18463.0
3353.0
16665.0
164001.0
0.0
1530.0
18467.0
2072.0
26547.0
171168.0
26390.0
3547.0
13209.0
3320.0
21433.0
4710.0
17703.0
688.0
2.0
2.0
1894.0
26287.0
11982.0
5.0
109.0
0.0
6567.0
5.0
3610.0
0.0
11295.0
5.0
89.0
2870.0
5.0
0.0
385.0
684.0
277583.0
17706.0
7744.0
3146.0
5553.0
18325.0
222749.0
184979.0
13814.0
153591.0
3433.0
5382.0
24988.0
8309.0
385.0
18.0
9984.0
81501.0
15450.0
13387.0
76876.0
100457.0
385.0
66912.0
20513.0
4906.0
7.0
642.0
28.0
11250.0
20939.0
53369.0
15808.0
24081.0
80380.0
53328.0
4101.0
19087.0
28465.0
48641.0
64914.0
139508.0
0.0
13745.0
119140.0
25445.0
49387.0
13059.0
762.0
290.0
8714.0
14801.0
5.0
29479.0
0.0
8209.0
22068.0
429.0
8894.0
2558.0
0.0
163.0
22073.0
1523.0
17673.0
7220.0
2019.0
323969.0
545.0
6143.0
156398.0
26767.0
198099.0
0.0
45072.0
919.0
227487.0
201039.0
1308.0
20819.0
242103.0
145716.0
316922.0
249736.0
0.0
24294.0
193688.0
1046.0
6007.0
1334.0
24165.0
283273.0
28745.0
7584.0
16966.0
12785.0
15222.0
262.0
26676.0
776.0
44792.0
232203.0
766.0
2616.0
19728.0
81427.0
156008.0
6112.0
27247.0
276826.0
325420.0
18395.0
20218.0
13609.0
3897.0
2.0
547.0
590.0
0.0
134005.0
18968.0
806.0
18115.0
65889.0
61102.0
30675.0
1671.0
15695.0
111420.0
6.0
20944.0
29260.0
0.0
315748.0
19279.0
18297.0
36162.0
5946.0
276973.0
1054.0
14890.0
4.0
5.0
10176.0
10487.0
20732.0
39756.0
124327.0
23256.0
26371.0
15791.0
1.0
164761.0
3260.0
299691.0
254526.0
18023.0
0.0
6402.0
29790.0
1169.0
8812.0
22692.0
65985.0
22504.0
89345.0
134447.0
7173.0
20652.0
319577.0
4916.0
21930.0
258101.0
72470.0
19758.0
8822.0
17851.0
5582.0
633.0
36735.0
12.0
19198.0
153004.0
1721.0
2094.0
24713.0
32574.0
122631.0
0.0
104489.0
107345.0
57830.0
354757.0
6664.0
33818.0
33572.0
27569.0
20998.0
12803.0
185.0
268951.0
26981.0
7.0
7866.0
75712.0
94092.0
207789.0
345402.0
6.0
49961.0
23355.0
4225.0
3365.0
306169.0
15597.0
2219.0
7317.0
41.0
2319.0
5502.0
154971.0
2.0
58.0
70530.0
21072.0
317477.0
35017.0
19575.0
24170.0
2412.0
159.0
6.0
0.0
22322.0
184499.0
0.0
24924.0
6755.0
132.0
4028.0
2930.0
20945.0
78.0
12435.0
287040.0
293743.0
108.0
119.0
24197.0
282500.0
795.0
26085.0
62410.0
163586.0
29020.0
2.0
78503.0
52959.0
1.0
385.0
10815.0
5508.0
24944.0
102355.0
132.0
15700.0
8317.0
48561.0
422.0
6827.0
0.0
16136.0
8524.0
25263.0
4065.0
13422.0
6619.0
0.0
589.0
5924.0
25676.0
5.0
10313.0
3123.0
787.0
18905.0
0.0
8649.0
7421.0
199879.0
113646.0
87342.0
6159.0
14062.0
0.0
2110.0
2.0
83275.0
103743.0
1243.0
22785.0
1341.0
56767.0
18502.0
24287.0
8047.0
355614.0
225372.0
313504.0
131.0
0.0
170448.0
319508.0
274043.0
162652.0
122.0
328196.0
3983.0
244203.0
38698.0
115.0
10533.0
1207.0
2.0
611.0
11.0
1552.0
271496.0
14880.0
7436.0
27294.0
18055.0
56.0
15938.0
283082.0
257460.0
14077.0
0.0
13880.0
3200.0
5105.0
0.0
6757.0
24191.0
9061.0
0.0
102224.0
29255.0
28923.0
80347.0
24741.0
3705.0
0.0
53413.0
346769.0
802.0
15.0
14980.0
5.0
35454.0
59922.0
219636.0
7708.0
3753.0
98577.0
171281.0
10140.0
2672.0
0.0
20575.0
1644.0
6034.0
6574.0
611.0
54679.0
5.0
25740.0
11012.0
9859.0
22355.0
2.0
18279.0
7.0
42679.0
21194.0
3.0
27750.0
5.0
204581.0
1.0
0.0
28658.0
15641.0
25124.0
14586.0
311258.0
9754.0
28653.0
49600.0
38143.0
1852.0
18435.0
31579.0
105700.0
15183.0
85576.0
1048.0
4378.0
7809.0
25241.0
0.0
1181.0
15080.0
13956.0
5.0
11729.0
39357.0
4218.0
4193.0
0.0
30985.0
3989.0
130071.0
2.0
10863.0
2136.0
359.0
0.0
189653.0
6341.0
266524.0
10435.0
14155.0
7767.0
79196.0
58831.0
22445.0
24786.0
331427.0
54.0
15003.0
348033.0
2903.0
265.0
33150.0
22087.0
5667.0
2.0
5502.0
1883.0
2.0
42475.0
100539.0
301401.0
160237.0
10040.0
18658.0
73237.0
210496.0
284821.0
5.0
4929.0
0.0
96644.0
12000.0
18812.0
95881.0
23869.0
24225.0
0.0
16233.0
18411.0
2.0
9529.0
18.0
15873.0
1062.0
8183.0
0.0
29044.0
198.0
86377.0
3176.0
26152.0
272207.0
157546.0
0.0
0.0
41306.0
26172.0
29056.0
39036.0
12632.0
236.0
33020.0
0.0
61102.0
3839.0
302890.0
14497.0
113930.0
13992.0
3.0
4549.0
183444.0
341547.0
15933.0
130758.0
122733.0
3.0
5042.0
32874.0
6669.0
779.0
385.0
12471.0
23017.0
135.0
100.0
116405.0
234240.0
6839.0
2.0
22093.0
22879.0
3451.0
9492.0
19129.0
127598.0
121840.0
0.0
53168.0
7081.0
15021.0
140751.0
2.0
231240.0
13080.0
13.0
3617.0
196246.0
0.0
26755.0
23759.0
9.0
18707.0
60.0
6.0
151139.0
17612.0
0.0
6.0
199.0
237.0
293.0
21493.0
1833.0
6713.0
496.0
13820.0
7637.0
7088.0
163571.0
12443.0
37173.0
3114.0
208593.0
0.0
145396.0
2.0
152601.0
5007.0
38995.0
0.0
124274.0
7628.0
3075.0
189571.0
2765.0
296404.0
945.0
27534.0
17970.0
37.0
282695.0
325356.0
12393.0
94543.0
100510.0
2874.0
11670.0
320919.0
194843.0
42679.0
3409.0
1.0
17012.0
2.0
26184.0
15222.0
10506.0
81815.0
21041.0
0.0
15127.0
2.0
2.0
25089.0
0.0
7083.0
242346.0
1033.0
297756.0
34283.0
2.0
2.0
10298.0
25795.0
303972.0
50375.0
48708.0
242036.0
22772.0
136779.0
102951.0
11424.0
16217.0
178.0
30211.0
61102.0
12276.0
10968.0
413437.0
338654.0
159.0
1.0
6323.0
18754.0
22803.0
17659.0
22741.0
18347.0
7.0
304331.0
252573.0
4414.0
90888.0
19867.0
18435.0
307.0
219583.0
5533.0
206108.0
200289.0
2.0
334466.0
44.0
3640.0
6576.0
40799.0
5746.0
61871.0
24778.0
32326.0
24299.0
282.0
7253.0
294776.0
1.0
8.0
45073.0
68457.0
25982.0
11763.0
20099.0
4801.0
0.0
289609.0
117.0
7.0
65663.0
74.0
26830.0
151731.0
35330.0
403488.0
2933.0
164199.0
4407.0
200338.0
1167.0
278908.0
385.0
16392.0
82688.0
385.0
107188.0
147470.0
141168.0
4476.0
49888.0
3270.0
2148.0
48924.0
2.0
385.0
117681.0
9344.0
64279.0
3.0
10076.0
2651.0
75338.0
22241.0
94092.0
20216.0
237.0
2924.0
21097.0
21742.0
9579.0
334097.0
281250.0
80878.0
34373.0
5652.0
53788.0
21572.0
5800.0
26739.0
0.0
762.0
787.0
2.0
269299.0
14119.0
199542.0
1.0
134620.0
0.0
18376.0
16046.0
40449.0
0.0
7362.0
165986.0
1018.0
210698.0
202732.0
352527.0
49259.0
385.0
15383.0
761.0
135038.0
26717.0
289310.0
14512.0
0.0
53374.0
35536.0
2956.0
53181.0
0.0
5.0
1645.0
2.0
145.0
3755.0
0.0
15249.0
43.0
89491.0
10115.0
17336.0
40878.0
1.0
4518.0
23364.0
1576.0
27860.0
8618.0
152819.0
6784.0
260836.0
20090.0
79074.0
4047.0
51186.0
23193.0
145150.0
1954.0
19569.0
8033.0
0.0
9354.0
73.0
25475.0
5.0
22105.0
21290.0
12635.0
0.0
20463.0
0.0
17778.0
221817.0
17543.0
66034.0
93486.0
0.0
0.0
246390.0
7560.0
28752.0
727.0
996.0
28277.0
138.0
326288.0
245644.0
179373.0
53206.0
60868.0
291741.0
12878.0
718.0
161740.0
2422.0
28479.0
321428.0
26152.0
14042.0
5.0
127437.0
1294.0
12655.0
7449.0
15568.0
22491.0
223.0
152.0
3.0
317.0
270703.0
1054.0
149158.0
4480.0
22489.0
4419.0
22951.0
355614.0
7059.0
24529.0
90183.0
2.0
12999.0
5.0
48426.0
20791.0
3346.0
7.0
1432.0
297942.0
5147.0
11821.0
106913.0
5.0
2.0
576.0
78948.0
37.0
3176.0
212406.0
3858.0
63822.0
1316.0
274137.0
5118.0
7019.0
124486.0
5.0
175705.0
76767.0
284879.0
30328.0
1.0
20148.0
60686.0
10656.0
441.0
1411.0
21689.0
78851.0
146356.0
11581.0
343346.0
21925.0
32094.0
69958.0
66.0
44606.0
114433.0
29446.0
73963.0
209.0
29.0
0.0
1.0
15136.0
98140.0
13011.0
23403.0
2.0
4803.0
9042.0
1707.0
267.0
558.0
210477.0
1186.0
988.0
1462.0
1496.0
385.0
1092.0
1342.0
48206.0
23716.0
50111.0
6822.0
26588.0
78896.0
19516.0
7803.0
0.0
166613.0
336466.0
106839.0
1041.0
22541.0
78.0
206447.0
359.0
83.0
25446.0
2223.0
21791.0
51976.0
8015.0
57.0
66537.0
1841.0
0.0
13512.0
12632.0
14021.0
718.0
24905.0
27719.0
11969.0
906.0
5.0
37145.0
21580.0
25167.0
14681.0
321214.0
26467.0
42290.0
22.0
7151.0
75891.0
80.0
2.0
7636.0
169136.0
1703.0
44924.0
5360.0
30093.0
4694.0
24332.0
198171.0
290.0
296526.0
1.0
28.0
21742.0
247514.0
1034.0
4820.0
24.0
643.0
19701.0
106988.0
0.0
353.0
63779.0
193916.0
113.0
17809.0
18049.0
125177.0
54007.0
54514.0
130028.0
66257.0
116127.0
90962.0
5670.0
421.0
24248.0
281006.0
1222.0
61102.0
17926.0
1046.0
1.0
11271.0
417.0
983.0
4346.0
274137.0
1.0
3279.0
1066.0
21563.0
1638.0
300816.0
320379.0
0.0
131313.0
25827.0
306667.0
2.0
6.0
44469.0
1.0
9731.0
72790.0
3772.0
22571.0
236446.0
160892.0
87849.0
14077.0
4292.0
6.0
139316.0
21886.0
21257.0
642.0
218951.0
22682.0
194291.0
10179.0
0.0
14054.0
22219.0
2.0
54580.0
5908.0
169424.0
21742.0
16085.0
23787.0
49.0
192390.0
25308.0
28303.0
280.0
268895.0
2.0
25412.0
365873.0
337484.0
1317.0
173962.0
75830.0
21.0
0.0
385.0
241043.0
230233.0
24140.0
277337.0
272786.0
62118.0
7.0
1927.0
21828.0
0.0
10734.0
193.0
23602.0
21195.0
7359.0
5.0
53158.0
4881.0
25676.0
3606.0
29515.0
1362.0
223768.0
4576.0
24653.0
6592.0
41705.0
0.0
7628.0
385.0
254408.0
385.0
0.0
1.0
5502.0
0.0
15033.0
219034.0
101231.0
146.0
64255.0
5232.0
7.0
17139.0
245428.0
13157.0
28937.0
693.0
19196.0
23231.0
2806.0
144979.0
56963.0
121646.0
78.0
96319.0
0.0
4761.0
7980.0
1829.0
65332.0
0.0
8918.0
351533.0
318878.0
245430.0
9593.0
3145.0
2.0
385.0
13855.0
385.0
0.0
2054.0
1358.0
140.0
23940.0
247861.0
87646.0
69.0
207990.0
419915.0
27193.0
287215.0
4608.0
25966.0
388.0
746.0
2197.0
642.0
253104.0
209176.0
60749.0
9839.0
210619.0
18565.0
113616.0
90776.0
704.0
48300.0
173.0
5540.0
25802.0
125.0
21960.0
385.0
52183.0
182.0
0.0
244.0
22723.0
6783.0
105137.0
280000.0
151532.0
230114.0
48512.0
2698.0
1464.0
17276.0
43415.0
7958.0
121181.0
3617.0
168226.0
32948.0
6614.0
100829.0
1.0
35819.0
9515.0
167016.0
20739.0
24285.0
0.0
212913.0
15167.0
6356.0
18041.0
12029.0
779.0
0.0
5207.0
385.0
25772.0
7333.0
2487.0
1023.0
4842.0
8.0
230055.0
840.0
14403.0
30629.0
128.0
1722.0
0.0
0.0
5.0
239733.0
41216.0
565.0
14352.0
8070.0
12329.0
2742.0
1.0
259815.0
17133.0
104482.0
54933.0
1969.0
2485.0
52892.0
3760.0
28.0
20746.0
193527.0
13248.0
292983.0
76111.0
153.0
24510.0
155790.0
23048.0
323344.0
25668.0
18651.0
242.0
72439.0
14990.0
0.0
238173.0
67064.0
15688.0
212373.0
0.0
1.0
0.0
1.0
21357.0
126095.0
112075.0
876.0
181.0
19486.0
3173.0
397594.0
0.0
4063.0
137438.0
5.0
0.0
1079.0
32872.0
339060.0
25932.0
17450.0
73521.0
20495.0
7215.0
24203.0
2117.0
12560.0
12390.0
1.0
0.0
4522.0
1251.0
162988.0
19635.0
206014.0
0.0
22980.0
10239.0
385.0
0.0
55094.0
65016.0
5535.0
7445.0
2.0
236225.0
12711.0
98.0
81732.0
149.0
99341.0
12039.0
75607.0
4273.0
5852.0
26811.0
59670.0
3675.0
27.0
144689.0
7063.0
42471.0
0.0
148.0
101971.0
157620.0
170061.0
113717.0
34144.0
5.0
0.0
17538.0
25543.0
4135.0
344897.0
12817.0
460.0
298123.0
12479.0
177962.0
259893.0
286.0
23932.0
10745.0
219.0
14152.0
1721.0
0.0
341584.0
28186.0
14421.0
75391.0
16100.0
111.0
5836.0
2.0
0.0
14356.0
70947.0
154100.0
0.0
344593.0
15361.0
59922.0
38833.0
183.0
21232.0
25.0
35363.0
47.0
5232.0
41152.0
75295.0
14490.0
39801.0
14592.0
16728.0
26612.0
1004.0
9232.0
385.0
8665.0
74373.0
264183.0
194399.0
5519.0
60.0
342665.0
15058.0
67570.0
101435.0
12875.0
2.0
28259.0
22434.0
11637.0
422.0
287007.0
14493.0
179490.0
5807.0
2.0
5258.0
2936.0
4873.0
7057.0
0.0
8284.0
13529.0
331431.0
15685.0
10936.0
1337.0
5287.0
367848.0
108127.0
23373.0
102588.0
343.0
5.0
24389.0
0.0
23565.0
243.0
18802.0
7630.0
0.0
9915.0
94945.0
14227.0
28870.0
16982.0
40028.0
27.0
1847.0
2.0
46582.0
8914.0
0.0
127630.0
0.0
5539.0
10216.0
22.0
20006.0
1.0
5.0
25778.0
82639.0
83915.0
58208.0
4402.0
1.0
20034.0
29318.0
14002.0
23055.0
4111.0
14374.0
14841.0
6807.0
27321.0
0.0
206438.0
11255.0
247169.0
164.0
20676.0
52.0
284926.0
9804.0
104991.0
358.0
3312.0
88121.0
5272.0
333097.0
38248.0
9822.0
23275.0
316593.0
239854.0
21943.0
8886.0
39307.0
354104.0
205358.0
124403.0
19.0
4263.0
10711.0
781.0
384.0
3165.0
5.0
75220.0
2.0
1962.0
8755.0
38003.0
47199.0
1.0
180279.0
140091.0
303999.0
28937.0
177.0
106333.0
216258.0
6804.0
24617.0
275095.0
342.0
114764.0
130758.0
11595.0
0.0
212953.0
85620.0
8.0
160553.0
1680.0
17526.0
103818.0
59100.0
143215.0
212067.0
54756.0
213649.0
22383.0
385.0
0.0
248214.0
3498.0
219.0
0.0
0.0
418.0
510.0
506.0
25731.0
348663.0
4.0
296222.0
28504.0
300514.0
12711.0
25100.0
187402.0
303072.0
35436.0
62691.0
24266.0
128.0
2.0
7300.0
32755.0
7881.0
21026.0
8950.0
38995.0
354.0
78391.0
709.0
67500.0
0.0
165579.0
24825.0
342248.0
56852.0
22974.0
20928.0
6.0
2.0
14230.0
17.0
316331.0
256577.0
27261.0
1179.0
88354.0
0.0
871.0
6701.0
7674.0
163508.0
261923.0
15367.0
17434.0
112733.0
306676.0
45400.0
66.0
152926.0
70914.0
23766.0
402.0
19298.0
167211.0
23311.0
22208.0
8183.0
1.0
793.0
180043.0
8569.0
2873.0
236873.0
343122.0
0.0
23759.0
6370.0
0.0
12992.0
5671.0
16257.0
13255.0
264522.0
81075.0
110063.0
114975.0
2109.0
251031.0
186357.0
0.0
398.0
7715.0
167649.0
110927.0
118709.0
6263.0
225416.0
19073.0
4540.0
7.0
192.0
25.0
22613.0
26219.0
18123.0
3.0
2547.0
9122.0
22153.0
304163.0
21079.0
0.0
14296.0
238176.0
81470.0
2358.0
214931.0
9917.0
135.0
301587.0
26409.0
28985.0
34827.0
2.0
48068.0
348564.0
4604.0
2.0
22489.0
75090.0
0.0
30357.0
205.0
9693.0
2.0
13.0
40.0
76070.0
81243.0
269299.0
151.0
2512.0
98016.0
252765.0
9716.0
7252.0
16860.0
5.0
326.0
419904.0
0.0
50142.0
15878.0
0.0
2100.0
162011.0
1786.0
14869.0
140842.0
4388.0
194172.0
0.0
4619.0
45533.0
0.0
2340.0
25394.0
46698.0
22711.0
326.0
97339.0
16933.0
20725.0
68457.0
1.0
147.0
254548.0
32862.0
15077.0
5.0
0.0
555.0
28585.0
549.0
11209.0
76183.0
187312.0
13731.0
69092.0
125042.0
90145.0
3617.0
2628.0
0.0
0.0
16641.0
90439.0
5502.0
0.0
4094.0
27367.0
1027.0
8486.0
18340.0
1.0
8964.0
4508.0
128578.0
20720.0
23863.0
25614.0
26562.0
179057.0
2.0
1257.0
0.0
11916.0
2784.0
17358.0
302650.0
62009.0
6077.0
10578.0
21445.0
10532.0
66575.0
5358.0
21260.0
19095.0
118007.0
93024.0
93884.0
9492.0
29967.0
1526.0
1299.0
1570.0
31807.0
2.0
4416.0
190245.0
1809.0
15033.0
48955.0
43196.0
2.0
108320.0
17029.0
1042.0
23380.0
5483.0
249310.0
11667.0
130.0
19370.0
172230.0
6211.0
123308.0
171.0
2.0
301585.0
15080.0
351017.0
13210.0
0.0
961.0
19024.0
1587.0
54460.0
4884.0
38727.0
6.0
297757.0
21664.0
34311.0
2.0
29629.0
12013.0
9.0
92180.0
1.0
24061.0
767.0
14649.0
241175.0
749.0
54481.0
24762.0
2231.0
2.0
8842.0
4221.0
11915.0
0.0
7.0
8015.0
171168.0
75.0
73608.0
304292.0
385.0
20448.0
114105.0
0.0
862.0
163965.0
186197.0
124.0
27840.0
1885.0
9516.0
12.0
93.0
18616.0
129208.0
22200.0
5502.0
16707.0
24378.0
3233.0
2.0
109.0
106402.0
1.0
3893.0
16441.0
0.0
53434.0
130.0
0.0
28255.0
170.0
10418.0
268345.0
27242.0
8654.0
1.0
3310.0
241744.0
196439.0
4094.0
27331.0
149.0
0.0
222077.0
0.0
26401.0
5172.0
66076.0
49259.0
64.0
6903.0
4454.0
22561.0
15200.0
82806.0
26476.0
356499.0
106154.0
80039.0
15268.0
3154.0
1.0
238358.0
101193.0
1104.0
37690.0
235259.0
385.0
64279.0
94022.0
135045.0
326710.0
413448.0
95309.0
140295.0
5133.0
0.0
158187.0
45813.0
129781.0
0.0
140286.0
32002.0
1207.0
133198.0
3.0
81689.0
3300.0
2881.0
267235.0
148399.0
2504.0
18778.0
93821.0
21930.0
121476.0
52142.0
2.0
152.0
7357.0
6.0
6536.0
13609.0
918.0
284673.0
0.0
1.0
5.0
2.0
23552.0
15147.0
48118.0
269889.0
245514.0
3060.0
30649.0
130761.0
385.0
309.0
290.0
73213.0
15061.0
2566.0
277.0
65299.0
36799.0
1170.0
2.0
175224.0
0.0
44030.0
0.0
13725.0
20582.0
98661.0
4088.0
13895.0
21260.0
24668.0
3610.0
1.0
2.0
2.0
22833.0
9780.0
7481.0
130761.0
0.0
501.0
16588.0
4063.0
4742.0
21663.0
86669.0
0.0
0.0
7630.0
1898.0
143.0
3988.0
70083.0
75685.0
440.0
1.0
29302.0
1936.0
42633.0
44872.0
11637.0
5.0
17276.0
121.0
67777.0
11731.0
24413.0
187007.0
12420.0
16335.0
13615.0
949.0
327400.0
244.0
212119.0
147756.0
20346.0
213.0
17080.0
2.0
69717.0
0.0
366717.0
13600.0
14985.0
27556.0
7572.0
7867.0
2111.0
23160.0
3487.0
56340.0
159226.0
183243.0
205407.0
19464.0
0.0
103359.0
2.0
6.0
3465.0
4264.0
29615.0
0.0
8895.0
23360.0
0.0
930.0
21363.0
24977.0
2.0
740.0
313.0
341462.0
11063.0
3584.0
8289.0
1547.0
11025.0
153596.0
1817.0
232560.0
0.0
312612.0
5.0
951.0
12104.0
4106.0
24380.0
865.0
5.0
731.0
32813.0
7271.0
18279.0
2.0
136429.0
16148.0
2893.0
79412.0
291754.0
2001.0
15967.0
187.0
89566.0
24536.0
0.0
21003.0
113716.0
8101.0
51656.0
136.0
72039.0
57639.0
2700.0
251.0
13790.0
21911.0
18601.0
11876.0
54.0
2740.0
290721.0
47289.0
0.0
607.0
55.0
38024.0
0.0
5974.0
9799.0
0.0
22811.0
27032.0
2.0
5406.0
216967.0
394.0
888.0
28872.0
28452.0
1026.0
97051.0
0.0
0.0
13383.0
435.0
24586.0
17056.0
22.0
44552.0
520.0
17967.0
4533.0
21941.0
56303.0
101099.0
196918.0
3654.0
0.0
17.0
5772.0
0.0
12237.0
770.0
52596.0
8542.0
378.0
58959.0
18571.0
22400.0
30965.0
29071.0
41473.0
2390.0
323925.0
197275.0
8247.0
91271.0
24333.0
43344.0
4667.0
13698.0
3761.0
71058.0
67266.0
2974.0
7.0
385.0
81257.0
295002.0
24371.0
0.0
6.0
1705.0
1.0
320996.0
396.0
892.0
10160.0
5.0
5040.0
27009.0
126785.0
0.0
404.0
140222.0
65192.0
4719.0
2662.0
74815.0
20572.0
174.0
9898.0
18784.0
0.0
11753.0
28445.0
1.0
33877.0
211461.0
7635.0
468.0
3894.0
320.0
4279.0
11015.0
87985.0
170657.0
17406.0
2554.0
100539.0
4860.0
12061.0
0.0
0.0
166608.0
5428.0
1389.0
2.0
26755.0
279.0
5.0
4784.0
11417.0
22613.0
29483.0
106988.0
5505.0
23737.0
714.0
2.0
24830.0
119585.0
227817.0
12420.0
70342.0
21260.0
42679.0
123678.0
200576.0
