0.0
0.6348488145756467
0.0
0.5463896752253083
0.49016949475244737
0.7046088880186872
0.8305377632109548
0.5568197920651499
0.5386880351984777
0.6624667296692626
0.7175292970278845
0.5277451752604628
0.5628212192336959
0.2013356373344576
0.6747460879549031
0.6913642628876239
0.8090179875504974
0.7700813551524686
0.8143714930519925
0.35638173590700933
0.0
0.703102254805727
0.6880365744227995
0.7926728939949779
0.8376423363606111
0.6819381630926851
0.0
0.6668743004954587
0.6455375612766054
0.6752586161476228
0.0
0.5655846593882451
0.6630775032261591
0.6284629929582266
0.6715022970578428
0.7431410116141014
0.6712134610355784
0.6490367934770807
0.4802808939696978
0.8372520677997422
0.474214078433667
0.12868391285320918
0.5493760195391206
0.0
0.19114158358599237
0.5458757054140007
0.47661000959638683
0.5217086980194953
0.7381193070477369
0.644747865926682
0.6308990034561159
0.542596711925921
0.8233499157848979
0.7478698085910822
0.8200449088027568
0.8405705657687015
0.0
0.7610068366925626
0.7793843730131145
0.5137645554092669
0.748822199486801
0.618744926809425
0.6635377152236241
0.5493107377475359
0.6686147117658608
0.771069605720732
0.556761463109214
0.6381128591138822
0.8377646965449278
0.7468162239558517
0.6739226516473404
0.5211111296506681
0.0
0.8230326829926521
0.6792653184175748
0.753582338926775
0.5875249470889137
0.0
0.7572729363364231
0.681488324355844
0.4362722107151997
0.6510444600995914
0.7987239852354504
0.38795216961123974
0.0458381346234955
0.33394924769452056
0.6873739451785109
0.7082355026161048
0.6780459488611049
0.7517543771924285
0.0
0.6760008070522001
0.6169845867580765
0.6274789203125588
0.8417094349284243
0.7925050621604026
0.5278356100772982
0.524783960894568
0.8238136722743147
0.47582097175550186
0.8251600443798438
0.7036710745574842
0.4241249237188177
0.7833637045492918
0.10643285259952334
0.5669367573333216
0.6338559817545593
0.5642564610323098
0.6702056055087348
0.5376834049007049
0.501819255770988
0.8034579959400034
0.0458381346234955
0.8382020453617164
0.6499805818170322
0.6617429803650556
0.6224234924501773
0.6490657013839964
0.11848985910474394
0.6652284635778567
0.7744502627746831
0.6524734633707422
0.4962687870682425
0.6732494227968047
0.6897184171644758
0.7148681979451406
0.8129984309927867
0.7448833665519665
0.25736782570641836
0.7707456522386694
0.4357286697141453
0.47724424230249995
0.0
0.6711565768481051
0.7030543654202573
0.5516527350133208
0.6470259030222957
0.8339385111303496
0.6783807402078786
0.6629985379939194
0.6777679961873266
0.834445848217722
0.49781640018843565
0.8335276888096012
0.46859384898605205
0.3635302057427899
0.0
0.6609569182213834
0.11848985910474394
0.6894286370849021
0.5495552128855057
0.6534577328553549
0.0
0.5102930213027389
0.3892507054325067
0.6221960909751431
0.5383612745738894
0.8036888533398365
0.39369065770860595
0.8426004222652749
0.3721571138917271
0.6203983447081327
0.6354196771397689
0.3218922411893
0.3516896657140079
0.829506925096826
0.5955963886556235
0.5806469310331903
0.7018603546189331
0.5637071147405424
0.44433136012895186
0.3908836390025588
0.7451965128467765
0.5773003466867088
0.5636019579710104
0.6347726248317589
0.6529997756694225
0.8284175589964229
0.6224180872068457
0.6365380961118026
0.7975316958720257
0.7091563379260811
0.6129747197183236
0.6763771689899647
0.6329264541608611
0.773382728553202
0.6692141259247228
0.6634505791654643
0.6959130702670885
0.6472639297551905
0.0
0.7954038785689459
0.6297527168287007
0.604639404064184
0.10643285259952334
0.0
0.0
0.559350657525482
0.6824896545830867
0.7590564341326886
0.47272331726067646
0.7097982806512184
0.5497663627255971
0.6063774830974681
0.6655079779015947
0.7431671363640481
0.6151036911794676
0.7602264346338158
0.5459272825252891
0.6929608393569804
0.0458381346234955
0.0
0.7539206369864025
0.6478111071670185
0.7092058280517218
0.599209852552659
0.21795517344374532
0.4326566116216348
0.0
0.6501549418430176
0.6036560865147762
0.7292475900390685
0.4248794765610848
0.6762647245902188
0.746007991069507
0.6221146862836792
0.8389154522583994
0.5529789769873732
0.8006320846651706
0.49131755293962337
0.5656994581528333
0.6059905521877058
0.5817258538133573
0.4760685589017034
0.43645240278719016
0.7666333407683268
0.12868391285320918
0.7459971476192438
0.45376805531898173
0.6063637030495946
0.0
0.7823167197679587
0.4192908107782029
0.8307263591860107
0.5481245095380419
0.8186285706058981
0.6964622707914218
0.6592695603019608
0.0458381346234955
0.0
0.6676534767704563
0.6006903618527748
0.5612042572733108
0.26001339646701693
0.5906388064345355
0.0
0.8301708646101602
0.7907253186327892
0.16432799372823945
0.6115312202926326
0.662052432751933
0.8373782937944242
0.7171290862345037
0.24872985432876354
0.40221987053050484
0.5964264045841273
0.6609206906288745
0.7774962405574992
0.6023438018971001
0.49834785589770764
0.669942661029091
0.6839637828654443
0.0458381346234955
0.0
0.6572226180522366
0.6367168684113383
0.528106174857742
0.8321156625829826
0.5178032767340913
0.3828926687170052
0.7558178669387741
0.0
0.5755777918539776
0.8350090573638991
0.746951207620058
0.0458381346234955
0.7663316415835653
0.6392792261155237
0.0458381346234955
0.10643285259952334
0.0
0.39351866684571696
0.6290474613541218
0.6406924388036701
0.7600567000345622
0.6280671492053898
0.3742641028932711
0.8019340516962431
0.7952440332012166
0.39106261191154035
0.5485883522678624
0.8131892619732706
0.5408199387704115
0.3286559874564789
0.7310611810484341
0.6579372740857987
0.556278276008058
0.49209786228213503
0.0458381346234955
0.8172735660853522
0.6773783019599718
0.3952187720309957
0.4340707164549075
0.55341009669497
0.5589002142377159
0.7790719709421017
0.7746604192619672
0.8051126261192727
0.7417627673242043
0.0
0.5643085425073426
0.8038152908395823
0.10643285259952334
0.0
0.6456175370668016
0.45628179054421575
0.6586786616467684
0.75903589013305
0.5090741293321088
0.34522447728804484
0.5878995213347765
0.5384960186596666
0.7535972129047518
0.7406814302249526
0.6693657921799387
0.39555361046536125
0.6766086323616302
0.6123482424156105
0.5627812733251996
0.37403328084565
0.10643285259952334
0.6758250785461283
0.0458381346234955
0.5439562172461928
0.7809944364462753
0.39369065770860595
0.8285079301360971
0.0
0.511287043237705
0.0458381346234955
0.79674796174918
0.5438144204628282
0.8072357111284725
0.8420690669343976
0.7564241227417957
0.6635841408844347
0.5461160551835246
0.6531765497105428
0.34117064595778424
0.4490321823666332
0.5593085585641632
0.6544242358731712
0.589785498472593
0.6800342593432798
0.6260822807477343
0.6154409385338372
0.6460197547198337
0.6382321282338856
0.6067827080784376
0.7468022159732738
0.0
0.5710348593605903
0.7180735941515407
0.654157176653066
0.10643285259952334
0.8503295619059356
0.7511220744514844
0.5561311559262344
0.6792836218911222
0.6541872747114653
0.7518888151147074
0.10643285259952334
0.0
0.8034307008308659
0.6743676931785828
0.8407019754397821
0.4153253998992521
0.7442774232611813
0.5112580195595982
0.649730695880546
0.6761161006153361
0.80627344449427
0.5945089746774115
0.48739666529762
0.8332722975864405
0.8170642824379504
0.6729857494254863
0.6553472552054604
0.7961743192874671
0.4075827784311243
0.0
0.0
0.6750784638766104
0.0
0.664862466205166
0.3968762635450714
0.0
0.5789165853910709
0.42812130179548025
0.8342155230746834
0.7130441582454116
0.7109731636029879
0.0
0.3143570561000313
0.6233146940055007
0.6449442531164448
0.5709171894905671
0.5888941188964758
0.5689811761253486
0.0
0.8280430147930994
0.8344732145199687
0.6076804202734003
0.655412929225958
0.8004628085221299
0.5676582780481781
0.10643285259952334
0.720607494362912
0.0
0.3943741826517296
0.10643285259952334
0.780113930652065
0.8146145867765682
0.5983598350720957
0.5744374880005684
0.0
0.8245990162221407
0.58017762936026
0.6187277819838082
0.1453034489624969
0.7743916465900704
0.3102409442357567
0.0
0.19471707323207757
0.39369065770860595
0.4250934911475636
0.6739895991094849
0.6107362348837175
0.6704910291039698
0.6306846883192978
0.7411031555340049
0.710120517979893
0.7510525601964302
0.0
0.0
0.6466410206645644
0.6246555073511163
0.8218268019347409
0.6766372107758627
0.5194394168621727
0.7809157676593803
0.5451667566894116
0.7685914742377474
0.5571541888068314
0.8384382988076091
0.6608572445477758
0.0
0.8077052464704637
0.6351304018564845
0.642540241308768
0.7684971584965137
0.35846241605901474
0.0
0.0458381346234955
0.3551627069282869
0.0
0.0458381346234955
0.4993633818299253
0.6780156410625957
0.4171573854582957
0.0458381346234955
0.6421723824876518
0.619872386926493
0.8114271316086723
0.7971475333894016
0.7752794110753448
0.837145573968358
0.7549842788068584
0.8308117809602135
0.7400227594883534
0.7667955538258906
0.6500055185559025
0.7665960853803551
0.7191889797088733
0.8161413756064176
0.45243910679926447
0.639817400740507
0.16962125396628114
0.6418588912562759
0.8039244663612007
0.10643285259952334
0.47214894732979157
0.7301038738266018
0.8403598457306295
0.49852406290178636
0.8422479575707051
0.6406596278630293
0.6009002523697247
0.5982352809220228
0.10643285259952334
0.8409272957390449
0.7303822781214797
0.8205299117302512
0.8057074191411774
0.0
0.589028594201077
0.21286570519904668
0.8085998066062906
0.0
0.5861455400423733
0.6201806356919641
0.6445122029099543
0.7769782081656944
0.0458381346234955
0.8140053178408156
0.0
0.6546205033539803
0.5279033551228384
0.5768927286757735
0.0
0.5780341326210838
0.0
0.7343897338654545
0.4019172134827477
0.6207706924389038
0.0
0.6753290827279577
0.6053849003827307
0.7792896475572397
0.38869730932022606
0.0
0.6385378361532251
0.7145294134777035
0.4741123392605156
0.5485883522678624
0.8092539804908419
0.6559945724661919
0.8344598611792529
0.6967878594827639
0.39369065770860595
0.4681496461437357
0.5659157580362079
0.5859018618064612
0.6450978752297936
0.3881392431433621
0.6058726416586361
0.7025124015224438
0.23122561673712183
0.5450971823016107
0.5094332095781812
0.7610852359727637
0.6568607673663924
0.5819355541687045
0.7599500565030587
0.6578677362775986
0.665859220784223
0.8390389543612823
0.6472676421334163
0.8184461339804137
0.6558056095791572
0.6725515427458935
0.39369065770860595
0.6061912097348706
0.8035782401449908
0.8381387083587636
0.5855346525578574
0.545617214728513
0.8229720227634302
0.0
0.6741999181915159
0.6338878025591969
0.49848885904175627
0.5700279275542091
0.8101542177975439
0.6550278076779853
0.783316278128704
0.33479168519543673
0.7989696960202102
0.5781609205484111
0.0
0.0
0.5000891479017937
0.45520647498978084
0.5582330128871182
0.780126378830442
0.7234115707460236
0.7823513901856545
0.22036018210020017
0.5489997661212719
0.7805259628007435
0.8042992952624182
0.10643285259952334
0.654806253848392
0.38757642741002646
0.602087012787324
0.0
0.5662578456151355
0.7192190009095348
0.0
0.6768155465980455
0.5369000916321623
0.12868391285320918
0.7623720953067683
0.6533291467696496
0.6090508753982603
0.7540027246135387
0.634232303589321
0.8123578113621404
0.7526128118896573
0.6658872397870592
0.48879761194657784
0.6678984953890411
0.6570595500172464
0.6709051841678042
0.0
0.0
0.0458381346234955
0.7315455866865366
0.3826901250686113
0.6583780824089424
0.6001097041953324
0.7854799699487433
0.6379378260282776
0.5671116396213127
0.7102180301531327
0.6611046419283055
0.566648442908558
0.6469438830608791
0.6673637301965921
0.800397614950174
0.0
0.6370036369071871
0.0
0.7700813551524686
0.4255194536477173
0.5809107226820107
0.4760191155726676
0.0
0.46668502777250886
0.8114702277780657
0.6699057652287846
0.5849942674103253
0.4897689456810943
0.0
0.6285862097807285
0.7765701930572473
0.8242394576861803
0.6623722617997917
0.6680559166031805
0.6625168608902129
0.6450595031447521
0.766574088741677
0.7735484711849855
0.10643285259952334
0.6392373236622748
0.0
0.0
0.12868391285320918
0.6013180454078466
0.781374658057367
0.6537646501934591
0.589261038902626
0.6956617555416053
0.6710011889962986
0.6567289853387878
0.6813199519311408
0.6481343224483903
0.42719638532680615
0.6328480158023483
0.6717463069166885
0.6704021300203952
0.0
0.47636444507543063
0.6524528726753486
0.7486004233836365
0.7200750986114566
0.6742468393631016
0.6232453329241844
0.5360076293759428
0.3137844945189874
0.560725098623315
0.782391816046258
0.48428457137885217
0.5532718287748013
0.8164959432391699
0.5616122193907264
0.8273540827748613
0.5478412951886594
0.0458381346234955
0.7881932100665849
0.42225577578200213
0.8292904354115946
0.5084712951712252
0.5940789102084479
0.39369065770860595
0.36540068658305325
0.7944485819944527
0.6579688580244566
0.8417355240964316
0.0
0.6434746270914626
0.0458381346234955
0.5829251050206993
0.0
0.6515056665621364
0.8102597353864759
0.6257181790241999
0.7114685568081568
0.6509532359930665
0.4609775134450811
0.6149828276723618
0.39369065770860595
0.8335414536833502
0.5448705586862417
0.7733032892549845
0.62368693135575
0.6376035517722801
0.5932271108513921
0.10643285259952334
0.12868391285320918
0.1375144038704865
0.6249735054744013
0.4781124882472268
0.6121338809653375
0.7070435817430776
0.8069625354097785
0.5635888016097804
0.6902651378326797
0.7724203032042076
0.8007666841389084
0.0
0.6771353441400453
0.7459170178175422
0.6887481650570769
0.44865919519904063
0.6574012111957099
0.6529861580735947
0.7992961450673091
0.775616070468055
0.7168017167115899
0.6496806051843748
0.0458381346234955
0.7914135134189749
0.6853076823778385
0.6651633564374132
0.7486837767263307
0.0
0.16962125396628114
0.8343641197909507
0.8405581890416379
0.592474803894144
0.5196698813918612
0.8364671011197681
0.716873021985714
0.7811524742589138
0.609196275205896
0.6410767528530427
0.6242361293336146
0.0
0.5848417832395689
0.0
0.5380522532194946
0.7006410760698979
0.5956450259092292
0.5140991115165977
0.6705719801273126
0.6618234582393031
0.615877998004739
0.6498700345166443
0.6145763178261533
0.7933620066034776
0.0458381346234955
0.0
0.5215598113911156
0.5165825355388473
0.0
0.0458381346234955
0.07265172448124844
0.521881976481553
0.642663734247559
0.7399377911932773
0.0
0.24558019004006193
0.0
0.6712625489420612
0.10643285259952334
0.0
0.6174232549488895
0.6692141259247228
0.0458381346234955
0.5246892520355518
0.5745602100846373
0.7056365624821823
0.5762874114105168
0.6690060173425285
0.6619335839092239
0.5909701132687163
0.4687044350477836
0.8072677559573244
0.5380135238189704
0.6781716943221853
0.8413742658450678
0.6907343075517666
0.36076283755227356
0.5418332403126888
0.6759430848057322
0.6536636259613086
0.7681794118394313
0.0458381346234955
0.24394725647000987
0.0
0.7529418253983707
0.832706626051022
0.6340693425798817
0.6472676421334163
0.7003422784103325
0.7527989771362079
0.3291136394525636
0.4332258872992469
0.625620402379751
0.6560173418595225
0.45707695583004426
0.6373711373271815
0.6804266457703291
0.6719485369506447
0.6814993864741857
0.8326357725936985
0.7259447319238125
0.5039606529370267
0.6002610152086164
0.6911351865676709
0.6756029453147241
0.8025526739407741
0.8430889318105803
0.6710607975022299
0.7065031591563886
0.6638591240002354
0.657953067940691
0.6801562837849845
0.6597815325735663
0.6614740112462841
0.5509237555067148
0.4071637879091047
0.7999785522276802
0.0458381346234955
0.5533486799740429
0.8403149760810049
0.49271554756213676
0.6264596455335572
0.6545473869584976
0.10643285259952334
0.0458381346234955
0.7902036833471343
0.6287141122000626
0.3978511772630808
0.682395875712438
0.6851215495244207
0.7625691183695701
0.6703681075868305
0.8360024754793668
0.0458381346234955
0.6696177988509756
0.7565934800876996
0.6641876014845982
0.6854537118209418
0.6474678017096454
0.6424963657412757
0.8009787872310602
0.6943633411320116
0.6514917377643374
0.0
0.5947393945952154
0.4654779195598404
0.766776669767392
0.6043842927124262
0.5717365152745956
0.6671469583375527
0.6630424192077377
0.5090741293321088
0.7874392893802992
0.7050472926230338
0.5869267272670171
0.4525802604270389
0.6757816763681287
0.8303523552886405
0.6506011965697199
0.6784410084193874
0.6071718524028978
0.830522196845771
0.10643285259952334
0.6483063037945519
0.6306894584314292
0.8175995340971987
0.65823042415492
0.44368931188657623
0.0
0.0458381346234955
0.695190423666835
0.6364550862544662
0.691259368066203
0.6927484347215683
0.8440031618790552
0.6218153421469608
0.5707757087102595
0.6650130824505773
0.29221991568417255
0.7363672280194479
0.6091037850516516
0.0
0.5759280946734509
0.6245090273777597
0.5737302037236928
0.7672828422892317
0.6472119345658857
0.603999770871731
0.33479168519543673
0.790738465965967
0.0
0.8382372063914494
0.0
0.8069525804524609
0.21795517344374532
0.6284629929582266
0.5550022169726545
0.7762557908822442
0.6783459450848291
0.5651491677344063
0.665665565430307
0.8097953378132592
0.540279334481277
0.0
0.8260115464105902
0.5358477007623138
0.6795233865638446
0.6705563199189657
0.7039394807135987
0.7048595387188578
0.7099336964975441
0.71859198865377
0.8396439202963024
0.0
0.5185614518841719
0.828397886311532
0.5744263201461967
0.5226439414006793
0.5898032040816693
0.0
0.7171587668964964
0.7303622044948213
0.091676269246991
0.6720021904177486
0.6643512304015312
0.7168885692878909
0.744080213310475
0.8443701688906882
0.33001955018766677
0.5533333168773296
0.7184010738221461
0.5839484394483316
0.7118527111949964
0.5163679132019703
0.6050132027263314
0.8091301490722405
0.6174232549488895
0.5767742635444183
0.839846033717905
0.5988248348750533
0.5296627805056351
0.6164128926667354
0.15227098722301888
0.5713047081052217
0.6491379159142464
0.36540068658305325
0.0
0.0
0.7704535378515794
0.5490817426403908
0.5367225601174745
0.30901627128250625
0.6533291467696496
0.632667716656744
0.6368560629890826
0.5632193567969308
0.6429377805251995
0.7617104220616229
0.7947122678705886
0.3102409442357567
0.6740812319911691
0.6751515577417319
0.711265767306869
0.44614326660798553
0.0
0.6510023723021453
0.5989945188833722
0.5313551875221244
0.44850940929241073
0.0458381346234955
0.622082096328438
0.6795780680755946
0.4894871107665188
0.43591034688749064
0.0
0.6678278054309419
0.5681021909927455
0.5801878670643604
0.0
0.8399242876922742
0.6956867515270285
0.6126183552897173
0.7951171482196919
0.5536704832830511
0.8192189334915013
0.0458381346234955
0.6961403900262407
0.8348706079221452
0.6762311935224233
0.62604135527292
0.7974420913163754
0.5904023914675333
0.6474196704842995
0.7324230153869137
0.608158287287378
0.4984536364313337
0.7702821548025286
0.666317240002632
0.607956792769808
0.6616922588194898
0.3967123713930194
0.503700808007406
0.6639976292248009
0.11848985910474394
0.843627627004063
0.5649818953729069
0.48964830633567974
0.8174295288485778
0.7849113849964354
0.5948461029710731
0.6203983447081327
0.7447032716985407
0.6681046953658352
0.5001578548684987
0.49332751675989694
0.6761113007278723
0.6450287894376086
0.4820200648475338
0.7204088085157586
0.0458381346234955
0.8197108304572231
0.0
0.6373883812515307
0.0458381346234955
0.32034826951342404
0.6025339161022432
0.8040202809436594
0.7430093601045568
0.594747609047683
0.38309459391054845
0.593846173343524
0.6580698253795423
0.7588397162272916
0.6116203792326663
0.6662531965298226
0.4432848430446391
0.0
0.7280919986449115
0.0458381346234955
0.3943741826517296
0.6328480158023483
0.6462124063240946
0.5987939364049175
0.5175662025723833
0.6652312928695552
0.8394702161991587
0.7617104220616229
0.36618640413691955
0.46990883082840545
0.7180519589790295
0.4974597086575271
0.6314624236167348
0.0458381346234955
0.10643285259952334
0.6513732243822513
0.414703283838928
0.8430591422371533
0.7094918529457684
0.5128073504118058
0.6916286214779129
0.6647400155585438
0.8121302023926373
0.5593085585641632
0.5022531184645095
0.5044772997015959
0.742619849173503
0.30387734121837023
0.8324329148380277
0.0458381346234955
0.6395300847946866
0.47272331726067646
0.5033418458901304
0.7641676314901038
0.5314194230293653
0.0
0.5144596474666776
0.6500873874114546
0.6723435293456673
0.4752229530652652
0.38700878058127974
0.5064420287159838
0.5015844530152923
0.7790016158934563
0.6819733154919206
0.0458381346234955
0.6557043903165665
0.6350545360289795
0.0
0.6589623298987828
0.0
0.6347546850691518
0.8095437238128448
0.5884077309406834
0.6159137925655614
0.5919456209117044
0.6569954918444602
0.6165193543739327
0.0
0.4573399003096881
0.8262848690272732
0.6487470172583426
0.0458381346234955
0.701676362556626
0.6297575546391205
0.5132595261872297
0.5791353708509058
0.6230582291469172
0.6670864647828517
0.7313053899738784
0.4213575555283014
0.4044466953817793
0.3396326592087874
0.642240510702724
0.0
0.5548372095274993
0.7426689926551
0.0
0.6654431455041421
0.505719970586645
0.5451841388552378
0.8127015655998904
0.6324544223561993
0.15227098722301888
0.6255431080441837
0.501618047351552
0.34698806045509645
0.7974692918561909
0.8266056525173892
0.0458381346234955
0.7893504531139816
0.6698793984769085
0.35990952959033096
0.5885973071321592
0.6465209880516805
0.8160263309104613
0.6162825396195017
0.6339650179697061
0.7694231962076126
0.667067205223042
0.5927716768011891
0.6690060173425285
0.6029778195483728
0.3445056609770473
0.7040386728638772
0.6368343331398729
0.6806376599774578
0.0
0.6248329407974569
0.8281139006275515
0.5209107341957897
0.8081545279605329
0.3687400206076083
0.6779386434413484
0.6737189132513152
0.33135556430379065
0.5138762622762085
0.8342363950541088
0.6532478054930907
0.7800656095241794
0.6615727603238274
0.6664923464753879
0.679511988888922
0.8319466859980845
0.6464157804961872
0.6381128591138822
0.5454616339364432
0.7269726028535012
0.6537781084381263
0.5769572566849638
0.5471363446351416
0.10643285259952334
0.6471636166857784
0.786449015083005
0.21795517344374532
0.6387028397595544
0.7274877824837563
0.7491021585086856
0.7723979228972087
0.8045743853122646
0.5040254549505462
0.6369819555032668
0.7297923258747712
0.0
0.7225633845103798
0.299027911166455
0.0
0.0
0.47395943641897575
0.7199676085765451
0.6442912315977635
0.8280309518154653
0.5276772678957707
0.6390021779975213
0.27076084632776276
0.6407948681935992
0.7775324962873026
0.7903834199900331
0.5632325868558936
0.6447015722954565
0.4997445382136576
0.4536987724949339
0.6570691533935256
0.8316003456465021
0.5862577047892713
0.41544912388202965
0.5820252225885513
0.10643285259952334
0.6335871676794448
0.6836647235363863
0.65450747118876
0.7567496440761063
0.0
0.6518078943414483
0.6975280813240055
0.7144958423351223
0.6520017036267182
0.6528873465532584
0.6721960018383787
0.0
0.5577748654854748
0.7907579700963232
0.7189508296143875
0.571585120325394
0.44038210029404395
0.39212639543185335
0.6332025541353927
0.07265172448124844
0.6716205616363348
0.0
0.6653471897309405
0.7669172570109278
0.65823042415492
0.591126470637115
0.5436011535770899
0.7634302670922809
0.657687229251997
0.571339824726724
0.7647091803740151
0.5060034547290415
0.6503182094590756
0.449106528017527
0.6355527632170969
0.091676269246991
0.7321294302821053
0.5809512127794061
0.4002273771848152
0.636060459671975
0.42303183355078167
0.49720887489891047
0.4753729654914187
0.6343632863207767
0.5558359302149127
0.10643285259952334
0.617434913027281
0.0458381346234955
0.725059961977022
0.6917783987960171
0.6690727901520799
0.5684698556694314
0.7513794126860022
0.7532669681168405
0.6461595774315237
0.7425785755450479
0.602079661283842
0.8247003379581702
0.6783830592319353
0.7932134840627829
0.6643856270645259
0.2661983167236957
0.7275363234538094
0.6361790951070433
0.5760371848491377
0.7339708318133091
0.8081447508456528
0.6383341879794414
0.6684693937179141
0.7753827286317206
0.42760905717768555
0.42147050252331497
0.4675339540581533
0.8270288345768291
0.8097094507955956
0.0
0.5937044681602189
0.39369065770860595
0.7124178607678179
0.34971547584186574
0.6282950487924357
0.6252226628787344
0.6417056247152879
0.8151421047886805
0.64799494596412
0.6783923345150257
0.8338897268136021
0.5558359302149127
0.6163773673102512
0.8007305989671836
0.6321565159772496
0.5461503196658998
0.6520949448305319
0.0
0.5690539002340396
0.7750346601286134
0.8447816150035335
0.4479068497750371
0.5132876847780341
0.5708111072923368
0.8143768323484509
0.7386565146157996
0.0
0.7463133786954023
0.6230528755383731
0.7495392616466207
0.0458381346234955
0.46881483649163014
0.6667361660727037
0.0
0.6581926712807235
0.49244601988392217
0.6028035243905787
0.8160263309104613
0.5480246899726671
0.4326566116216348
0.2270911174267383
0.6747142290781334
0.5937628541319165
0.6041139365444618
0.8084312717486408
0.0
0.7989857947622114
0.5700637285743949
0.7574541677253805
0.6574171335826853
0.5535940053636856
0.6838827432512784
0.0458381346234955
0.6943578773860255
0.32584150102420795
0.6600758140193049
0.6206431077548964
0.6429615570533217
0.45766711745184
0.5955882789677716
0.5895371209054776
0.7756565677430998
0.0458381346234955
0.12868391285320918
0.7407690603218852
0.7252497391773265
0.524641846693375
0.501416224866812
0.0
0.35136469970624945
0.6683858258884924
0.6994242040229425
0.6718641363113514
0.7325846485813843
0.8097078592428373
0.5700159895724988
0.5326912016382482
0.650615314187216
0.847866100162015
0.5066291022481061
0.5129772788552118
0.625367572358078
0.0
0.5880723877110666
0.35233484594859354
0.3503801090695332
0.29141832466355744
0.5937044681602189
0.6844267849813122
0.5482905413839937
0.5324177176017243
0.6399502261921505
0.6476119855560393
0.0
0.6010273616452856
0.6515335153595179
0.3947133139052325
0.7286007346280657
0.0
0.8435711886874095
0.0458381346234955
0.0458381346234955
0.6184872865348233
0.5607388371607083
0.6677434223725208
0.7348997920539098
0.6382619119336996
0.5297286803112926
0.6895051213546545
0.521881976481553
0.5901034764035421
0.7874227942719182
0.4669124758024143
0.6785752552916877
0.6890922347927806
0.8220485113167999
0.4418908451900307
0.5168231559965712
0.6101857113372867
0.6251812017805078
0.3448660457899505
0.7583778565828785
0.4998481098080546
0.6538991095484884
0.39369065770860595
0.6622776587891498
0.5163679132019703
0.5426509098113517
0.760299044882327
0.6614050988263647
0.7616485637773144
0.0
0.5218077698724892
0.6111605616037397
0.7684532172077825
0.6754843299846551
0.5808093888443694
0.10643285259952334
0.8385970472949854
0.7966130688421305
0.0
0.6090508753982603
0.6596431360469369
0.43508884005600224
0.6420318971243469
0.561977245797777
0.6004496684132525
0.7371652265637377
0.5732089534792202
0.46582506182420236
0.7807625869439085
0.7386565146157996
0.0
0.8361285453208286
0.7009962129062985
0.31262428143551924
0.6683885232739067
0.8276995671690524
0.390704180413446
0.0
0.7965645486840088
0.4796752568775349
0.797760516558768
0.514570187316076
0.6885337006163165
0.34698806045509645
0.623202612994078
0.7194599272032266
0.6821093548202064
0.6003893579216079
0.7180099410746815
0.6315754751997996
0.8016757727383444
0.8431119854935522
0.6349070181502758
0.650699956659873
0.479722041774785
0.7425812108017582
0.5397720093232734
0.5163947791172311
0.8413265274839923
0.5513050950516656
0.6397841526505632
0.6745645321065273
0.6492496928245118
0.8250053956889452
0.7171587668964964
0.6724374700687258
0.5996918048644189
0.6280522588725678
0.5218077698724892
0.28811111307102505
0.6272783273036571
0.8368476581871442
0.5903321799684309
0.7416417063121793
0.817542725727515
0.6181075891309263
0.7982922551215704
0.6534881508685938
0.0
0.6827571738273577
0.1790845770807718
0.3560790788592522
0.6164779729622634
0.21286570519904668
0.5171426273884399
0.6496662865853137
0.7928275649683414
0.46809391040549764
0.0
0.756018180805931
0.5633779430827746
0.6368125961480903
0.6794777840729812
0.6700190226229404
0.6733420863340234
0.4651289454016984
0.6715897303915921
0.6671469583375527
0.5649818953729069
0.48855253279206234
0.0
0.554521047413717
0.3952187720309957
0.680460363432562
0.6794869070872402
0.638253403673861
0.7712207363321772
0.6959130702670885
0.3551627069282869
0.8222544731766801
0.8090382485484252
0.6495982308695933
0.0
0.6680423605591209
0.8185303123334959
0.5819654571533899
0.6468879019777892
0.6710400702024191
0.6300664406749583
0.676687193302297
0.8175548828657347
0.6059212185165351
0.680740677393977
0.0
0.0
0.6638128910527926
0.6787922507128853
0.5405595090968233
0.6402976289772331
0.5586596624283249
0.834099398604521
0.5785188385318217
0.7960554696016189
0.3102409442357567
0.8449789131309582
0.7999811335397491
0.6890922347927806
0.7646563570074271
0.6744391150068626
0.6396051572101081
0.7928168812699092
0.5396020323496288
0.4617184786143241
0.6809729964664599
0.6873192693180132
0.7416452700952454
0.0458381346234955
0.47178082459269494
0.6156328819233879
0.0
0.6419152684544943
0.406459516614871
0.6225638739273814
0.7719053214950461
0.0
0.07265172448124844
0.8322271684617686
0.676979191884481
0.6682724362351067
0.5237826876647347
0.6691314945052512
0.42963465043329807
0.5990945824354399
0.8434789915341026
0.5373320616624951
0.6660047901345513
0.5709289659040084
0.0458381346234955
0.7340718103783866
0.12868391285320918
0.7781432566847148
0.7986216807255018
0.8242351137147198
0.6616175975684123
0.5814351700507964
0.8359881438658606
0.6024096725290246
0.6375863638710775
0.5190535154587643
0.69510763911683
0.32584150102420795
0.5696088105818118
0.8266652878906595
0.6059558944386263
0.0
0.639792466240304
0.6368560629890826
0.552436094676769
0.64602353760171
0.6736267765982363
0.6099772621512847
0.6594087400286487
0.6964887296744937
0.7965513450402583
0.6596123418906156
0.0
0.5362666912843335
0.6114291769517103
0.5855724090244868
0.7388185032968172
0.10643285259952334
0.6436826648842682
0.6754479765949732
0.10643285259952334
0.3929999939946725
0.4691449392544543
0.6061912097348706
0.6489608500438254
0.6625463321013183
0.847866100162015
0.6765728919675781
0.6869536037498671
0.5370771478276343
0.6561278246763939
0.3025276933635104
0.5409497700129361
0.6068648237133738
0.299027911166455
0.6437766558267825
0.5746159176521678
0.8256240843712529
0.6710089670665451
0.6510900250063132
0.48018807928849017
0.31982549643920155
0.10643285259952334
0.5476573903944834
0.5957745506405712
0.49542588270098914
0.6226770418187161
0.7134111017833726
0.5920996914047821
0.8181400160086696
0.6285369505981866
0.0
0.8040345024338661
0.8350377108245199
0.7507667853196388
0.6165016226538894
0.5852887086773053
0.626153839441768
0.7433601394168027
0.3077684899339809
0.8079142444687276
0.7574043434838503
0.6466410206645644
0.46696921578831035
0.796336220693875
0.0
0.4694734024272611
0.6296413493970271
0.5859769354055612
0.6879864550916563
0.7715899780372313
0.5105576022493779
0.7419811839264262
0.6380702108152901
0.6275839885729511
0.48883837031428096
0.529464686150305
0.7463863960121859
0.6686254633733316
0.8226618656064376
0.0
0.6585066219724732
0.5500253173374676
0.559714396899704
0.82421466766426
0.6122033092651582
0.8394935519057639
0.0
0.0458381346234955
0.6762958453655968
0.6454574886494383
0.7529575949700618
0.4390114719664494
0.5590835770177841
0.48630496324367817
0.435546492052087
0.5228878754637106
0.6699373914606189
0.6889915720884882
0.7988122460649224
0.7401431725121406
0.6285615847759737
0.649119869673309
0.35638173590700933
0.6018513583749089
0.6761688763967533
0.0
0.6883025725671661
0.6593097978751554
0.8097699014349009
0.6332117376445735
0.484806313331767
0.5094928671821414
0.0
0.3687400206076083
0.5975223828370815
0.6614710165468835
0.0
0.6069604965928355
0.6178416563766113
0.6041994316429954
0.7519292457773934
0.6936160964638632
0.5379553871563206
0.5858173020101072
0.5546567305903578
0.6884381593772012
0.6968036581170031
0.49271554756213676
0.6656121403135294
0.7077211430239636
0.5927632131869836
0.0
0.7711671672572443
0.4267811221129474
0.0
0.6264087759545065
0.8428577590592222
0.7084698590396218
0.6506223718659317
0.6615219080023537
0.505972016435364
0.7954441745536179
0.7049061389952593
0.7991028606881752
0.8435759572998366
0.5927970611465222
0.16432799372823945
0.6999484648295754
0.308395323532437
0.6376722587389851
0.604419783750419
0.46848307768794967
0.6339377757656113
0.0
0.7024044413099491
0.6530746223637538
0.11848985910474394
0.11848985910474394
0.5612178966359466
0.7342464090339286
0.10643285259952334
0.4256255169415116
0.0
0.7370679113450698
0.7815551824893536
0.33520891339018993
