46030.0
2934.0
0.0
32036.0
15927.0
18709.0
3698.0
16583.0
15531.0
948.0
22879.0
227045.0
273884.0
101421.0
0.0
384.0
0.0
2554.0
23871.0
16836.0
139846.0
566.0
27764.0
262572.0
7206.0
0.0
1511.0
23624.0
21419.0
7604.0
23813.0
1029.0
374928.0
1.0
20676.0
8627.0
20090.0
4155.0
0.0
13026.0
4963.0
2589.0
34583.0
79.0
66820.0
13823.0
156989.0
73806.0
1861.0
78875.0
28200.0
91741.0
2.0
111765.0
4470.0
12173.0
203824.0
0.0
13135.0
18848.0
2941.0
81459.0
3174.0
448.0
79568.0
2.0
2.0
7456.0
293370.0
1137.0
5502.0
2590.0
93624.0
20548.0
177764.0
291080.0
544.0
0.0
64043.0
1.0
106779.0
25932.0
12872.0
73274.0
77671.0
29319.0
14396.0
0.0
16397.0
41461.0
24284.0
315735.0
10366.0
37283.0
22505.0
34000.0
20963.0
39845.0
9.0
138501.0
40845.0
30301.0
1159.0
95554.0
55170.0
2142.0
1.0
24128.0
642.0
67671.0
67024.0
1.0
26857.0
3565.0
587.0
95986.0
14277.0
15276.0
5.0
22438.0
3612.0
7682.0
20307.0
12688.0
23560.0
22934.0
19339.0
166587.0
42679.0
1796.0
447.0
697.0
27157.0
66349.0
0.0
12026.0
10.0
25676.0
15080.0
22380.0
218646.0
126.0
25761.0
6721.0
7964.0
20688.0
1985.0
9144.0
422.0
186187.0
197402.0
299344.0
4274.0
9825.0
142.0
385.0
46342.0
2.0
25384.0
332998.0
6.0
0.0
147.0
203770.0
2.0
23381.0
67081.0
1411.0
239126.0
185987.0
318786.0
23619.0
19085.0
0.0
24463.0
21540.0
297962.0
2.0
18902.0
25495.0
196261.0
5346.0
106806.0
61407.0
5421.0
25930.0
152364.0
4468.0
25760.0
124.0
195683.0
13592.0
1842.0
56908.0
1108.0
212017.0
16830.0
29.0
34680.0
174725.0
37413.0
385.0
1648.0
338307.0
2774.0
9320.0
1862.0
24801.0
28.0
9456.0
162021.0
0.0
71194.0
23230.0
16262.0
212900.0
50865.0
1118.0
2045.0
2.0
19478.0
29775.0
5876.0
57989.0
75633.0
126686.0
577.0
110225.0
171758.0
27.0
307.0
78.0
18493.0
52145.0
24609.0
200.0
23424.0
6.0
30662.0
65136.0
66166.0
70700.0
0.0
43327.0
0.0
27001.0
7676.0
30350.0
11138.0
36068.0
57259.0
255608.0
389.0
4087.0
1278.0
39641.0
1322.0
9981.0
2551.0
16167.0
1687.0
3.0
10363.0
560.0
35196.0
91639.0
23738.0
182663.0
6350.0
21544.0
0.0
207117.0
5364.0
2762.0
428.0
6.0
2.0
384.0
0.0
110389.0
106548.0
21283.0
234202.0
281452.0
215253.0
23987.0
23590.0
7903.0
272226.0
0.0
47603.0
7053.0
18315.0
346095.0
6630.0
98340.0
12215.0
5616.0
15451.0
215.0
2407.0
20969.0
24075.0
790.0
796.0
216760.0
180747.0
185611.0
9320.0
90589.0
36.0
2.0
4331.0
1.0
97339.0
37669.0
143807.0
17032.0
2.0
20377.0
293968.0
2632.0
0.0
4733.0
50022.0
13.0
4196.0
0.0
7862.0
6948.0
15688.0
166566.0
15129.0
47573.0
0.0
349243.0
135903.0
12511.0
62325.0
103637.0
44661.0
20120.0
10020.0
22832.0
5299.0
1639.0
0.0
142.0
2279.0
69028.0
61889.0
93224.0
1.0
22493.0
7.0
22509.0
25359.0
24833.0
18397.0
73821.0
854.0
210636.0
0.0
2741.0
64802.0
4788.0
14951.0
0.0
69806.0
385.0
26370.0
26346.0
866.0
114529.0
25731.0
148193.0
246357.0
196871.0
8580.0
149192.0
206659.0
6123.0
111612.0
267294.0
36888.0
61088.0
75183.0
59.0
11940.0
25940.0
5.0
2374.0
1.0
9462.0
6.0
10510.0
5.0
3875.0
11229.0
2735.0
21544.0
0.0
12632.0
8914.0
0.0
16233.0
189.0
4006.0
219.0
19060.0
3104.0
62027.0
14196.0
17717.0
2.0
35276.0
48475.0
9696.0
21742.0
9803.0
3.0
5.0
49418.0
1.0
18576.0
11355.0
334397.0
2.0
301105.0
6743.0
21598.0
141.0
13412.0
1698.0
1795.0
29659.0
0.0
564.0
26243.0
5.0
9189.0
7111.0
163471.0
143474.0
15815.0
39444.0
0.0
12079.0
9572.0
316826.0
1.0
156061.0
294590.0
23860.0
0.0
145242.0
207113.0
1630.0
4368.0
11711.0
22598.0
58171.0
31217.0
19728.0
2564.0
81629.0
175958.0
56340.0
228581.0
18053.0
11674.0
0.0
16317.0
80972.0
25241.0
323.0
101882.0
84641.0
0.0
236056.0
45645.0
4945.0
336018.0
21103.0
26792.0
11995.0
468.0
25795.0
38826.0
195063.0
23341.0
8846.0
14195.0
2281.0
388328.0
600.0
49663.0
16412.0
4287.0
146266.0
19687.0
4658.0
10493.0
2.0
565.0
1289.0
312428.0
17115.0
14.0
23235.0
145587.0
119593.0
993.0
84414.0
304057.0
0.0
10314.0
28573.0
1.0
110770.0
1.0
1.0
25283.0
239842.0
3996.0
5.0
160126.0
63706.0
35436.0
10634.0
1436.0
92792.0
2870.0
219910.0
17122.0
76921.0
9802.0
17981.0
5.0
2.0
69.0
23373.0
5.0
5.0
9434.0
253.0
20624.0
6071.0
614.0
3290.0
86621.0
98654.0
0.0
332238.0
29749.0
26407.0
19033.0
261007.0
25700.0
142779.0
25159.0
144584.0
3556.0
9825.0
54699.0
177.0
11.0
9547.0
1387.0
10168.0
227.0
99960.0
0.0
30520.0
6.0
13261.0
26294.0
5.0
385.0
8148.0
12152.0
102989.0
127908.0
131.0
10303.0
5.0
0.0
0.0
25381.0
11848.0
5422.0
261278.0
24930.0
7530.0
26286.0
0.0
29482.0
19416.0
0.0
13910.0
127463.0
0.0
873.0
2.0
106763.0
141254.0
11776.0
0.0
20050.0
2196.0
132286.0
25728.0
0.0
30568.0
73521.0
8060.0
78245.0
1.0
385.0
18012.0
355.0
12962.0
55042.0
1992.0
557.0
5296.0
34438.0
23.0
1689.0
0.0
1127.0
4160.0
7.0
87880.0
15276.0
926.0
347018.0
283887.0
2.0
81114.0
29.0
2730.0
7846.0
0.0
9572.0
5683.0
14686.0
118050.0
63025.0
1014.0
71196.0
170263.0
0.0
73100.0
1.0
33962.0
2462.0
307350.0
26808.0
136814.0
272901.0
145.0
20106.0
84391.0
223.0
431.0
252815.0
1520.0
245982.0
5422.0
0.0
17630.0
7789.0
5314.0
28148.0
88340.0
385.0
54267.0
207933.0
5.0
4482.0
2.0
25912.0
3631.0
175.0
129424.0
5.0
67540.0
2.0
10609.0
32473.0
3440.0
3101.0
25.0
55.0
160999.0
315703.0
0.0
67322.0
2900.0
4267.0
28064.0
25093.0
31457.0
16841.0
2.0
385.0
26.0
224294.0
16514.0
51738.0
9460.0
0.0
3643.0
0.0
79656.0
496.0
215503.0
199913.0
12298.0
27.0
1833.0
1600.0
144.0
3235.0
179.0
16655.0
0.0
0.0
135300.0
2538.0
96729.0
19758.0
243666.0
24628.0
11397.0
2609.0
208358.0
29053.0
328831.0
5.0
46739.0
5.0
106482.0
0.0
301666.0
53446.0
10682.0
307.0
5321.0
95968.0
18325.0
966.0
26814.0
18794.0
18611.0
23373.0
14507.0
684.0
25813.0
1134.0
1.0
70430.0
15406.0
10609.0
28814.0
0.0
27.0
24332.0
29536.0
22781.0
253.0
195903.0
20897.0
96.0
221666.0
289469.0
1029.0
31166.0
140182.0
334044.0
25722.0
102.0
159.0
2.0
13340.0
106120.0
2.0
52870.0
40919.0
739.0
78955.0
0.0
94774.0
297211.0
20973.0
34457.0
24299.0
143780.0
29215.0
13437.0
9345.0
10030.0
1195.0
12468.0
17045.0
17382.0
257040.0
21110.0
15541.0
0.0
29485.0
77439.0
3728.0
15408.0
2501.0
13934.0
62760.0
16230.0
26661.0
276.0
65725.0
6875.0
25731.0
44298.0
14411.0
94274.0
490.0
11.0
0.0
1854.0
112713.0
17629.0
187588.0
3140.0
43.0
61.0
26223.0
22894.0
56379.0
52074.0
6042.0
20217.0
14592.0
41731.0
20391.0
71124.0
24305.0
2662.0
60278.0
208817.0
3122.0
132018.0
44.0
21764.0
114187.0
20698.0
2.0
10676.0
3.0
255231.0
5.0
17933.0
2274.0
1.0
1811.0
0.0
22980.0
9463.0
6741.0
989.0
110517.0
4063.0
172038.0
4350.0
4835.0
0.0
90467.0
100802.0
385.0
266068.0
30397.0
315538.0
25571.0
15384.0
0.0
0.0
7966.0
45765.0
228416.0
2348.0
2957.0
182745.0
2319.0
20194.0
10175.0
4734.0
187.0
22793.0
4611.0
898.0
81689.0
100030.0
101548.0
5947.0
28700.0
2.0
122051.0
0.0
21750.0
4078.0
15896.0
1.0
2.0
33076.0
71955.0
19376.0
5.0
5.0
4249.0
1.0
9901.0
1370.0
1933.0
134.0
16076.0
6.0
18797.0
5486.0
2146.0
411.0
0.0
56021.0
691.0
25118.0
7725.0
301.0
3713.0
14765.0
383978.0
114693.0
29385.0
28352.0
8055.0
94722.0
8815.0
33.0
2.0
459.0
217481.0
30365.0
22467.0
2.0
0.0
15384.0
30328.0
43445.0
42577.0
8637.0
206302.0
14397.0
25083.0
36865.0
37478.0
29443.0
13747.0
12724.0
45289.0
23917.0
346096.0
7925.0
208819.0
32945.0
1324.0
9203.0
265772.0
19956.0
3174.0
1.0
56774.0
5.0
35436.0
21653.0
642.0
8941.0
1.0
0.0
1284.0
113717.0
16185.0
19822.0
44816.0
0.0
29209.0
0.0
2.0
7686.0
0.0
0.0
29406.0
8.0
305201.0
25784.0
2880.0
72028.0
346192.0
351464.0
5.0
96303.0
15866.0
218738.0
2267.0
31807.0
35792.0
91.0
7389.0
45709.0
1757.0
327.0
286246.0
12609.0
10101.0
5583.0
876.0
8810.0
12497.0
11424.0
352.0
1936.0
0.0
341595.0
49259.0
28398.0
76177.0
77264.0
24248.0
87202.0
11403.0
0.0
260453.0
9516.0
190125.0
233651.0
12913.0
21.0
344649.0
20429.0
20119.0
21524.0
14189.0
7.0
94092.0
26026.0
6.0
29051.0
21600.0
3791.0
141201.0
2096.0
5452.0
22834.0
10958.0
15274.0
12777.0
3705.0
16053.0
14544.0
0.0
86775.0
86573.0
44.0
0.0
25356.0
292270.0
34801.0
163542.0
1709.0
0.0
0.0
11579.0
6267.0
24747.0
3493.0
3295.0
63310.0
22395.0
228736.0
18829.0
4745.0
5.0
20953.0
16915.0
0.0
800.0
23968.0
64348.0
312879.0
222368.0
33989.0
165863.0
48501.0
290388.0
22090.0
13056.0
26669.0
468.0
2583.0
6984.0
91814.0
1068.0
194268.0
25299.0
28604.0
472.0
50377.0
26938.0
29003.0
16.0
1149.0
5.0
576.0
8037.0
21703.0
100539.0
109934.0
404.0
9203.0
2.0
200736.0
65.0
91251.0
1.0
129515.0
277330.0
742.0
7.0
4470.0
6482.0
254237.0
22879.0
4860.0
79280.0
1704.0
412.0
7540.0
21026.0
157283.0
