0.7100458527084937
0.5279935740311081
0.0
0.6860779897254118
0.6398630895872545
0.6505093585201812
0.5432978432810226
0.6425322660977711
0.6381980732864939
0.45328154430018064
0.663815781559142
0.815580453128053
0.8279836437125397
0.7622880357205735
0.0
0.39351866684571696
0.0
0.5188208890529505
0.6666226801427662
0.6435335721435024
0.7835332128360387
0.4191740756207856
0.6766133962884057
0.8251943057295141
0.587414913037729
0.0
0.48410973862796564
0.6659348448638154
0.6594550682533477
0.5909701132687163
0.666461805721038
0.45870346304087595
0.8487505456834976
0.0
0.6571203478605722
0.5993172570186196
0.6552190029694992
0.5510033827884665
0.0
0.6265663444495323
0.5627546293081167
0.5197209868422445
0.6911370988195182
0.2889535505719412
0.734693271643905
0.6304936011401664
0.7911801360781765
0.741269124312858
0.49788750820550726
0.7456617925841112
0.6776438251121485
0.7556544386943475
0.0458381346234955
0.7687105113886731
0.5558359302149127
0.6220875291030976
0.8084455490363491
0.0
0.6271174136523542
0.6509988637762933
0.5281511615598204
0.7477935410409329
0.5331931429436719
0.4037127205941822
0.7462402806681078
0.0458381346234955
0.0458381346234955
0.5896702963203684
0.832528786326774
0.4653036626750722
0.5695727623664165
0.5197465247647496
0.7569980355972744
0.6567096781177354
0.7993989003381344
0.8320105572075815
0.41655234510324596
0.0
0.7318861858863009
0.0
0.7656925045119418
0.6720991671294964
0.6257798582913837
0.7407907240875796
0.7446445499695039
0.6802172116743888
0.6331795897814081
0.0
0.6417863355930736
0.7031325668224837
0.6677570398281432
0.8373873007242296
0.6114610824135658
0.6961084703621251
0.6627258226304181
0.6900127682783206
0.6580319806842437
0.7005034648658681
0.1453034489624969
0.7828941102277017
0.7021426725857105
0.682395875712438
0.4665710097278764
0.7583474123308738
0.7220237944855793
0.50718716842497
0.0
0.6673308485602945
0.4275061303872502
0.7355301717133558
0.7348948588969095
0.0
0.6744169578655596
0.5408756119457256
0.4215832569402387
0.7586457145406179
0.6326306713791112
0.6371032799106512
0.10643285259952334
0.6625286509507727
0.5417417609102121
0.5916450079214667
0.6559294738248126
0.624827728956062
0.6657554471288257
0.6639745651563815
0.6526995388870636
0.7951044463212226
0.7050472926230338
0.4955364379502066
0.4035649429918939
0.4329418620258304
0.6751515577417319
0.7342254815186339
0.0
0.6212840830388765
0.15227098722301888
0.6714430853618728
0.6362492972893312
0.6623574889974282
0.8130877152925293
0.31982549643920155
0.6716616476156814
0.5828071377835213
0.5940291069304534
0.6571587177192089
0.5021532486501523
0.6031661223464074
0.39975891867681734
0.8024603907907584
0.8063284079766494
0.8338618970141632
0.5528707564730909
0.6079164200887586
0.3277310709878048
0.39369065770860595
0.7104925850236712
0.0458381346234955
0.6706867084810713
0.8409076381390053
0.11848985910474394
0.0
0.33001955018766677
0.8084280264805992
0.0458381346234955
0.665251094522854
0.7349510750834614
0.4795815876699411
0.8190088126204093
0.8023893160183447
0.8380232625171582
0.6659208469276656
0.6518252218535361
0.0
0.668242706788806
0.6598276004608384
0.8335558815236105
0.0458381346234955
0.6511880583039219
0.6709752554863565
0.8059450595076262
0.5676706492856111
0.7657092240582223
0.7291066637360284
0.5685919577157612
0.6720940666359143
0.7892026144763425
0.55580633502556
0.671659080489674
0.3187673866737293
0.8057500141566447
0.6293791385921351
0.49720887489891047
0.7240749362851923
0.4635950749546857
0.8110517225257873
0.6435100004271576
0.2226807868530403
0.6913223249227953
0.798258578707018
0.6963386558369986
0.39369065770860595
0.48984924981908007
0.8419536421942393
0.524285219281334
0.6044268796729009
0.4979230335619914
0.6691501622398861
0.22036018210020017
0.6053849003827307
0.7932665661276476
0.0
0.738886346085522
0.6648226234405632
0.6412396157589143
0.8113265680648748
0.7166510748511391
0.4641892429185402
0.5041225390631698
0.0458381346234955
0.6531731546621808
0.6812378257309242
0.5739218046487914
0.7253193399743134
0.742886190157649
0.7769975250911022
0.42044696696554507
0.767792969823765
0.7971259757234389
0.21795517344374532
0.3787190157941665
0.28811111307102505
0.6497414246666882
0.7182946304749959
0.6686362132330708
0.3503801090695332
0.6653726033415158
0.11848985910474394
0.6831790842592249
0.7330052889333125
0.7340428323098267
0.7384258815973272
0.0
0.7060438124511917
0.0
0.6747705843433536
0.5915933367771489
0.6825027294405133
0.6162113295090621
0.6939174751247242
0.7244815662379951
0.8234166987980703
0.3943741826517296
0.5499121494461331
0.47303451995030166
0.7001640178860372
0.4752729950271725
0.6089581815211427
0.518743164715496
0.6408521594281892
0.4913959995081401
0.07265172448124844
0.6114419409836944
0.4184693039467145
0.6922990245685703
0.7555808722580389
0.6662531965298226
0.8011967291660806
0.5790521093359663
0.6598398798127454
0.0
0.8095054200717806
0.5678929367201333
0.5239985261321468
0.40069254052949727
0.11848985910474394
0.0458381346234955
0.39351866684571696
0.0
0.7678912899278072
0.7655492864494713
0.6590338340469059
0.8176328615646299
0.829786178493225
0.8120534414689011
0.6669432596557096
0.6658396004163281
0.593520633079853
0.8275820959578394
0.0
0.712267996286144
0.5859956904963008
0.6491018185064151
0.8434587405787242
0.5819056376563169
0.7602479570942816
0.6223153035516013
0.5709289659040084
0.6378565557783679
0.3551627069282869
0.5149007025372129
0.6580509057390819
0.6671854254440499
0.4412245377949601
0.44172489667257103
0.812514811805603
0.8004994059483145
0.8022554882932238
0.6044268796729009
0.7548187748805831
0.23697971820948788
0.0458381346234955
0.5537468728601082
0.0
0.7595713678089071
0.6967896150729654
0.7853802565039689
0.6442989974893236
0.0458381346234955
0.6561570392575804
0.8326634482164146
0.5208103082850626
0.0
0.5596166637146961
0.7155458924898305
0.16962125396628114
0.5516527350133208
0.0
0.5931766616821267
0.5850037860068881
0.6388632174679495
0.7950961093742857
0.6364638290426207
0.7122263069201095
0.0
0.8440575287288413
0.7816418541262752
0.6238987014494742
0.7300879598692382
0.7637173950359405
0.7080491945455191
0.6553176806045778
0.6092160777062701
0.6636797910001068
0.5670866847344109
0.4894871107665188
0.0
0.3277310709878048
0.511287043237705
0.7368431581710752
0.7296237127731331
0.756714894003984
0.0
0.6626905514889064
0.12868391285320918
0.6627375754983578
0.670621546335696
0.6692354334119601
0.6493972372184078
0.7412825630028806
0.44637598397250355
0.8106195643450772
0.0
0.5234938028245361
0.7326653172732771
0.5603807042947747
0.6356811590017911
0.0
0.7375843314899536
0.39369065770860595
0.6732068040853352
0.6731465896951019
0.44729874940276265
0.7703260527014633
0.6715845904530301
0.78736703710488
0.8209789110432107
0.8061502811968897
0.5989559925499174
0.787811340399021
0.8093590231892036
0.5766447863625676
0.7686199205010122
0.826373004681852
0.6954041041137168
0.7287622307211141
0.7424915531086577
0.2696493840386182
0.6208094737533428
0.6721195651708379
0.10643285259952334
0.5139877807672312
0.0
0.605426848020994
0.11848985910474394
0.6123734157883944
0.10643285259952334
0.5463896752253083
0.6167494351208263
0.5233488857844287
0.6598398798127454
0.0
0.6245352083233113
0.6014814589346827
0.0
0.64112158015068
0.3466390862969545
0.5485883522678624
0.35638173590700933
0.6517385388557991
0.5317183664809879
0.7297710061945553
0.6322544145140109
0.6469065676048021
0.0458381346234955
0.6924491675539535
0.7134684237599506
0.6070423918968063
0.6604448754384105
0.6077681756931645
0.07265172448124844
0.10643285259952334
0.7147425279941817
0.0
0.6500375662664909
0.6174873489619737
0.8411848851497457
0.0458381346234955
0.8342497935897988
0.583023250555937
0.660005428287002
0.3272637160426153
0.6284975168167528
0.4918258001020341
0.49549960673259896
0.6809796858822462
0.0
0.4189399852896063
0.6728875452177888
0.10643285259952334
0.6034907692895477
0.5865372871511866
0.793855765162356
0.785226947029636
0.639396411931021
0.699834556534369
0.0
0.6215748873924763
0.6061912097348706
0.8376154159319332
0.0
0.790788063010596
0.8328032242619547
0.666592199534464
0.0
0.7860368785624369
0.8095041428982392
0.4891229776681346
0.5543094297947208
0.6195288220929471
0.6629985379939194
0.7255265671034226
0.6843653795677573
0.6540165376371138
0.5190793123966787
0.7479314074748533
0.7987236094056411
0.7234115707460236
0.8160263309104613
0.6481489765838456
0.6193195572929923
0.0
0.6414628993574368
0.7473969957335734
0.6703131112690023
0.382078745217846
0.7625879446198325
0.7503275908656979
0.0
0.8181543050642699
0.7094904041622189
0.562514348847751
0.8415046801052578
0.6584721602645823
0.6742567132637552
0.6211133953012501
0.40660097217576907
0.6717488706589402
0.6987902364343616
0.8055401544876953
0.6651378622713892
0.6009750521169879
0.6322497559637991
0.511345052407657
0.8510728047546361
0.42303183355078167
0.7150695734045106
0.6418468041725298
0.553071596679691
0.7865014823388663
0.6538789580654971
0.5585603567898988
0.6122663627114919
0.0458381346234955
0.41905713403504263
0.47360128223867715
0.8366909992325792
0.6446204803790967
0.17452204747670466
0.664836855755157
0.7861937749914804
0.7731872689542433
0.45634842072567616
0.7501499963425
0.8348949716920944
0.0
0.6111285107866993
0.6785127949600848
0.0
0.7681191416199112
0.0
0.0
0.6704230582058635
0.8192065270277001
0.5484230673792578
0.10643285259952334
0.7924885446201959
0.7315372827531395
0.6927484347215683
0.6131490750534231
0.48074302338006664
0.7564077332699936
0.52653509011629
0.8134689168705851
0.6446475220680873
0.7440028838255904
0.607761429409098
0.6478847040245451
0.10643285259952334
0.0458381346234955
0.28000336640071244
0.6652284635778567
0.10643285259952334
0.10643285259952334
0.6052308643269452
0.3659255341753374
0.6569538207326591
0.5760807705811521
0.424557150417662
0.5355668916375949
0.7518567581569549
0.7604587754819524
0.0
0.8407565363841701
0.6811800543514309
0.6732995273182794
0.6516447934203837
0.8247989710743984
0.6715048702771471
0.7849058272320026
0.6700979246958205
0.7857366024620397
0.5407084516136242
0.6079164200887586
0.7214567986537219
0.3423011085198666
0.1585738922558734
0.6060182653151958
0.4784470846578384
0.6101857113372867
0.35875438319775604
0.7613284786434451
0.0
0.6828721135589757
0.11848985910474394
0.6277487593051536
0.6730159367888399
0.10643285259952334
0.39369065770860595
0.595539599944959
0.6219733470036432
0.7633026101418154
0.7776323556832073
0.3223989904084634
0.6110579442626095
0.10643285259952334
0.0
0.0
0.6706788924129635
0.6202979526764473
0.5686041555299626
0.8248675977951511
0.6694932418932105
0.5903233982873206
0.6729958134111251
0.0
0.6805838479860122
0.6529623205313538
0.0
0.6309085124718062
0.7774018825299042
0.0
0.44783114232600724
0.0458381346234955
0.7656825946375935
0.7841956991512863
0.6198948535309236
0.0
0.6550872033254634
0.5088336547052867
0.7798579752947499
0.6715768797960512
0.0
0.6829760378069297
0.7410132689486841
0.5948214932395338
0.7451314666362415
0.0
0.39369065770860595
0.6479986175322583
0.3883257889638327
0.6262406281709101
0.7218701868685778
0.5023860440359075
0.41811408134055883
0.5670492347384097
0.6908592434049392
0.207351641919464
0.49147435313046384
0.0
0.4647194676258824
0.5510829143067775
0.12868391285320918
0.7528110183688532
0.6371032799106512
0.45172878364871216
0.8436348689761832
0.8303558495766845
0.0458381346234955
0.7475128666444744
0.2226807868530403
0.5232278785237576
0.5930419421050946
0.0
0.6061912097348706
0.5717132462914192
0.6344985132430344
0.7723284957730232
0.7308265605212126
0.45773236703730624
0.7388882038128767
0.7965478495167692
0.0
0.7406335007605697
0.0
0.6899388164422045
0.5163947791172311
0.8356073275399899
0.674296194130304
0.7820836679008805
0.8277458672486746
0.3291136394525636
0.6552716493645613
0.7501319755451538
0.3575786997969595
0.4011544547439783
0.8226901218985682
0.48450246432558297
0.8208781718234456
0.5686041555299626
0.0
0.6465810315918443
0.5925597608039592
0.5672736172517165
0.6775217698714854
0.7531562694852648
0.39369065770860595
0.7209324423616199
0.8097654490626135
0.10643285259952334
0.5560132237514134
0.0458381346234955
0.6720481444824897
0.5420887114618267
0.3415496180522559
0.7784115430465562
0.10643285259952334
0.7354020298965542
0.0458381346234955
0.6129934226501961
0.6869739716351781
0.538515245422269
0.5316544208358717
0.21286570519904668
0.26500674485539677
0.7928481056923204
0.8373805980095183
0.0
0.7351882343047843
0.527222761299078
0.5527623585688218
0.6773241265962675
0.6699242157020718
0.6848718538779963
0.6435532088243203
0.0458381346234955
0.39369065770860595
0.21545938858977665
0.8147742869444934
0.6422565306760352
0.7177764469288406
0.6054128684311514
0.0
0.5423069039594811
0.0
0.7463133786954023
0.4104436559207203
0.8121302023926373
0.807164297734473
0.6227631351744135
0.21795517344374532
0.49688497000889637
0.48789451294001973
0.3286559874564789
0.534452022406356
0.3430441550956786
0.6428187694861718
0.0
0.0
0.7813477812232213
0.5184052996286077
0.7591556402592968
0.6541170245877737
0.8202525825706303
0.6686872512168214
0.6177315017427522
0.5202298808464448
0.8099004769676327
0.6796144973136334
0.8400748876113131
0.10643285259952334
0.7110566947270537
0.10643285259952334
0.7655083099690979
0.0
0.8343728890701192
0.7199243161281395
0.6134469045656706
0.3787190157941665
0.5673606719227807
0.7586333121098837
0.6491379159142464
0.4545254138774171
0.6743109933805627
0.6508091264231779
0.6501620488230895
0.6652284635778567
0.633687531239624
0.4316967914415654
0.6717950010317256
0.4651289454016984
0.0
0.7381728490294801
0.6376636742709384
0.6129934226501961
0.6790682354613852
0.0
0.21795517344374532
0.6678876249280148
0.6807048634480679
0.6635319097237077
0.3659255341753374
0.8058243206968263
0.6578234468436303
0.30184239759872594
0.8139948769837493
0.831643537618845
0.45870346304087595
0.6842572522357556
0.783691910121289
0.841115038893022
0.6715614557844349
0.3058515310905124
0.33520891339018993
0.0458381346234955
0.6281415506190187
0.7652831075170429
0.0458381346234955
0.7192077445563404
0.7022623745229813
0.4368113206262026
0.745728832264951
0.0
0.7578053792155032
0.833388992252974
0.6580635194341284
0.690895718579406
0.667797875378607
0.785367839237946
0.6799822175176383
0.6286206693896919
0.6046040307284891
0.6092820432474055
0.46859384898605205
0.6236710212270785
0.6443494535673392
0.6456441741846654
0.8237861493762284
0.6584940925200856
0.6382406392312597
0.0
0.6805905768800949
0.7444467255129741
0.543832161696873
0.6376722587389851
0.5174341265358608
0.631022514136881
0.7305479168825222
0.6411093575372998
0.6739325740674806
0.3716796356477034
0.7336005938414488
0.5843053026539669
0.6715845904530301
0.7075094967879626
0.6332484589335048
0.7574555706816778
0.4096388129294372
0.1585738922558734
0.0
0.4976382949110904
0.7692690698116202
0.6465772804673358
0.8029561392685567
0.5324809297615524
0.24872985432876354
0.27185393649579886
0.6728371274594631
0.6638591240002354
0.7234573321107199
0.7182045267004207
0.5757641212457629
0.655635734300532
0.6340738747012901
0.7035618216560778
0.6562024585241356
0.7388212927284113
0.6678142025409411
0.5215598113911156
0.7278795047609777
0.8100459980969967
0.5321007472736642
0.779723864826945
0.2502501615028644
0.6605117567887123
0.7701282822736215
0.6571906756039002
0.0458381346234955
0.6134097491477976
0.07265172448124844
0.8233190900250926
0.10643285259952334
0.6477079337696973
0.5111417972985678
0.0
0.49608645872140933
0.0
0.6641070738332568
0.6054338367078703
0.5830036330982123
0.4560814962482276
0.7679679261303904
0.5495226683722972
0.7972336938467179
0.5540363511568309
0.5610266890898783
0.0
0.7547296542100651
0.7618831868548024
0.39369065770860595
0.8260689857457948
0.6826050598188668
0.8373460263501463
0.6711720955706822
0.6375691715014227
0.0
0.0
0.594045712190931
0.7096640319600365
0.8159785777539091
0.5132595261872297
0.5285099576899145
0.801226409397222
0.5124376672974708
0.6555604577420282
0.6102312221434416
0.5596306344445473
0.3459355642416419
0.6635667350808148
0.5578897002432303
0.44969830332671107
0.7479799976749391
0.7613747722746705
0.7623707928724851
0.5747160731690899
0.6788060773393088
0.0458381346234955
0.7745326717078707
0.0
0.6604692037563543
0.5497663627255971
0.6397342491521533
0.0
0.0458381346234955
0.6881907037278898
0.7395894700496117
0.6528259409212431
0.10643285259952334
0.10643285259952334
0.5524828024711802
0.0
0.6084259951704493
0.4776315374036537
0.5003977686566593
0.3238963475738297
0.6404788761181105
0.11848985910474394
0.6508196816810288
0.5693801726430985
0.5073105461650573
0.3980122746618832
0.0
0.7230360726626814
0.4323701254717591
0.6699900682592501
0.5920141410053932
0.3774137671819727
0.5435655421333081
0.6348532935928521
0.8503278396825686
0.7704206805781012
0.6803659106218644
0.6779993157236356
0.5947804566576989
0.7577690852202676
0.6007428969683488
0.23122561673712183
0.0458381346234955
0.4053168454295138
0.8127344138142032
0.6825354052788649
0.6626140660850455
0.0458381346234955
0.0
0.6375691715014227
0.6824547756532144
0.7062236722643073
0.7048890560398527
0.5993938678352334
0.8092446851458801
0.6331841832902144
0.6698978563069904
0.6953628583233646
0.6964534488107115
0.68049631000019
0.6301290072415091
0.6250150969534484
0.7089726097112878
0.6667499925064042
0.843458931654452
0.5937044681602189
0.8100466314758195
0.6879282690403095
0.4753729654914187
0.6035914463743547
0.8259953748286973
0.6547764362558653
0.5331931429436719
0.0
0.7239190367700941
0.10643285259952334
0.6927484347215683
0.6601736175396582
0.4275061303872502
0.6016814615667314
0.0
0.0
0.4733442650107457
0.7698555239602087
0.6409257467312255
0.6543308877740789
0.708278308841401
0.0
0.6799686346510622
0.0
0.0458381346234955
0.5916794329350005
0.0
0.0
0.6804131538903464
0.1375144038704865
0.835143317460701
0.6717206640261794
0.5267651093029933
0.7396565268997607
0.8434772723542565
0.8444767516571877
0.10643285259952334
0.758863754797566
0.6396093254020672
0.8131155352468221
0.5109379155486441
0.6856035778749574
0.6934094847597408
0.29830516681949026
0.5890733586037237
0.709583062381032
0.49408459943626243
0.3828926687170052
0.8309030995013184
0.6244146900586164
0.6097485159892603
0.5705392326867557
0.44805800515400035
0.6007053761449281
0.6238246590318649
0.6178879824377036
0.38776456537335086
0.5005003230057288
0.0
0.8425932597069039
0.7145294134777035
0.67810652281944
0.7433601394168027
0.7442971119489241
0.6676589315029628
0.7522988392883162
0.6177663072432951
0.0
0.8246584568151666
0.6058031841903194
0.8038445146936292
0.8174770951400308
0.6259901627873903
0.2013356373344576
0.8431818658764617
0.6563255823755371
0.6553143937212299
0.6597784602397365
0.6322217977688344
0.12868391285320918
0.757327779620072
0.6723384476651403
0.11848985910474394
0.6796099447561825
0.6600115517602696
0.5449403717827279
0.7841708816485697
0.5057515289024455
0.5689690476613981
0.6636855835328049
0.6151338725726732
0.6370946212593125
0.625289981771323
0.5434229042791305
0.640384195262906
0.6338559817545593
0.0
0.7519742244410845
0.7518201025954745
0.2502501615028644
0.0
0.670613722561714
0.8322803621071132
0.6915526553002879
0.7938844812194462
0.4922528253278649
0.0
0.0
0.6187792031316358
0.5781820282566992
0.6690060173425285
0.5395263465622485
0.535667317548322
0.7311249293039067
0.6624017975079668
0.8160711585467213
0.6509321663934283
0.5597841179915654
0.10643285259952334
0.658000426885809
0.6438431520108718
0.0
0.4420563783165242
0.666890857253193
0.732200379638827
0.8367863918569967
0.8142039763510502
0.6899913696711665
0.7948164119032194
0.7135038839094375
0.8318531545898552
0.6614949703457526
0.6267184734549809
0.6739524144425043
0.40660097217576907
0.519567551855768
0.5853455461964938
0.7557070389838343
0.4611635345227476
0.8052700820792441
0.6704648947179574
0.6785845036588807
0.4071637879091047
0.7160135546660025
0.6746161053870022
0.6795005892492555
0.183352538493982
0.46599795198674254
0.10643285259952334
0.4203322567034699
0.5946325137559413
0.6603261465525331
0.7617104220616229
0.7676181509700013
0.3968762635450714
0.6035914463743547
0.0458381346234955
0.8074359841058047
0.2760541065658045
0.7553002811606336
0.0
0.7784580240413287
0.828810504053152
0.43707923638564616
0.12868391285320918
0.5558359302149127
0.5804126965019214
0.8230610414323816
0.663815781559142
0.5613677442527566
0.7460004842548561
0.4920590647160442
0.39817298057208905
0.5904111626658357
0.65823042415492
0.7913038655725388
