48165.0
7268.0
5.0
896.0
11909.0
8366.0
26007.0
79.0
207230.0
5206.0
21026.0
180521.0
3963.0
18960.0
215187.0
152949.0
0.0
53565.0
203401.0
908.0
122131.0
194720.0
6645.0
217708.0
7128.0
18776.0
12560.0
0.0
139495.0
385.0
11776.0
28517.0
20624.0
0.0
7767.0
2.0
5327.0
284687.0
283463.0
152998.0
16933.0
1760.0
9023.0
357.0
41883.0
20318.0
6040.0
125452.0
101102.0
108390.0
20003.0
132349.0
0.0
3106.0
3953.0
1891.0
7788.0
202493.0
276692.0
16209.0
343122.0
29670.0
46696.0
23120.0
2316.0
7.0
77043.0
2.0
186654.0
246445.0
582.0
122741.0
0.0
99.0
3170.0
38132.0
37173.0
343910.0
898.0
419904.0
329632.0
269891.0
298123.0
55595.0
0.0
185681.0
1.0
7.0
325420.0
5645.0
129003.0
25700.0
74058.0
11355.0
14374.0
1.0
20020.0
385.0
9375.0
10431.0
3176.0
56767.0
33436.0
22674.0
60110.0
132022.0
26422.0
14191.0
152.0
243226.0
2.0
47289.0
74057.0
20975.0
890.0
23373.0
75282.0
0.0
328153.0
15338.0
75925.0
2338.0
28148.0
17387.0
14649.0
12564.0
16427.0
193806.0
5.0
0.0
147755.0
2.0
28653.0
23509.0
60424.0
52959.0
341547.0
5502.0
75249.0
0.0
6.0
25342.0
1020.0
4344.0
28019.0
90.0
15543.0
110450.0
17358.0
30333.0
717.0
25381.0
6158.0
1324.0
177962.0
25827.0
16734.0
13839.0
2998.0
10490.0
1.0
385.0
105.0
51794.0
103352.0
5053.0
76876.0
21.0
28480.0
5097.0
20838.0
1024.0
7.0
945.0
1507.0
551.0
88453.0
25912.0
22769.0
5.0
15138.0
336.0
934.0
2641.0
24536.0
8255.0
51535.0
1.0
54146.0
0.0
28760.0
1468.0
169719.0
2348.0
0.0
142791.0
166239.0
7857.0
221042.0
9369.0
2319.0
14747.0
0.0
114105.0
105017.0
9562.0
12000.0
7880.0
23048.0
2.0
662.0
5928.0
34583.0
385.0
5.0
24516.0
151941.0
14686.0
4.0
182196.0
20211.0
10012.0
1517.0
3440.0
2103.0
23716.0
1853.0
1.0
1364.0
126.0
65068.0
23191.0
33849.0
29336.0
29483.0
663.0
49971.0
30391.0
52.0
10160.0
14980.0
20312.0
225085.0
133740.0
173.0
0.0
28054.0
320137.0
0.0
15908.0
884.0
20854.0
5728.0
6.0
63158.0
12575.0
194925.0
9100.0
156758.0
264915.0
366.0
27621.0
496.0
253104.0
14548.0
37173.0
17557.0
74919.0
17133.0
986.0
116125.0
28496.0
0.0
259830.0
5621.0
300816.0
7119.0
3445.0
15502.0
4211.0
9.0
32316.0
1656.0
24986.0
44594.0
15342.0
18785.0
17320.0
108346.0
360.0
811.0
189864.0
60460.0
7527.0
126484.0
0.0
161814.0
14430.0
5541.0
2547.0
135038.0
7887.0
496.0
0.0
354427.0
142824.0
11.0
5876.0
8559.0
34000.0
56340.0
1.0
24589.0
114187.0
11508.0
28577.0
18920.0
27.0
92199.0
5402.0
1.0
75633.0
18490.0
11539.0
12901.0
4425.0
313.0
6.0
11274.0
2.0
342665.0
138685.0
20897.0
26277.0
862.0
7813.0
114699.0
49780.0
16102.0
105012.0
13.0
58548.0
101099.0
4368.0
13847.0
0.0
4506.0
21111.0
2.0
1029.0
13615.0
323335.0
23184.0
7690.0
83.0
2.0
4879.0
10423.0
28248.0
33721.0
20012.0
91045.0
1695.0
65828.0
3356.0
1072.0
37.0
20050.0
6351.0
201668.0
39363.0
0.0
98654.0
385.0
22879.0
8552.0
22268.0
52.0
17063.0
11082.0
61102.0
72816.0
3298.0
170645.0
2765.0
5582.0
137341.0
0.0
0.0
81427.0
64279.0
26330.0
72439.0
58182.0
267244.0
4048.0
121840.0
1021.0
311258.0
99911.0
14993.0
15938.0
23940.0
62562.0
16231.0
11187.0
19423.0
1033.0
63483.0
96581.0
5411.0
642.0
2174.0
2.0
236037.0
42778.0
129638.0
145150.0
17480.0
2.0
112713.0
0.0
500.0
21054.0
78828.0
2.0
175375.0
2.0
384.0
14754.0
213340.0
289280.0
0.0
5232.0
110887.0
11423.0
4218.0
0.0
5157.0
58844.0
22853.0
75385.0
13068.0
2057.0
0.0
21810.0
49066.0
12029.0
1667.0
1358.0
2.0
28091.0
5.0
2739.0
1165.0
42733.0
58844.0
292930.0
16510.0
912.0
22901.0
26204.0
0.0
0.0
193092.0
8950.0
6.0
58540.0
2203.0
11209.0
105818.0
106763.0
6749.0
952.0
144.0
0.0
0.0
334097.0
16233.0
18396.0
24484.0
1062.0
0.0
172.0
94022.0
32036.0
0.0
1842.0
4835.0
89367.0
317441.0
0.0
0.0
53516.0
24728.0
157788.0
292930.0
423.0
3617.0
216847.0
37173.0
7766.0
3643.0
19726.0
6247.0
9462.0
41284.0
8881.0
1791.0
49.0
72039.0
6.0
298264.0
18041.0
5118.0
236745.0
25439.0
53181.0
18698.0
272786.0
0.0
156968.0
7215.0
5670.0
24047.0
7362.0
10.0
20788.0
170028.0
0.0
20778.0
113528.0
3420.0
181127.0
5635.0
217481.0
62132.0
15760.0
0.0
337970.0
219636.0
237755.0
192264.0
8015.0
96141.0
0.0
50173.0
49259.0
868.0
2409.0
26755.0
86272.0
13670.0
4866.0
18583.0
13182.0
0.0
91741.0
52720.0
10721.0
26162.0
62.0
7108.0
1655.0
184.0
216399.0
1.0
0.0
16347.0
7524.0
30048.0
10799.0
2.0
37476.0
2107.0
13494.0
13538.0
0.0
330744.0
276521.0
535.0
180.0
228574.0
2417.0
22753.0
41647.0
270423.0
5862.0
20809.0
15923.0
353503.0
3608.0
101115.0
15837.0
91586.0
15969.0
100083.0
0.0
28489.0
3008.0
16.0
83.0
264.0
209.0
160761.0
26.0
24684.0
71.0
13056.0
88075.0
15249.0
4540.0
0.0
15546.0
322197.0
14468.0
7925.0
2711.0
72940.0
52376.0
71058.0
33741.0
14516.0
17907.0
135580.0
0.0
16644.0
460.0
119466.0
43987.0
321419.0
7007.0
11151.0
30328.0
672.0
185.0
5.0
21060.0
35214.0
5.0
276363.0
19.0
8375.0
0.0
217700.0
27694.0
62027.0
127464.0
9572.0
333147.0
7.0
5287.0
263437.0
6370.0
13205.0
2319.0
35454.0
19653.0
32036.0
789.0
111564.0
243275.0
7253.0
58844.0
221009.0
35022.0
0.0
246145.0
224.0
5.0
15950.0
52855.0
15990.0
223.0
102944.0
2.0
36766.0
2026.0
0.0
78875.0
12962.0
1025.0
23157.0
2780.0
27.0
0.0
23373.0
11165.0
3337.0
218272.0
81470.0
2237.0
5816.0
2.0
3529.0
153347.0
11092.0
138033.0
0.0
0.0
4089.0
2.0
14765.0
16329.0
5323.0
7.0
0.0
49025.0
20070.0
17379.0
0.0
0.0
14698.0
16726.0
2.0
68591.0
113717.0
1395.0
8806.0
10479.0
389.0
2278.0
87.0
47766.0
6610.0
21187.0
215.0
12913.0
4391.0
228196.0
284673.0
11485.0
0.0
0.0
170306.0
177923.0
98416.0
0.0
227.0
32094.0
1.0
16199.0
4235.0
560.0
167649.0
138.0
20657.0
9044.0
20778.0
12132.0
21191.0
161.0
103986.0
8499.0
148307.0
23784.0
0.0
2.0
3440.0
74733.0
325566.0
51257.0
0.0
73242.0
350103.0
219034.0
24405.0
32614.0
13412.0
30211.0
14146.0
24825.0
57251.0
0.0
5972.0
305199.0
15906.0
3081.0
48475.0
3988.0
845.0
3122.0
171.0
23238.0
14927.0
0.0
292930.0
292.0
0.0
28561.0
1883.0
1.0
9799.0
12148.0
6.0
136.0
2.0
348663.0
62901.0
11343.0
5400.0
15064.0
282410.0
19028.0
19.0
262572.0
11804.0
84066.0
43785.0
49124.0
8848.0
5.0
1289.0
289722.0
0.0
12875.0
74451.0
17335.0
44139.0
240007.0
0.0
23936.0
187588.0
0.0
21.0
2367.0
12503.0
2421.0
0.0
63104.0
2191.0
131.0
1069.0
37778.0
2975.0
96887.0
159049.0
1742.0
13823.0
336182.0
21892.0
25.0
5.0
108248.0
328945.0
192028.0
93624.0
48313.0
23141.0
4711.0
10634.0
0.0
15561.0
5.0
22262.0
1576.0
1144.0
207113.0
3176.0
190.0
292270.0
10476.0
4326.0
52380.0
107845.0
142266.0
5114.0
180.0
182741.0
24394.0
188171.0
82083.0
180647.0
354757.0
4235.0
24605.0
25.0
20100.0
7617.0
0.0
145859.0
3961.0
29565.0
319276.0
17952.0
2.0
28937.0
1070.0
3986.0
1449.0
90858.0
2.0
39390.0
144584.0
170913.0
1260.0
2065.0
2468.0
138.0
16472.0
24.0
97.0
5.0
463.0
565.0
29610.0
15.0
7059.0
10224.0
0.0
343019.0
1030.0
711.0
20590.0
40943.0
5271.0
22581.0
15531.0
16296.0
9984.0
4716.0
2.0
2964.0
2.0
4497.0
706.0
305299.0
773.0
3.0
9255.0
80.0
385.0
10391.0
30427.0
287007.0
5.0
23744.0
23341.0
0.0
1.0
251345.0
54477.0
2.0
1349.0
21926.0
2.0
86616.0
5246.0
102345.0
14629.0
6664.0
584.0
40558.0
5232.0
1588.0
162008.0
18534.0
0.0
13149.0
19394.0
2.0
14990.0
22713.0
153.0
280.0
1680.0
198376.0
0.0
267752.0
0.0
19378.0
34303.0
274932.0
1.0
113717.0
24772.0
1.0
14059.0
12268.0
135984.0
3792.0
24056.0
18471.0
27.0
222.0
33308.0
14244.0
1.0
678.0
25869.0
31576.0
350632.0
89954.0
299691.0
27.0
5.0
21878.0
266067.0
10768.0
21039.0
81732.0
15077.0
9.0
247414.0
3659.0
73100.0
112063.0
334358.0
57928.0
727.0
0.0
3909.0
286254.0
4839.0
744.0
11731.0
5852.0
22173.0
0.0
0.0
0.0
30424.0
6299.0
14547.0
40999.0
325440.0
76177.0
21960.0
131906.0
337158.0
241744.0
170263.0
304.0
8.0
2920.0
5232.0
229151.0
218951.0
21797.0
1.0
46214.0
67671.0
53329.0
4142.0
141801.0
6.0
11909.0
0.0
0.0
243666.0
178932.0
21493.0
0.0
95621.0
111292.0
24299.0
25825.0
83279.0
6029.0
110677.0
6152.0
91968.0
25017.0
1.0
4682.0
1349.0
22682.0
6565.0
130071.0
25401.0
534.0
21840.0
18332.0
142898.0
16641.0
2541.0
121761.0
0.0
357.0
1057.0
273436.0
23701.0
8699.0
87464.0
27914.0
2976.0
2870.0
2586.0
24336.0
752.0
21283.0
19919.0
28.0
6320.0
4506.0
4518.0
4106.0
2.0
7887.0
86716.0
9077.0
80264.0
1193.0
15028.0
10518.0
22398.0
19560.0
0.0
1722.0
251360.0
0.0
37669.0
6247.0
19781.0
326.0
9548.0
18325.0
79013.0
1118.0
139.0
19500.0
31185.0
7.0
19115.0
6077.0
98.0
29379.0
8257.0
5176.0
10472.0
22188.0
7299.0
26172.0
133885.0
1.0
4647.0
9731.0
10465.0
1847.0
1501.0
27719.0
2.0
62118.0
19514.0
2587.0
3366.0
182652.0
379.0
178937.0
52371.0
0.0
13228.0
171554.0
5.0
143213.0
966.0
27193.0
62649.0
7510.0
149544.0
28259.0
4074.0
197.0
83542.0
5.0
5.0
16473.0
26450.0
19466.0
16229.0
0.0
147999.0
29515.0
203098.0
295258.0
19033.0
750.0
82899.0
1159.0
49418.0
17307.0
266068.0
22774.0
21475.0
16396.0
24713.0
1.0
8534.0
795.0
319230.0
26519.0
17369.0
70947.0
6612.0
10168.0
58495.0
25108.0
328936.0
50705.0
62915.0
2773.0
17513.0
4510.0
2974.0
5648.0
7749.0
21910.0
23813.0
385.0
0.0
81689.0
155166.0
18601.0
5494.0
35436.0
222950.0
104591.0
2.0
2.0
1.0
386.0
6314.0
1.0
276064.0
2.0
197543.0
9095.0
0.0
51.0
2.0
248672.0
37315.0
12123.0
2.0
16723.0
87240.0
89492.0
729.0
672.0
10.0
584.0
36995.0
293749.0
17475.0
156250.0
204300.0
25262.0
6532.0
1002.0
7.0
21458.0
14175.0
19775.0
787.0
7.0
87402.0
186.0
189814.0
286165.0
17401.0
7294.0
87055.0
194900.0
5620.0
21764.0
5836.0
84641.0
44055.0
643.0
33215.0
141856.0
0.0
77019.0
4549.0
15450.0
9974.0
78851.0
297962.0
17621.0
88873.0
78955.0
61464.0
162008.0
21363.0
18615.0
1984.0
149176.0
6439.0
9049.0
876.0
15289.0
577.0
2.0
124.0
1.0
24862.0
1721.0
10797.0
0.0
2.0
22351.0
1988.0
4065.0
183927.0
19999.0
36309.0
4924.0
0.0
2791.0
143816.0
9911.0
20070.0
215078.0
259365.0
8096.0
73391.0
114453.0
14544.0
236873.0
58706.0
495.0
1.0
74227.0
2774.0
18473.0
88328.0
16898.0
12304.0
7630.0
0.0
11034.0
29483.0
59670.0
5616.0
2.0
7942.0
197499.0
8970.0
215253.0
431.0
81689.0
0.0
17406.0
21026.0
325.0
4790.0
2.0
292035.0
385.0
4352.0
5651.0
8216.0
3150.0
349920.0
7.0
287873.0
10011.0
12496.0
40143.0
173851.0
109119.0
7220.0
1.0
0.0
0.0
34144.0
251699.0
2.0
26932.0
68349.0
233651.0
7029.0
327716.0
5.0
23373.0
34680.0
18572.0
0.0
182846.0
266524.0
3173.0
61677.0
59922.0
171281.0
267.0
13807.0
14485.0
2903.0
0.0
930.0
2.0
364.0
120.0
2.0
8597.0
132799.0
132631.0
189017.0
18639.0
0.0
14402.0
385.0
3346.0
54.0
47.0
3280.0
8.0
3300.0
18367.0
341409.0
1.0
290.0
21911.0
923.0
4348.0
59966.0
291191.0
4034.0
25587.0
25092.0
167803.0
3290.0
66570.0
2325.0
2.0
15171.0
2018.0
3.0
4350.0
21739.0
59405.0
2.0
346096.0
4009.0
25152.0
19449.0
8911.0
29558.0
12722.0
2644.0
157522.0
276021.0
3986.0
261.0
0.0
2562.0
27073.0
192.0
0.0
0.0
20129.0
145955.0
1882.0
81257.0
22566.0
19198.0
2.0
49259.0
244.0
88911.0
104110.0
16248.0
15158.0
5104.0
162172.0
21544.0
29555.0
12829.0
490.0
36379.0
423.0
0.0
1478.0
33843.0
411.0
11187.0
39995.0
36874.0
20006.0
9526.0
317170.0
195.0
142.0
138249.0
190457.0
787.0
72.0
10108.0
0.0
241661.0
0.0
25098.0
30642.0
113616.0
21110.0
137336.0
26465.0
325386.0
198.0
4607.0
2.0
45576.0
840.0
0.0
44429.0
611.0
15968.0
270.0
739.0
194548.0
183991.0
291897.0
966.0
187312.0
23848.0
4026.0
93837.0
1904.0
15470.0
1833.0
277135.0
300.0
12687.0
8714.0
385.0
15169.0
38658.0
2.0
6.0
74387.0
5.0
19568.0
34147.0
160137.0
19292.0
30456.0
8918.0
161069.0
385.0
20551.0
58750.0
40527.0
22507.0
0.0
301105.0
53469.0
105691.0
517.0
251036.0
9359.0
8366.0
4901.0
9900.0
191611.0
1.0
2.0
52865.0
5232.0
1.0
7545.0
385.0
4998.0
1483.0
296913.0
2.0
67451.0
14525.0
9603.0
3467.0
164258.0
6749.0
4.0
1526.0
5615.0
4560.0
12246.0
28525.0
8823.0
181135.0
24683.0
44440.0
7708.0
24310.0
13227.0
24875.0
2035.0
16453.0
4601.0
2.0
253083.0
403498.0
1.0
151532.0
1956.0
14681.0
66689.0
23142.0
6797.0
12172.0
221406.0
147539.0
376.0
6747.0
98324.0
2072.0
3161.0
0.0
74.0
76897.0
385.0
11468.0
12128.0
26657.0
255.0
2.0
21828.0
0.0
2506.0
2.0
8417.0
2675.0
21743.0
25885.0
10386.0
10119.0
221817.0
24412.0
1274.0
18471.0
76615.0
22554.0
3399.0
113034.0
0.0
20106.0
7.0
26661.0
6.0
5042.0
22673.0
61783.0
27429.0
39261.0
61102.0
453.0
0.0
81088.0
72381.0
0.0
398.0
311736.0
34627.0
0.0
4371.0
33989.0
814.0
29.0
146309.0
2.0
890.0
299691.0
57502.0
3839.0
22878.0
24299.0
30.0
12652.0
16371.0
10543.0
1.0
2930.0
2.0
385.0
22489.0
4363.0
29020.0
17628.0
3.0
16584.0
1284.0
190.0
430.0
22081.0
9.0
126095.0
321776.0
28992.0
2.0
996.0
0.0
16754.0
0.0
28939.0
709.0
2.0
232816.0
1472.0
0.0
82.0
303562.0
9682.0
205770.0
270.0
120690.0
78544.0
4241.0
9.0
0.0
0.0
21234.0
9122.0
293051.0
9155.0
318960.0
170658.0
394.0
0.0
148.0
304582.0
385.0
0.0
13453.0
117300.0
21950.0
5253.0
17246.0
1.0
12227.0
3.0
12231.0
26287.0
5173.0
9103.0
25167.0
2119.0
4885.0
148.0
9434.0
0.0
6319.0
119455.0
2.0
69152.0
90183.0
10.0
2042.0
5497.0
4374.0
0.0
2.0
2643.0
288337.0
7449.0
25414.0
24081.0
45567.0
23141.0
252707.0
142.0
9714.0
15936.0
4476.0
1915.0
241678.0
21062.0
50779.0
64607.0
17949.0
38693.0
15597.0
261838.0
704.0
12072.0
127888.0
314216.0
20750.0
21312.0
234.0
352.0
11417.0
78391.0
8294.0
16025.0
668.0
1222.0
42635.0
175958.0
0.0
2.0
164068.0
19499.0
1.0
