1025.0
179187.0
221.0
0.0
73067.0
107029.0
1.0
234297.0
4898.0
38139.0
8412.0
127467.0
3630.0
37.0
7860.0
416.0
43.0
7599.0
10672.0
36200.0
15541.0
48735.0
14147.0
10459.0
27331.0
59919.0
0.0
10421.0
132407.0
113675.0
1.0
0.0
328668.0
143698.0
214.0
24249.0
1760.0
49.0
332624.0
1193.0
56104.0
266067.0
8968.0
21026.0
30694.0
207933.0
202901.0
9778.0
17.0
331.0
0.0
943.0
286412.0
66904.0
36901.0
7040.0
16071.0
3170.0
1786.0
1288.0
5.0
147296.0
2973.0
550.0
2976.0
0.0
0.0
154828.0
5502.0
4089.0
7162.0
16861.0
1.0
702.0
21682.0
3037.0
2.0
385.0
9398.0
48124.0
116417.0
7472.0
11619.0
23656.0
13561.0
0.0
122955.0
40283.0
2460.0
23641.0
52282.0
0.0
243714.0
129137.0
24.0
2.0
18366.0
5.0
20545.0
2998.0
233883.0
0.0
0.0
12695.0
64951.0
15305.0
20427.0
18348.0
6.0
384.0
15222.0
302379.0
23617.0
13351.0
8795.0
51178.0
36293.0
5413.0
5745.0
122027.0
5598.0
11723.0
31358.0
76046.0
8205.0
12583.0
7493.0
385.0
68.0
25044.0
0.0
2.0
1.0
29358.0
18315.0
30598.0
0.0
15483.0
211829.0
28.0
299174.0
5.0
33843.0
23466.0
2886.0
0.0
16897.0
18444.0
7.0
260911.0
61.0
20087.0
199698.0
2.0
97716.0
618.0
325377.0
285.0
17477.0
191149.0
5726.0
81501.0
688.0
4459.0
349236.0
18851.0
2421.0
23106.0
248580.0
27367.0
0.0
14335.0
3540.0
175113.0
69592.0
93858.0
158.0
6276.0
18.0
0.0
110.0
11105.0
26465.0
2.0
5577.0
15830.0
0.0
241.0
1080.0
0.0
24356.0
70579.0
3.0
25354.0
45096.0
11187.0
121841.0
63104.0
120702.0
24190.0
5.0
2.0
8926.0
9291.0
385.0
1073.0
2.0
327703.0
21.0
1507.0
135883.0
8300.0
5.0
21126.0
11143.0
343.0
30427.0
5.0
103637.0
323.0
13345.0
666.0
273858.0
22949.0
183877.0
66.0
0.0
14498.0
3096.0
78152.0
24977.0
1.0
14388.0
6978.0
159683.0
21742.0
243275.0
18698.0
11.0
11087.0
6123.0
61102.0
202560.0
0.0
2206.0
0.0
224297.0
84491.0
231.0
206523.0
49962.0
48034.0
40415.0
2.0
1.0
13068.0
13835.0
25954.0
871.0
12369.0
17669.0
27.0
19560.0
0.0
3040.0
37031.0
2631.0
97703.0
4351.0
93803.0
11207.0
19718.0
385.0
25200.0
4753.0
4476.0
0.0
41063.0
283416.0
11118.0
2.0
36129.0
176866.0
78828.0
148307.0
17308.0
753.0
225.0
26810.0
2.0
14908.0
3157.0
5836.0
28319.0
143069.0
37173.0
23425.0
24024.0
3571.0
273.0
1530.0
1.0
19491.0
10131.0
1.0
271.0
166613.0
33585.0
41790.0
146264.0
28577.0
16693.0
10701.0
275.0
2.0
5754.0
608.0
633.0
10987.0
321428.0
0.0
294893.0
168.0
11645.0
0.0
19668.0
9690.0
31704.0
147456.0
109217.0
91609.0
8552.0
66967.0
2.0
148324.0
144326.0
221666.0
833.0
4235.0
109.0
301846.0
26958.0
0.0
10607.0
5.0
25731.0
32220.0
5343.0
142.0
17307.0
2141.0
28.0
21.0
167684.0
32036.0
26038.0
226915.0
17163.0
5.0
80738.0
2306.0
114123.0
6.0
6111.0
2.0
0.0
213510.0
4.0
151049.0
275.0
39596.0
8911.0
14262.0
5.0
251043.0
50203.0
0.0
22489.0
9645.0
32523.0
4126.0
39219.0
350.0
1.0
201.0
238685.0
99697.0
68526.0
4.0
2096.0
53368.0
0.0
26993.0
41814.0
27037.0
10458.0
8184.0
24137.0
12805.0
126.0
1125.0
0.0
175233.0
610.0
3513.0
4867.0
6089.0
20357.0
61153.0
30.0
10429.0
6129.0
66789.0
23188.0
29900.0
10180.0
25189.0
14205.0
17525.0
5.0
318501.0
14611.0
385.0
5963.0
7144.0
95292.0
0.0
633.0
17328.0
192028.0
6797.0
2462.0
0.0
63140.0
5.0
39995.0
116358.0
588.0
0.0
71126.0
45820.0
7598.0
32379.0
0.0
320137.0
248810.0
10004.0
14729.0
2528.0
6946.0
17241.0
55755.0
25479.0
356276.0
285954.0
36769.0
19508.0
4043.0
286710.0
7.0
5178.0
15757.0
0.0
21518.0
23647.0
20816.0
68910.0
62866.0
2.0
19577.0
5245.0
48291.0
9344.0
3797.0
11509.0
248672.0
14175.0
227523.0
22149.0
303.0
172914.0
265646.0
23262.0
32925.0
18672.0
0.0
688.0
19090.0
2.0
9056.0
28376.0
635.0
61484.0
2648.0
171152.0
37173.0
6709.0
157522.0
30.0
12901.0
257407.0
26862.0
105012.0
385.0
78564.0
50827.0
8366.0
8504.0
2.0
151193.0
1.0
6539.0
18942.0
1293.0
183528.0
942.0
187263.0
11.0
525.0
34627.0
10780.0
3542.0
161.0
1889.0
184979.0
148893.0
304565.0
8015.0
12738.0
8288.0
443.0
180969.0
13142.0
16419.0
5412.0
259250.0
2547.0
99067.0
77399.0
8902.0
3115.0
19773.0
16644.0
19886.0
70379.0
15858.0
348617.0
285920.0
21260.0
406.0
84068.0
20590.0
74847.0
84.0
13454.0
6.0
203300.0
7670.0
2.0
2.0
2.0
2583.0
1385.0
1818.0
94520.0
868.0
256676.0
11085.0
5659.0
61495.0
2786.0
389.0
1939.0
121840.0
27648.0
87098.0
167207.0
0.0
330744.0
15905.0
0.0
1002.0
8056.0
3081.0
7059.0
125041.0
23878.0
50778.0
2743.0
17651.0
18639.0
322150.0
255681.0
6844.0
152208.0
0.0
0.0
1579.0
12861.0
5136.0
13884.0
0.0
4786.0
739.0
51702.0
141888.0
31045.0
1576.0
34109.0
89826.0
129742.0
5134.0
22622.0
15120.0
22774.0
0.0
193650.0
5.0
113790.0
28439.0
2042.0
1032.0
244859.0
38567.0
1.0
35386.0
18006.0
2096.0
9984.0
986.0
0.0
0.0
340645.0
9743.0
295042.0
187464.0
10096.0
280024.0
508.0
232956.0
251228.0
123815.0
175711.0
107199.0
232.0
11909.0
26346.0
60.0
22794.0
34252.0
29684.0
59310.0
4647.0
579.0
19.0
3577.0
52128.0
154.0
47.0
10582.0
266036.0
0.0
14421.0
5.0
344075.0
280653.0
17651.0
22009.0
194900.0
8089.0
28259.0
166699.0
37114.0
5363.0
0.0
1181.0
0.0
4122.0
1.0
4444.0
122999.0
59129.0
138.0
15935.0
1.0
16069.0
22517.0
99911.0
9981.0
0.0
4270.0
512.0
314929.0
2547.0
1913.0
30.0
102353.0
11.0
53329.0
48658.0
83347.0
22781.0
41.0
1581.0
219117.0
337970.0
2921.0
14882.0
21.0
63909.0
6570.0
77785.0
61327.0
1.0
1.0
19123.0
1.0
3476.0
286165.0
10599.0
3995.0
467.0
2.0
249606.0
12854.0
160917.0
34136.0
14836.0
187.0
39688.0
2.0
74864.0
220921.0
7.0
110895.0
2.0
40.0
0.0
1386.0
229522.0
298978.0
23326.0
2.0
973.0
327614.0
123.0
1182.0
20467.0
5508.0
22507.0
58182.0
13257.0
2.0
1847.0
9650.0
20839.0
5.0
4374.0
17215.0
102084.0
0.0
43.0
60174.0
170.0
305578.0
248453.0
1706.0
3.0
4103.0
6370.0
343662.0
17313.0
297923.0
312946.0
25541.0
48689.0
384.0
12143.0
73521.0
0.0
69320.0
32256.0
3731.0
3.0
0.0
14177.0
0.0
31369.0
3617.0
2.0
33214.0
18128.0
0.0
58844.0
6.0
14402.0
4742.0
239713.0
1945.0
13249.0
4218.0
19039.0
267034.0
33413.0
16209.0
19075.0
10589.0
25209.0
7086.0
1812.0
22833.0
5592.0
93795.0
60630.0
145238.0
255516.0
2747.0
0.0
463.0
0.0
5.0
71248.0
309634.0
57.0
18784.0
57983.0
28054.0
8083.0
24343.0
14045.0
4148.0
5250.0
0.0
432.0
1.0
8055.0
567.0
23145.0
841.0
8272.0
88328.0
40923.0
352510.0
26846.0
16510.0
728.0
22285.0
111561.0
399.0
1.0
13781.0
6187.0
4238.0
9855.0
23695.0
15408.0
18140.0
24536.0
8187.0
181.0
5.0
966.0
40263.0
798.0
8196.0
27860.0
87666.0
385.0
26165.0
48454.0
12823.0
420.0
313902.0
18938.0
5287.0
6370.0
22348.0
2173.0
25989.0
163657.0
23233.0
6.0
177.0
318.0
0.0
7480.0
907.0
106987.0
2.0
5.0
248576.0
23425.0
138.0
5068.0
29008.0
135682.0
18325.0
12645.0
385.0
47452.0
20698.0
8041.0
28648.0
4373.0
23238.0
2035.0
109436.0
961.0
2204.0
75.0
24939.0
15990.0
21130.0
2454.0
26040.0
5539.0
2.0
2.0
18920.0
4742.0
0.0
3025.0
55638.0
22689.0
371767.0
1057.0
5.0
3534.0
10556.0
131.0
17792.0
38021.0
7767.0
495.0
53181.0
27484.0
63893.0
20761.0
4768.0
23996.0
29370.0
5.0
16280.0
0.0
25966.0
0.0
34844.0
282427.0
136.0
28799.0
26129.0
12287.0
24866.0
2061.0
21026.0
20763.0
0.0
24508.0
6687.0
324294.0
90835.0
882.0
36995.0
6718.0
1230.0
391.0
8082.0
25200.0
19140.0
18455.0
0.0
0.0
3697.0
10621.0
81056.0
2136.0
28225.0
102236.0
99304.0
9746.0
80883.0
1480.0
237151.0
0.0
103.0
7.0
429.0
10109.0
25822.0
2.0
6903.0
20792.0
46606.0
8502.0
95328.0
9900.0
167397.0
189814.0
75.0
11441.0
7131.0
26438.0
402.0
2.0
29339.0
0.0
190044.0
275.0
4557.0
10634.0
26755.0
311305.0
713.0
31370.0
74035.0
99588.0
66613.0
15246.0
23901.0
2.0
84473.0
2175.0
24200.0
3.0
224671.0
11637.0
46188.0
26530.0
11936.0
4470.0
25265.0
10315.0
11743.0
18960.0
28758.0
3.0
18750.0
3617.0
5189.0
23436.0
50236.0
21277.0
16767.0
2.0
282082.0
156051.0
606.0
2.0
3012.0
12610.0
1.0
226658.0
1721.0
182602.0
99402.0
15543.0
54.0
18337.0
4289.0
14250.0
324.0
696.0
114415.0
1525.0
3057.0
2946.0
6039.0
0.0
5507.0
287876.0
2438.0
79935.0
1339.0
7679.0
75076.0
1766.0
5296.0
18471.0
2950.0
6.0
29758.0
10431.0
66.0
11217.0
2004.0
3561.0
25567.0
6030.0
8935.0
2.0
9837.0
212.0
80367.0
5.0
73904.0
2.0
0.0
145833.0
2216.0
957.0
4280.0
2.0
2313.0
19052.0
130761.0
1.0
0.0
52129.0
1226.0
71124.0
4570.0
2.0
35781.0
237.0
27484.0
398.0
127888.0
162198.0
0.0
457.0
14479.0
14263.0
261130.0
10777.0
18476.0
29284.0
1544.0
2.0
202458.0
9216.0
0.0
790.0
1517.0
26342.0
4198.0
22081.0
277115.0
15563.0
7.0
19805.0
26620.0
6874.0
0.0
11806.0
284212.0
5.0
152926.0
21802.0
19316.0
27860.0
5293.0
6874.0
791.0
7620.0
3381.0
1603.0
874.0
12653.0
6510.0
218272.0
70318.0
259400.0
313911.0
4.0
84534.0
6783.0
114517.0
0.0
143840.0
37793.0
16219.0
21950.0
0.0
5376.0
1222.0
0.0
37895.0
97339.0
111774.0
315668.0
21678.0
1029.0
775.0
5855.0
122440.0
5075.0
23014.0
3150.0
2511.0
385.0
87944.0
143610.0
0.0
71002.0
7089.0
18760.0
2.0
66.0
12927.0
135578.0
357085.0
69813.0
14842.0
47384.0
255102.0
6158.0
385.0
960.0
873.0
0.0
26975.0
41980.0
105649.0
15551.0
0.0
7001.0
11092.0
0.0
301606.0
600.0
7991.0
8699.0
8524.0
77019.0
54769.0
348511.0
194380.0
385.0
193117.0
13276.0
267752.0
291533.0
658.0
19147.0
101115.0
219.0
16431.0
0.0
218637.0
4210.0
0.0
10799.0
18494.0
20281.0
6439.0
102.0
3645.0
5622.0
917.0
77899.0
29837.0
0.0
210232.0
27905.0
2076.0
26883.0
22580.0
2.0
7821.0
83003.0
2278.0
28965.0
21281.0
74699.0
20659.0
4316.0
356546.0
2.0
28446.0
68843.0
22823.0
7928.0
7145.0
18142.0
17722.0
39.0
0.0
10150.0
0.0
9399.0
1983.0
0.0
89211.0
86258.0
4088.0
4440.0
5746.0
25858.0
11274.0
884.0
5673.0
6998.0
5444.0
3617.0
26494.0
40006.0
60157.0
99785.0
103341.0
0.0
6180.0
1.0
24986.0
16670.0
336.0
286816.0
195873.0
250356.0
60.0
29061.0
2.0
216733.0
4878.0
71.0
15940.0
140517.0
13285.0
17681.0
27.0
301758.0
7191.0
3638.0
3642.0
10173.0
32728.0
5.0
8748.0
1679.0
17466.0
288235.0
24743.0
161492.0
222.0
5638.0
15036.0
20424.0
5165.0
246049.0
384.0
204.0
12582.0
293598.0
18083.0
6573.0
20003.0
200806.0
145754.0
51308.0
17918.0
114818.0
269799.0
1102.0
32706.0
6859.0
1.0
131221.0
14754.0
235276.0
277736.0
7357.0
107632.0
28099.0
226242.0
262.0
1.0
47938.0
9236.0
0.0
2.0
2057.0
10405.0
301076.0
16581.0
152483.0
0.0
82083.0
181414.0
18803.0
1.0
5742.0
8484.0
21475.0
748.0
17.0
2588.0
222228.0
260254.0
24106.0
957.0
75769.0
49257.0
7.0
0.0
0.0
277771.0
23320.0
78989.0
8837.0
0.0
29232.0
87.0
238780.0
87736.0
16873.0
307.0
2.0
10912.0
183866.0
24221.0
0.0
32316.0
5.0
18.0
16656.0
326.0
120733.0
90340.0
0.0
58495.0
3793.0
206243.0
18784.0
9359.0
20218.0
56340.0
87645.0
2804.0
28961.0
259289.0
441.0
140185.0
251241.0
4129.0
