80567 72873
5 3
21372 16370
2 1
21216 16264
17881 18409
0 1
5 107
798 2727
41931 71262
150056 100536
0 1
26979 26414
9094 9579
99341 61923
61407 74994
2672 7705
87055 59237
2 2
1134 285
104653 86029
180152 213248
4222 44815
29053 64039
333097 230824
28099 16907
0 1
29330 41226
2124 2903
40605 85910
4321 6880
2 1
1 11
688 7535
243162 135513
2768 56046
26683 31387
139996 92578
49780 67691
9924 2514
146356 149946
1118 314
2 1
19198 4669
430 237
385 3165
128426 93438
183866 106862
43648 29639
5453 2577
18920 17523
12497 27552
12574 9225
28814 21327
1782 1422
2981 2682
11637 7750
332 6781
15048 12545
22901 18658
260802 142932
5321 2862
132 57
25129 19861
3421 1222
2865 3547
11637 9415
66115 74634
6263 9553
18156 4839
7 62
184420 110466
1692 1224
11082 11976
9 8
38496 71301
22052 61963
12543 12245
21382 20855
36313 29562
0 2
11088 6085
43327 95166
12420 12848
142707 93637
27905 36116
2 1
0 29
34951 66745
19 40
2 1
152573 116475
20034 61356
185296 135361
3050 594
461 5649
10017 1038
0 1
318780 169022
62568 137976
23725 12345
12261 3655
24 53
0 1
2462 8112
1 2
7037 9823
25523 28057
14411 1860
60630 39796
65016 74314
0 1
145616 99049
182321 111790
21026 23754
162 59
2462 8112
11866 12423
288 1039
16136 10728
8366 10647
62340 128616
2 2
11233 12114
0 1
93837 61630
7 119
9645 11204
5 2
21742 23081
1492 628
24905 22574
18440 13212
24508 25566
2204 711
0 1
17938 46476
247802 140189
61102 141518
385 5694
1102 29
287007 154402
2941 322
353 178
0 1
48689 40328
14576 7754
285 42
52693 105196
1107 678
24248 24956
368 290
216084 123068
17053 14899
13160 59258
99304 84410
744 246
24294 25054
11821 9324
326117 172477
2 1
138 32
140136 97239
74736 83842
545 987
27247 33329
26170 43134
25167 8021
27 1363
767 77
24463 20548
0 1
21575 12564
19 84
8 8
5922 6191
6875 7768
313169 166397
4695 125
3 143
289310 162872
2409 329
2479 1779
5365 2189
10813 14605
16907 15587
24743 12959
216399 228035
26808 31829
26154 29719
12717 13016
49 45
52347 70688
24342 3938
2 9
28849 38805
6525 7301
59064 97378
156758 178899
25767 28532
2950 8004
5 2
0 1
17731 16174
280954 183037
37876 50497
5386 3101
22701 22396
22241 23931
364 70
5 4
222 1260
1 1
11866 12434
24825 34988
22477 25560
2 1
19103 17942
67081 74917
143226 98253
1 6
18849 17659
29209 24229
21244 23452
3983 169
30495 40039
80380 78792
11332 12174
239726 230093
196 8
293527 157374
4329 1849
84820 136039
7848 9750
101 1000
19080 7180
2 2
24457 25480
25983 29204
307350 229503
2 1
245148 144807
26677 16596
53328 89114
5821 5059
15484 14672
71 35
114187 141549
268428 146211
27860 50424
2 2
52095 84123
35008 66813
0 1
112684 88516
101440 64847
23425 18356
3280 508
64279 149873
280653 170240
1 1
22444 28286
5 2
2245 1690
235259 130891
304009 162148
112609 143981
0 1
86669 65778
259250 142272
22377 29564
8589 2577
5623 56958
125470 120414
19 78
24065 27949
304295 162283
3805 4725
24484 25537
15 10
8 32
51812 78870
151512 97081
309 3425
29944 44394
22581 22180
25083 26938
105593 178239
303884 227373
1270 704
21016 11605
170272 145867
19632 18622
14152 10263
43 14
6 3
75338 27736
399 83
21167 14153
1137 82
15058 11820
342203 180249
15338 14545
17336 15904
23537 40012
653 73
2 3
164258 204017
296776 168775
5024 357
7867 7242
57502 28259
18455 17048
89742 35130
121553 80127
137868 94807
5296 8502
260254 143221
0 4
26812 38039
452 7477
0 3
18534 17255
795 5609
10506 5888
118401 70776
4577 5444
29810 21673
213428 123523
161492 104405
836 2502
126 23
847 544
145 2976
290388 155954
204360 116165
0 1
496 58
191149 114996
1915 4015
0 1
2274 2281
1343 1535
291897 156630
33843 47668
198532 128916
11173 6112
162442 119699
13310 11625
2644 8169
127715 93210
0 1
9682 5421
86 24
27321 29259
979 5080
1737 296
112632 86116
74267 77006
13895 9267
326288 172556
25576 18210
221457 144318
51 3
17498 43019
72335 76436
269958 156863
2 1
384 1044
4845 2470
24450 5904
342370 180328
0 1
73274 149401
1475 4247
4508 8760
1434 6711
20636 12677
0 1
58025 73125
66 1262
17434 23832
216733 128706
27426 34172
0 1
4032 1112
8154 5230
12148 6995
9572 5618
272321 150660
5 79
0 1
7263 8778
5956 57062
2057 10
162652 178657
234819 132060
23683 24057
34563 27434
43 9
2 3
45351 70570
6864 9754
1023 412
49923 38876
26661 15373
0 4
15077 18245
19120 16092
29919 44262
323335 171156
2224 4624
0 2
11 79
2 1
40999 46707
0 4
15455 14641
60 49
4702 12006
20006 45254
26261 18806
108832 87316
13524 4329
236 272
28830 22469
22879 20049
301511 161008
954 216
187 1357
16873 9158
5 3
3986 8555
7686 1664
25334 19574
13946 12004
283463 152808
1502 2424
6370 3718
11861 10884
0 1
16925 12878
2 1
11468 12247
16915 7802
278345 152535
17518 7080
5 2
2110 7985
48454 45802
2056 380
11730 6307
560 304
14165 7476
1439 680
124067 88644
77655 32668
9495 5773
0 1845
2 5
8015 10398
8216 10541
22781 22530
0 1
0 1
6265 9554
4748 5353
23513 17047
18476 17234
17686 8062
36188 70059
385 1835
24332 25277
17949 5555
1922 10
6482 5089
25517 11077
21079 16548
7679 8232
1836 820
123773 77014
1812 1945
36312 24981
0 1
48313 28885
866 367
13894 18325
0 1
29122 40485
9855 5621
24200 22941
17274 12948
2404 1528
278224 150480
336466 177450
179490 208762
83 27
13671 19097
0 2
1869 3490
53158 76100
12356 5724
560 4
27621 61983
22509 22079
19344 2186
57983 53308
36103 20751
0 2
300816 171088
191979 115311
1883 1532
236037 132559
19209 18158
65940 93781
1844 16812
5287 4038
9189 22838
6252 2564
5794 5199
19623 6944
16660 10830
57217 72082
22068 24904
115728 89449
0 6
15650 10793
5553 4649
2538 3361
79358 78499
13587 11598
196521 131215
14600 8573
8533 8662
108137 87101
12575 12969
2 3
241661 144363
0 1
22622 45027
303972 162132
214 875
38326 70402
91781 82165
0 1
0 1
2824 9993
2 1
6 5
14199 7487
56853 85548
342465 183611
162765 178876
22173 61997
0 1
3451 1518
14453 5578
26424 17999
98986 81557
1158 1491
328945 228956
10179 8165
5 2
180279 219996
147999 198453
24206 24874
18458 17055
20040 19069
829 389
15647 9271
1974 1565
0 1
6869 5471
15950 7341
14869 15964
6012 9399
2 1
1860 3246
2397 1894
0 2
172 716
0 2
262436 229932
72656 16441
6 41
0 2
0 1
693 1353
18833 61001
31166 59539
317374 231315
4094 17878
18720 39627
25954 25833
19848 19775
6067 7648
12589 12972
20708 46907
5 4
82929 79549
306841 174654
6 5
40006 49318
1022 95
370 183
36769 72396
20938 17313
5 5
2 1
17774 10831
6 19
27860 47407
261007 144429
2 1
149610 142561
0 3
45533 31950
0 54
1 6782
2 5
3644 2268
1247 537
20927 11370
14516 12215
7237 980
221 312
20597 13748
9572 7936
167684 99720
1395 107
17121 15697
15630 40571
1 10
6957 4118
15030 14215
19880 10077
164 1810
14625 24613
98116 84056
168226 136719
2 1
245885 186183
4174 982
18700 53954
663 417
545 103
25869 29414
252691 139489
6 3
14624 3389
21194 13980
1 1
25299 15691
28997 54896
37793 12347
5508 6913
23662 8145
10405 6357
3986 8557
261056 143040
100582 84800
8255 697
0 1
0 1
22188 53869
221666 228545
2191 7660
2 33
4088 3458
239887 134152
5378 1059
3310 33439
0 1
791 74
13345 7006
313814 178690
164761 105552
14859 11612
25794 21548
284821 153410
21791 21322
16077 18063
11485 956
564 3714
9341 9724
1 9
190044 114587
1 7462
2 2
342635 186983
3114 4815
19063 61069
112713 150063
286710 157953
4943 1848
26684 17007
78955 165661
15384 14591
17659 3638
83492 137588
26390 30678
167528 106520
1694 7823
5133 33404
48842 21481
12316 10272
24628 25860
25381 27807
7146 543
24719 25949
41473 86426
123630 165831
9 10
156710 102776
100457 168181
18515 6697
87813 150536
93981 111980
2317 1851
5621 1743
2 1
385 3741
30391 21247
215 5965
52183 51953
4985 1810
19562 18542
24248 24932
141844 97802
12123 34811
12432 6480
60424 115762
305396 186922
217373 125408
176194 109590
34438 68914
7433 9993
12026 12554
146 806
9 262
3581 8429
259827 144530
15472 14664
0 1
40671 36274
8272 10244
0 1
5519 2386
5777 9333
9895 14981
148318 215069
385 9194
3137 2883
42120 90403
63532 73891
28711 38435
89 402
22580 62113
6947 2251
221603 134661
384 1085
1 4
15907 3322
0 4
43 2
15793 12022
17669 10385
2834 6200
102951 65276
22657 2385
51976 97018
21823 22717
39 6
31704 28334
1587 37228
151812 146668
385 3868
11486 10496
16699 11993
72381 76450
422024 223687
134419 113451
0 1
3812 8263
16412 21598
40715 72711
0 2
133167 93146
0 1
2547 1559
274043 150368
6838 14639
251 13
0 1
5 3
12443 12215
0 1
0 57
2564 8149
0 7
186508 113301
18973 17779
139316 96965
20609 6863
74690 24274
133607 95104
13285 59302
276521 149741
13142 12490
0 1
2 5
13893 59484
1065 3557
7387 9977
3260 3183
15497 9895
35454 35386
1294 372
179110 106921
27569 18239
14990 11277
2864 2127
2147 1495
20238 14805
101771 85164
958 1837
18530 5408
433 3185
3534 935
140842 97472
29784 43534
0 1
385 2235
1423 29
87646 181646
6 20
26721 63341
41412 49634
8798 9052
0 1
58829 128322
286 86
1324 764
11012 21172
16671 10667
2 1
1841 1458
21335 11162
12998 44228
54667 22799
733 4017
30565 46008
2 1
10237 8370
25731 38939
24747 26020
55157 95006
15289 53813
16013 14973
25731 42969
147 22
952 2323
25699 15779
207485 134776
65378 24980
23513 13930
1 11
28 63
371767 229157
17351 9541
102414 85357
3351 8376
582 9
5891 18117
3 69
14624 30124
0 1
58844 132701
4371 4687
25241 36179
2 10
300895 229423
944 417
27279 33467
22434 21963
3760 378
22489 22331
0 1
385 6953
297211 227284
24 146
46790 76085
17701 5460
46395 87200
6588 12051
5616 3866
0 1
4860 8120
1341 111
15878 4680
17313 15885
2 1
144 1235
60 219
9462 11090
14355 13742
6556 8080
5 13
114750 68638
8 57
22866 22664
284984 153483
326710 172758
0 1
2927 1199
228979 219378
15949 13004
18226 8347
187858 115530
6 6
112063 88324
3555 614
32950 65403
13231 10713
8056 9314
36 15
5026 1358
174691 103282
4164 1633
46127 68897
1161 305
0 20
1 7
5127 8984
0 1
13498 17155
22571 17720
5811 8280
33017 46105
16177 10211
4594 532
46008 30386
15 111
10 91
129845 93891
16163 11315
24389 20156
27764 20100
2983 2229
357 105
126686 82273
0 1
13781 11517
21260 20675
225545 128303
22799 14218
8187 5466
0 1
811 45
58829 122384
130332 94046
357 312
14485 13950
9995 164
6729 20803
20483 11732
1 1
17472 10183
153641 101734
46188 79355
73855 27821
1341 3244
5 6
2 1
40634 65997
218359 125447
1811 67
5 37
244203 135937
21600 21072
11820 12388
23262 51188
139907 173833
20318 19434
132 27
25272 22920
4402 8701
8926 7166
233354 129955
20218 2948
0 1
3476 175
191749 115224
27075 32832
73608 57389
3959 66
44816 91024
202732 115988
3528 638
13494 9158
262 68
241845 134964
20657 16296
145774 97621
15908 14891
1 7
642 634
5 4
1 3
26547 31105
2969 7659
2644 8169
36787 27249
29812 43826
18090 12074
126 583
110201 85467
4981 5282
248458 137698
9441 1791
706 275
15033 12493
3655 1972
3517 493
53426 13946
52080 66354
10704 11749
26588 47880
22377 31811
351533 184848
13080 8279
28154 27629
0 1
4469 7396
11539 10513
0 1
190533 179414
354104 186120
2020 6194
11078 3168
1 33
21176 21135
2590 8153
2 5
38693 74358
13895 7136
165 109
12954 9590
288 13
80305 59245
528 85
0 2
161891 104542
100539 191103
2494 67
264083 149502
24710 16333
10128 11024
0 1
5 185
76817 120372
5375 9049
0 555
7 142
23439 23712
13369 3784
2 6
25213 27285
2 41
10556 50983
76434 27160
3727 8460
152765 99109
187931 164681
1705 1416
25401 30898
61464 73298
97023 83728
19956 11225
6725 8873
24821 18159
235804 132464
192 583
4160 701
19546 15310
22066 21605
7219 9914
44818 74222
212807 123279
141888 85882
15433 13254
1167 4231
49455 40672
149 652
114106 201416
1480 1369
313 95
93 21
21739 9190
91741 61501
5505 43550
22894 22723
3626 14214
236446 169062
1869 663
45607 19280
302423 165240
50820 40771
83055 153296
307 33
391 3197
106482 123682
21091 13764
356546 187318
60066 51437
13736 9465
10809 11314
353 7144
1 3
0 1
13561 705
91220 114946
7903 6958
0 1
1 35
19919 15764
0 2
156125 108377
1499 265
182602 111890
1967 1436
0 1
959 434
565 3
2103 7977
144930 98821
14892 9000
7988 1267
169136 106218
15484 13259
1140 1050
1 2
0 1
143807 212461
3174 1850
814 1379
0 1
13183 2767
18609 17389
29482 42034
2 2
198 2056
26204 54305
1 5
1632 7795
18404 28071
984 58
18142 16693
26345 39607
2861 2398
27525 19625
11305 2791
98 10
114941 140747
125289 194503
23979 14465
5594 1441
201 785
43684 15191
576 6610
15429 14629
29211 23528
87880 26952
30568 46013
106402 63591
1 14
10671 12805
0 1
279350 154173
8960 10190
212371 122496
25731 42215
3346 2774
2 1
385 3427
1426 6502
16128 13683
315872 179896
304797 162518
280000 151258
806 7581
7869 8642
0 1
84306 50534
12823 3668
51746 70515
3078 2543
54580 71323
2488 1498
385 4190
142 22
190 66
2095 2326
50865 24328
6 20
66370 106433
8341 2167
37478 72189
136141 95928
142266 130100
18346 16940
0 1
5986 3789
26846 31907
200701 118603
19227 15216
8332 15546
1205 95
16174 60191
9049 8919
2335 2483
5241 2624
18784 17597
3357 7072
5211 1420
6 5
4839 323
217905 125268
0 1
6 8
225 2162
12123 58911
17618 23574
18367 14726
5105 8963
1 5
21037 56063
8731 10768
16592 4672
12470 12070
311 15
30328 59262
91586 153064
0 1
63864 94444
37123 48491
263900 144264
219688 125967
2296 4637
300 163
310090 164959
7 94
78823 29179
53703 119277
1276 2166
3646 3226
28581 26182
11933 12504
5267 9992
220352 139245
328196 173460
123678 91920
7276 1415
2 11
355 132
27535 34714
6 3
7278 2335
46 69
13423 11770
30964 49411
62649 20449
353 128
349218 183702
1713 973
10799 4360
26346 30317
2 79
11420 3129
110476 87827
28445 37482
9344 11038
25053 8713
16288 13183
21525 18427
75590 77398
8248 10565
16360 11353
128900 124194
179 12
92171 144808
28 398
4828 1069
6784 3180
12511 59032
8956 19888
18578 34547
8212 2404
96163 18529
31735 64818
105499 80354
64551 81982
319915 169555
7089 2288
3988 2636
7973 6822
7369 5835
20631 14317
32377 36446
1125 1233
1 1
212650 130106
91271 82015
19580 13908
12613 33087
23870 18069
349141 183663
3645 8436
194435 116232
40026 82527
1337 1082
12144 5519
19919 15758
13855 7400
138248 96618
8317 7416
4755 4276
7867 3884
0 1
220226 126186
26917 29226
16476 7071
52865 70835
0 1
1293 6469
17480 16031
28402 30194
5924 8990
73 719
64723 41971
25582 32178
202142 119153
5 106
15219 14400
121840 197624
18325 16906
24299 25090
1047 7663
708 5748
281250 185740
1092 4729
346684 182449
11936 561
311255 170547
194 147
1115 154
29 7
20217 25491
280539 173800
0 1
440 5101
290611 156051
1 1
0 1
117297 115473
4 152
2267 1359
159260 131826
31 8577
55751 65169
1 4
19267 15064
1737 746
207933 155683
5 7
16148 5751
0 1
7 641
26476 30916
21 67
15865 20840
19799 13829
2 1
14196 13626
1426 5
5385 5310
1695 1871
2131 55844
132950 84906
11637 10112
78931 101622
50266 70086
394 652
2086 4907
75607 73938
415 179
332 3100
331 111
75282 107147
0 2
76177 162559
202549 119310
55391 28132
20310 12765
22662 20642
3 175
41284 55830
60 94
7822 10230
13790 17167
62120 38819
71751 81050
344593 181422
29255 47013
25745 7282
21703 9678
14444 1389
761 598
0 1
31807 2150
21941 19668
15906 8601
27750 55896
30328 53856
13940 11511
27 79
30694 46862
19701 18686
7345 8815
29068 18728
384 1031
4922 4286
0 1
132 18634
15276 4484
241175 135620
16415 12106
18396 20384
9410 6545
170938 107724
0 7
5 2
53181 113840
30022 44567
51605 69235
431 474
234 12
0 1
284687 153349
5293 4250
197 62
5494 6544
25676 28302
14765 14063
3445 4657
2 5596
313783 229555
7507 10010
0 1
170 280
16514 54810
0 1
6162 7951
25722 22764
3986 8557
11436 12231
0 1
62691 73653
4611 1694
189949 112080
15262 9174
90 76
0 1
200749 159049
252707 168258
136814 126006
24825 39520
0 3
12456 14516
0 1
1796 4493
405 139
0 1
52 135
2551 3373
192235 115411
4537 7901
349907 184045
14213 6278
662 40418
27 1593
18455 17049
8724 906
1740 958
81056 78991
94272 63221
243 23
1 1
6 5
27193 26962
13422 5283
14 7
7867 5295
5 122
15725 12880
2118 3381
18167 16775
819 27
75391 55442
192283 115430
40312 67244
339 100
116 1446
84300 50530
14718 46832
32036 58599
2 2
236415 132715
615 273
1 11
0 1
255451 140655
0 1
6 10
0 1
107063 86770
5 3
22081 21841
391 68
14421 18843
132916 94880
26409 32694
22061 13125
9057 9297
131691 98142
0 1
282082 152188
185 81
149 1591
15252 8830
1 6
7 121
0 1
18493 12329
19290 18168
20828 61602
58844 132701
76921 77792
5862 8666
0 1
28200 48018
108536 87222
18576 10760
0 1
183877 112345
16811 12881
230158 130163
1704 1617
102449 85367
135984 165559
27 742
0 2703
0 1
22355 21820
2223 4532
13583 2915
611 7516
87818 61055
931 12435
0 1
1 4
0 4
322287 183686
90439 81771
3449 634
2370 1188
1735 1849
13265 25250
16830 5094
15361 12200
169 3464
2 4
125177 114011
11324 3286
17773 36239
28064 63745
588 6992
0 1
328083 173407
285954 156611
142791 157922
15173 2511
1192 97
1635 98
4 45
20715 14506
220736 143802
3 56
1054 6195
14189 13610
67544 124581
11916 12490
0 1
133965 90209
1424 651
12487 12914
17239 13973
5 9
28 17
6 3
77981 78097
999 4065
1294 903
23209 10847
24270 24995
385 1294
23188 26596
14903 13072
241 4451
273 97
8957 14233
385 1152
49 1368
21 254
158 151
5 10
7958 10363
373 4
14544 59691
5 3
166526 219007
86725 72524
0 1
23260 12982
7 397
17335 2351
267291 145721
0 1
384 1058
1295 973
113 2169
19 26
4878 8895
98056 84038
4306 8678
10621 7543
84068 60133
280266 151377
11653 8216
0 1
4835 3915
36583 72736
1313 158
9403 7213
9523 10674
199588 218020
40959 86318
313902 230878
0 1
472 74
274581 148888
140856 142367
245982 226862
0 1
19399 30323
16163 6764
97073 83742
21750 37917
1321 694
17482 12794
6748 7954
5836 6307
12764 59132
21995 18200
24204 16144
5 69
17515 5494
1249 848
17778 16214
15214 13067
134 42
15616 11577
0 1
253717 152311
276021 167249
4407 3913
0 1
356091 187093
138501 95031
22934 22824
8651 6652
23712 9302
0 1
317 579
12268 12772
82972 49742
346375 182295
1 2
0 1
303165 161762
2 1
77241 58393
13685 8758
7018 3654
3400 7155
207314 121126
100539 188530
2 1
326124 172480
5859 9353
654 8583
18064 14596
2 66
149176 100238
164860 105589
20211 15634
35363 22720
119206 90530
28376 20827
14592 12734
357085 187592
21138 20448
1912 4529
742 511
78989 58889
6780 8919
7670 10111
43922 73647
7584 12151
11092 11990
85660 80352
121840 201454
181479 111491
10777 4304
104591 172024
0 1
111561 152977
10418 11567
642 202
6749 4213
36 1
80738 59359
86532 80613
105 2
250716 138645
217 1059
3 40
207113 121166
201 2743
54222 82672
294 1261
49418 86225
487 2065
4547 5041
4540 1659
323803 171372
482 295
46372 68967
71144 127379
1714 1167
44816 93801
97898 83990
32499 64647
0 1
483 215
355614 228066
431 578
281452 151909
10465 10679
385 1942
0 1
892 2561
70947 156062
0 1
341006 179659
7317 19447
3697 1977
16651 11112
171168 217864
4852 8887
89068 112537
7162 8752
72816 76578
26255 14687
18197 10990
22554 22117
6613 11039
259809 142508
62399 40263
2 1
297962 159391
5 26
10417 11562
2370 1729
8699 10754
2 1
3902 3815
1013 338
341462 179887
549 22
24754 23492
30328 53856
28577 38008
1036 2836
113930 118245
3654 7849
7517 26054
1969 4543
2 6
23863 19583
385 1469
30328 59262
144878 98804
7598 57564
12872 2101
190125 109640
54 60
385 2045
15905 715
327487 173124
90858 177107
301 96
24986 62849
9212 30578
1962 7912
384 988
15038 3731
0 1
116526 131657
4311 8259
21376 20836
171 26
194713 116332
9596 11183
1724 3210
2 1
585 7145
2096 7949
8022 7995
161600 95985
15610 25731
15677 4067
30365 45392
212373 220341
7070 1490
68868 60600
97 31
127122 126116
917 304
2 35
1 6
4351 4582
0 2
2821 8218
5685 12177
8317 2551
0 1
12 7
3 54
24149 17658
16025 12125
164068 104308
236056 220447
117033 89857
21390 39380
385 1966
190041 112832
70342 126784
6 4
11 73
18983 14171
5314 8669
11464 3277
109683 103024
196918 120730
6743 2610
61 16
18579 17344
166587 107861
5 101
27484 34528
13370 9220
9771 11326
2 1
300949 160749
2114 1228
729 7556
129638 196320
22980 22891
142041 201366
55803 52836
83542 71366
18076 13188
304228 162252
3154 815
23590 19039
31361 63903
7599 851
52 458
850 726
25089 21300
14863 8762
22774 22530
681 2548
16034 6625
378 225
11 22
213 45
23721 3015
341595 179953
5007 8923
0 1
2040 662
5 5
15688 13489
354143 186138
46944 101678
18776 11619
19731 18700
83669 60053
219 292
162083 218831
20778 26967
19860 15165
156921 95058
5 5
6646 3544
8161 57730
2279 1254
108309 131395
0 1
92651 82427
7357 8874
2094 1616
152208 98780
1010 116
378874 229950
57830 72258
328396 187293
1326 144
277009 230491
1702 1616
30558 45976
39390 71462
18376 9625
0 1
245514 136479
8233 10553
2 1
337 93
93596 82705
22534 19240
0 1
2 4
14842 12720
18013 5448
204581 121058
0 1
179 2413
12505 3030
17043 13737
4803 8328
27374 17894
92180 79317
414475 229084
7 424
21742 26565
116417 89667
20699 45256
0 4
28255 37094
6532 1431
385 13388
20975 14384
0 1
30328 59655
177923 107744
65157 48538
170779 107668
1 4
9320 11025
54819 69279
63893 54637
173851 159453
527 41
21791 14375
26705 27716
10670 4789
28992 39770
19123 17999
1226 791
899 732
0 554
354757 186441
259365 225858
23829 16825
2504 8127
5 2
22659 11865
36226 66750
226715 126731
2 33
194172 174268
6117 9452
24061 33125
27768 29889
3377 5568
21416 18442
2695 7704
0 1
0 1
85574 31498
37883 73988
286165 154010
4774 7434
158211 103288
80557 59315
15435 19588
14948 49169
295 6762
0 1
8798 10453
276966 189113
46698 97755
85474 112242
3914 3640
4457 11222
1077 7678
97339 188611
17163 8504
49922 69988
29684 20142
274130 231131
7365 16679
17809 22821
0 19
14439 661
228574 229419
41705 15760
22849 22618
171554 107940
0 1
48142 84295
232197 227977
9 9
11580 22082
4817 8412
9805 4595
96584 83599
14040 4021
14681 24464
37386 66411
38794 73337
166699 106232
234458 131914
14081 41752
17547 16095
2 1
19887 9163
166483 133787
4137 6066
34190 68853
10418 7748
13012 12072
68954 27884
18048 14058
92169 61707
149 1029
75 302
31156 44100
0 13
183927 109892
91 295
7509 1599
83 66
1004 198
14652 12335
172652 105475
5947 7987
544 560
7750 6819
20884 18091
4461 646
28290 37222
385 11060
61232 73233
773 471
18960 15173
9077 38256
12287 12138
2124 7776
495 4
385 6697
3797 8480
8987 7717
121150 127239
8586 2568
2618 4846
70 18
2791 2390
6687 2265
5 76
20684 18192
440 259
16723 12531
9867 8462
0 2
10780 7760
87736 59588
1730 2234
1530 4002
24880 23608
43415 87461
38438 66712
21797 10253
20750 12859
11159 10397
326 6643
24482 25512
8664 2588
21892 13102
79074 77836
35987 73429
13322 15095
0 1
1090 10
26094 29536
739 5
67042 55433
78637 58802
22 106
2025 394
88833 21089
29319 41109
200766 118626
5 9
37173 77437
2 1
6 10
336686 177555
16185 15096
28248 37032
500 304
21054 9902
21475 22559
18560 19470
119585 186495
3316 8800
4636 6343
27367 33933
23904 25402
293051 157156
189864 112025
5 2
10317 9209
12087 3343
7687 2386
56611 53002
228581 228733
32321 36426
5 120
16343 10486
14244 13657
245446 146801
273048 151022
17504 16049
1507 374
39688 49234
15384 14583
24529 28181
0 6
64043 37223
16763 15482
20551 19698
287876 158536
98382 41754
74733 118804
30907 19883
1 2
385 5876
38382 43454
5 5
346 119
24061 35467
77019 74349
2 1
148307 207776
176657 109755
2 2
70083 35623
28255 44313
9268 7948
8618 5544
3 34
266067 145188
2 3
19805 21013
304331 166569
71124 93537
12056 9879
10030 1912
63249 82861
5382 8873
12663 11333
352014 185087
12645 2302
23296 2253
15 4644
28993 31716
2337 265
237755 229810
59095 88496
0 1
668 6
92641 112202
296404 158684
96850 51503
222 891
24946 17690
23435 27375
15761 13552
2632 2018
24019 15740
142000 169965
88911 81316
15837 3340
1144 984
172914 107643
3859 766
24039 25851
7 76
338616 178496
55180 52663
349815 184000
216 2563
197402 220503
41007 69146
64237 70258
14741 12387
0 1
3597 173
5 67
17981 60744
57 15
0 1
1 21
10968 9229
24668 39644
82563 115351
170028 99708
25846 16817
14398 32994
21518 22833
15323 14533
28446 28051
25337 23863
17 1
2776 8206
25044 26836
144794 136428
42289 44377
147161 90934
3058 267
3755 3607
1656 349
344649 181449
86522 77482
28877 38875
5 4
113790 86507
12072 12604
1382 5593
308 129
11165 35377
118159 96100
23704 15483
83530 57311
21882 11622
16167 9018
644 3017
5466 5741
323720 171334
3988 1895
0 18
1 1
7040 9826
7136 1238
59922 138390
2534 8141
957 165
317719 168519
275072 165154
157788 103141
5 10
70579 42836
191771 216253
348956 183569
74239 74372
16897 12257
27596 34872
49749 79751
1357 2592
97118 80938
16032 13888
106333 86546
5 3
25263 57629
6807 472
81501 163957
19378 16249
132407 155909
261404 143192
31416 57551
110895 70695
16523 15316
0 1
19005 15558
16077 15029
149158 98836
7992 9897
2975 8274
8725 1773
137971 96525
15108 3108
156398 98994
5 9
1 1
253104 139658
117300 106119
48769 69657
10228 17084
17470 8837
10533 7146
62855 73701
0 2098
19001 29384
9462 11077
331243 180943
56852 71978
4490 5180
24778 26073
531 37104
10131 4005
84981 60357
0 1
91937 107583
2036 5446
100510 161880
16757 13491
7598 2619
63658 64055
9679 4764
1326 13
14729 4245
17952 16487
65299 54981
274137 230010
14617 17188
25015 26782
267187 175987
262 244
7188 2598
262859 143813
2 3
28988 39745
0 1
12013 8911
21544 20999
14871 10329
0 1
0 4
12720 6088
101182 84982
7 111
98416 123871
2812 3910
2616 1154
18115 15430
5 359
22987 13358
99 3
344888 181567
19552 18538
9042 8734
21359 12367
175844 222157
0 1
2353 8067
290176 164714
219 1161
5 18
9234 6876
1119 116
2 1
22489 29275
12235 4374
0 2
8056 57699
27073 32729
957 373
1926 6124
2 9
26290 20362
181054 105608
3174 4402
473 127
38132 78060
7191 942
25982 23365
14493 4509
14423 599
41686 66397
600 1763
17401 15971
25092 26985
37502 75134
2 2
144364 98627
1029 523
2 8
128802 105965
307 6754
261932 157744
10295 23904
22781 21782
222 1691
18463 16170
11763 18101
0 1
2366 1817
203869 119811
152926 215288
385 2956
7505 6651
10933 13539
58495 126842
69263 34777
206447 226872
206447 225078
227784 127252
18305 16867
24735 19844
2 1
1 2
14591 14021
0 332
1009 7640
364 661
62028 129002
2 10
116105 87279
49234 69790
240900 133652
22131 16365
67451 71295
720 14
18006 13810
0 2
2 8
8165 6215
0 12
20120 19181
7389 7342
101550 171196
6 8
2338 7777
88160 29232
930 2141
24614 28462
18464 14402
51656 37963
10652 58482
26074 34965
12872 13050
1870 3040
109418 109862
0 1
2 94
748 134
10328 11012
67657 75080
41948 7066
6123 9484
9825 11374
48068 52844
316593 167994
200 50
154828 102133
42187 84571
171152 214415
7249 8376
57 11
87634 80940
252755 175714
1530 408
302962 230903
9319 11023
155166 102249
15551 2539
15544 8930
137746 96452
1219 4386
62047 73466
5881 4502
2508 1863
12688 2345
6 6
9454 9340
64857 54883
6691 5525
2 1
95317 168412
30598 46164
126135 92708
6029 20739
7940 1352
5 135
178098 133925
2 1
2421 7744
45990 24103
2 45
754 93
62410 106449
26818 22477
19588 14714
12631 12993
254797 225532
0 12
5 185
0 1
5654 7713
18348 16947
385 3176
2 3
314068 166814
316135 167783
6 7
103104 85562
157620 172772
0 1
9079 10938
2469 55950
32256 64967
18 25
2 26
5 27
0 1
301138 160837
9777 11336
25162 19050
215713 124417
42679 90994
5 3
16222 9190
20791 10962
56528 113176
228196 129365
6701 2326
223 1309
81424 34146
30 95
205769 120528
6088 9427
25304 27557
0 4
19540 18523
225551 128474
27 15
0 2
6 3
61871 51214
20307 61433
244 1533
7217 8009
14939 7364
5934 5519
17717 24686
125275 81967
557 55
145147 98893
259830 229829
1720 2142
1069 3097
95554 88564
7001 8178
0 2
6 5
0 1
572 6599
22879 12979
5 3
1337 19
25897 28915
121 19
20776 11898
62136 63010
12116 705
26546 63288
4139 12448
309782 169232
225059 128103
147344 95802
110388 197993
26264 39696
59584 72758
831 1832
64085 38346
232495 219930
983 21
4782 25441
0 8
12598 7979
7366 847
6 13
8842 9766
35386 68523
265772 145060
0 2
478 4
0 1
10346 11029
4414 6455
3489 5844
44007 50110
290950 156202
98654 124612
21678 13006
7510 10014
28482 33636
193650 114364
917 678
16 670
26775 36845
36888 66200
77952 78089
15116 3240
4195 536
29120 62276
353799 185972
2 1
52596 31507
21687 21175
0 4167
6833 8079
992 432
94025 28002
19140 18070
72790 57134
97717 97490
317530 168430
9054 10933
19087 17298
17045 12477
19881 18892
10004 47463
761 341
76247 28628
0 1
141801 93279
20008 12939
5692 5100
26368 30532
17868 8229
69365 56208
171840 137233
10239 21755
741 7562
95470 129027
59405 124100
3617 2439
167649 103526
2 1
21234 12727
3800 975
0 1
27 204
0 1
31807 62545
2874 2578
3437 3260
4086 3312
6 3
6743 4425
1373 1638
3295 5372
7 22
94890 83089
153201 101589
16767 4471
58018 53321
4785 783
803 81
17582 16092
0 1
23244 26876
6284 6493
143879 98468
0 1
492 7239
5097 8960
29949 30293
5059 3851
17246 13043
46082 46801
18799 8454
1008 300
355614 228066
2 3
7059 9837
19305 6207
22748 14141
5311 8674
20217 32559
154 12
2 1
0 1
298123 163706
0 1
203300 119594
191303 115052
0 1
1 10
6 9
25356 27720
384 1036
18989 17809
124486 92176
5 31
19059 12470
1 1
73970 76918
17589 14307
18829 26981
2662 2291
356276 187187
3562 4361
22149 17307
17834 2437
0 3
5 2
0 1
1150 145
15017 20651
1862 4120
12937 11443
3202 1427
2433 4434
139803 97130
95572 57373
8174 3609
128 4505
0 1
10224 16401
64278 56154
25731 42215
32614 65067
1600 6495
107183 81091
0 1
96 11
293968 157578
24336 37059
14117 10729
117857 199515
27879 36071
32433 20181
7857 10265
113716 88831
1852 1100
0 1
1093 767
1594 842
316277 167849
6129 9491
5150 4479
19693 21637
0 1
179187 110669
7444 6408
0 1
16655 1325
32556 39864
2 1
136895 182695
1294 7318
54781 77422
167545 106526
0 2
23256 24851
55444 122917
12033 3614
1648 23525
11269 10918
93990 68763
360 36
87121 65960
26465 30889
19847 11745
131700 78594
8366 10644
18462 18067
2038 1253
14374 13794
52480 117614
2 4
94912 83095
22073 8238
42171 49799
0 1388
137297 96305
3795 1230
340608 179469
9001 10902
293796 179081
8288 6920
29020 39961
28658 31484
7796 6640
59256 72664
4873 8894
63950 24047
11737 36594
4378 8437
107 27
0 1
90858 184491
4050 8577
2 2
145396 106973
12322 3016
33740 66436
26026 13922
5902 913
49259 103923
76249 58198
2793 2809
6402 4665
21110 11408
78322 78197
155168 168252
8894 4285
2970 5349
209098 121836
1 5
233926 229041
2266 1442
5946 9376
21261 18369
20575 19736
23833 24398
200289 118422
22811 35727
19600 18596
5313 1885
150 8
240252 136106
28087 21660
2316 385
62118 73486
291 104
5 7
22711 9824
229087 129727
7715 7308
18360 16958
7423 17263
27331 33686
5465 7434
2580 968
40337 49409
297757 181735
81689 175243
88895 33479
429 16
5360 17466
18 24
2117 4390
20739 16640
3828 2287
1581 7568
3949 49171
14993 5955
7539 10032
13592 5368
1721 974
0 3632
12643 8982
309376 164628
324084 171508
22226 27742
29749 37189
42028 23910
19552 18540
52160 96040
3923 7254
4126 2823
277883 168411
0 1
133355 145583
27367 33952
196439 116017
5218 8251
94177 63200
2546 1337
4087 7817
280317 151401
36190 2070
105489 65778
45567 96569
1029 475
51257 110804
23409 62361
253747 139941
1894 7888
27648 35142
21395 9699
22341 59172
186 41
79 10680
5 1
11082 11945
20070 14354
8313 11220
112733 110425
94 28
2641 28
25017 26793
0 1
0 1
2717 1916
25098 27004
5052 6716
93036 61102
18559 17195
314512 179100
22566 11672
11208 12095
108248 149242
4665 8816
10766 9683
113616 71996
14177 18336
40878 80444
2637 1210
166566 106185
389 195
25330 27633
274247 165978
33877 47678
16085 12717
193758 115981
2374 312
2 8
4820 9013
106176 73800
1 1
349501 187216
24988 26728
155784 92658
56591 52998
0 1
188516 151946
12945 9785
132 93
23738 11377
34131 47735
19033 14339
12499 16680
3110 926
25761 22121
1217 873
222749 126610
7908 9942
175711 109415
22 8
153 209
6351 8216
6563 2892
153931 101831
6612 20869
24115 24885
1 6
29641 43070
331864 175222
4784 7904
66195 36197
273359 170447
0 1
143780 144832
327735 173240
2039 492
7015 9811
3090 1558
2 21
1379 6376
15597 9794
0 2
32477 24557
0 18
184986 223696
24047 15480
27435 34296
116868 89806
7357 7240
23000 17070
8422 10668
145716 97600
0 1
42933 81210
4549 8781
315538 167502
1 3
370 1012
2991 929
69128 23073
91251 75726
1067 512
23640 11648
0 1
2 3
267244 145698
306705 163401
49 11
2370 42
111530 88156
19674 12703
22118 21671
0 1
12959 8740
89 11350
6531 7715
5053 6527
1 5
21742 25495
6370 3122
188615 114068
19965 20295
42397 69189
9244 3441
344075 181167
27300 23608
2627 8162
106 32
37 94
41457 67563
346096 182157
643 179
78032 78112
7 35
87944 52653
6281 3137
15003 10197
30381 45432
0 1
8768 10143
2168 7995
17475 32800
208593 121634
3094 2401
90858 177107
3139 3364
6107 274
297897 159361
182062 111697
28253 37085
9714 5452
1 2
2550 3627
74387 82151
0 1
104852 73238
2 3
29670 36828
154300 101955
135659 95772
34823 41218
385 1620
41 343
29302 40978
1062 138
20335 12240
7469 7857
385 1946
7125 50578
24405 16929
8724 10767
9803 5809
17909 6518
18023 12027
19090 17936
51036 111575
1 6
108575 66529
1648 13
190457 114742
83677 113495
135672 86048
95558 92639
1278 123
14544 11014
46887 75581
225117 127897
297150 169003
9714 10719
16 10
12070 14244
31094 23777
44976 83545
0 1
6356 9586
6874 353
0 1
30377 52025
1 15
18055 13510
21801 21338
0 1
99960 51371
9162 8150
251183 227273
28997 54293
1 27
25565 28134
50779 20365
0 14
19122 11977
12805 13030
5 11
106314 86544
9 36
5 72
31058 52362
154382 101982
196261 116911
1074 106
11132 21007
99588 94400
2 1
135045 210614
8184 23576
342 914
53819 52136
99067 91248
8808 12508
331964 175269
2644 3406
128721 180008
8331 10594
246014 136684
22776 54139
48560 69597
273884 223691
227104 128973
95986 157069
23374 14285
28450 25508
1578 7083
12227 10786
142 61
12860 21131
7 629
50672 37524
0 1
18334 14805
134620 152562
20350 61450
1484 5160
10435 3728
2713 4655
25689 25064
70033 56360
29482 42132
1885 284
7326 3368
5 3
3170 90
342778 180530
966 496
1862 4771
4528 8775
5 5
8 254
27914 36157
4860 372
143267 98267
24515 24357
20639 22256
266935 151130
4388 8695
200713 114469
0 1
258677 142028
138685 177178
25633 25823
326 1007
22084 3668
8183 10521
5953 9379
2 29
10096 6083
22907 22739
27398 29703
280 1925
29302 40934
12343 6441
166608 220086
29008 39886
286246 231179
1 1
7817 9891
2 1
24468 23666
12061 6396
155790 134908
28521 28960
124365 92138
215078 122520
2511 8134
212024 227527
36814 73883
18293 5810
1176 1244
6741 20049
6998 9492
14726 10475
0 1
231097 130556
5173 7755
363 66
17651 16395
0 1
12901 11242
343615 187500
343346 180804
1934 7605
0 1
0 1
16 186
218246 125401
164268 165898
25342 26701
14777 5179
2 12
11083 21282
2926 8256
24480 17635
8593 1305
1 2
341406 179858
5296 12808
28372 25545
22006 16970
215 182
69415 75585
385 1190
158 188
126911 78553
66957 74880
47025 95148
11507 5151
22699 18796
2591 1603
59713 106327
26755 46645
7393 57504
3425 5942
243626 135701
496 190
16939 16586
56704 21332
26562 57899
139858 97149
0 1
0 1
54 14346
23432 13070
12883 11325
161069 104257
3195 4462
27719 35520
5 2
4792 6136
3988 3774
12812 12823
22442 8902
223217 127368
5381 561
12726 8572
7934 8140
16347 12082
4065 1762
78828 161022
5125 7912
25772 57833
66257 95820
385 20242
63909 54639
2196 3401
284 929
26544 17903
0 1
7334 6553
8027 9299
17660 24823
7 26
2825 675
260596 143394
3028 2021
0 6
15064 12942
241760 134928
47100 69181
2 1
27343 41737
8801 3566
143816 213661
4481 56580
22039 48108
16486 60301
213529 123561
383978 228879
10671 8359
45550 68732
5475 4456
116330 89639
23920 18302
7 39
18760 9056
311089 165423
7792 8769
4475 6974
17629 22275
5489 9122
19535 37364
10632 603
239733 229303
21232 4012
0 1
23142 23211
0 1
369947 230224
8238 16292
87398 43386
4576 1143
26026 15686
25827 28753
250797 165886
0 1
9000 9615
99514 64392
32326 39960
3902 8516
16153 11209
6630 5978
4562 101
2 6
57639 129572
718 295
11637 6825
23330 23481
3 36
222 47
25414 35398
463 59
3021 2353
79173 151517
52380 90696
150 165
24747 26022
0 41
33960 53027
130761 208941
31576 60849
1830 1604
262920 148815
8146 10499
14055 12198
29775 21449
218637 125554
32832 34760
52870 87371
0 1
2460 1991
7978 2191
20762 15828
2543 4822
66820 138154
337869 178131
21540 20998
1685 590
126132 92707
15078 2327
316922 168146
29377 25365
28645 20019
155109 94291
5502 9170
697 261
224 1
15906 14310
37415 50141
106763 86677
65 1323
7546 6088
26701 31487
4539 2899
9314 2196
58537 36776
1793 7868
3176 684
25 30
75 19
70947 161398
16558 15338
336182 177310
24825 36901
110 31
234 140
0 1
122027 151644
19466 43533
53168 110785
333888 224684
325440 172146
610 200
27 13170
53446 116204
7897 4851
3072 3574
45722 98005
1 24
45460 74810
25044 57538
6 5
96138 83464
9656 33622
130758 205090
95598 83300
385 1213
19 122
7057 6261
153592 101718
220 19
2 1
3 1
5 5
0 2
329 68
2258 736
69 101
11417 9860
65068 38933
42 26
13233 4026
23456 5288
21943 2411
722 71
5 1
9100 13232
35436 72074
341458 179885
1080 372
67070 77707
65771 55106
237235 133904
2998 21577
762 305
669 136
151617 90191
5421 2942
55827 71675
918 3809
9144 2662
130758 201294
0 1
26827 31884
8524 10242
9647 10104
0 1
41 47
5232 2492
4878 8895
7137 3501
204 665
32416 30560
13956 6513
8221 3364
20496 13637
6719 9703
65 54
80878 132808
2871 8060
69315 56188
3677 1439
269761 146792
3424 3994
46690 69066
2319 5290
7081 5339
4470 3271
1361 786
20222 20915
3207 3444
9085 26040
179586 104493
0 1
1081 151
2 1
0 1
22493 11946
5060 6248
2698 4252
19085 21275
139496 212172
133885 87585
4350 1370
11385 12197
24371 17744
216879 124872
21493 15297
23373 25496
0 1
10632 7632
1649 1830
5667 7485
6 7
28776 28590
4548 2054
63 41
331857 175219
312 896
102682 80297
1684 936
873 55
321 5683
22823 800
389 517
55682 71635
1885 650
6535 8726
5 7
136609 94365
79280 25521
317 128
7103 28728
162021 217834
118 7622
276462 149715
12471 12908
1 28
0 1
265 280
218384 125457
217 289
15036 1631
256772 167152
6510 18873
2747 847
18484 15920
73521 164865
37173 77437
2 14
5 5
22379 48747
0 1
204 51
4506 1663
90340 116372
111437 88128
2706 1583
29515 42463
24683 21240
67322 74985
5881 9636
86282 97791
4047 3323
46331 39884
215692 121424
5644 5537
5972 9387
328299 173509
4734 7238
101435 136643
923 394
113348 88718
5539 9232
50114 51467
93001 62800
12390 10408
28352 17390
23962 62546
27648 35155
1163 591
4470 2824
256840 229835
3781 2975
0 1
5 3
0 1
742 2862
145884 99139
7813 10201
181751 126087
0 1
8502 8864
326862 191446
22200 25125
1 2
26978 53513
2 1
249536 139306
29003 46969
25200 27215
6 655
177962 110231
2147 4255
18315 11251
27484 34496
16656 60351
45 61
7485 5942
3346 488
56963 23786
5539 9227
2 1
146008 99179
1012 257
1125 27944
238173 133433
42679 86914
4263 2261
19840 5594
890 126
20763 5399
93856 63105
790 735
2859 3122
17773 13473
18937 17737
1 3
19162 16450
3738 6046
274652 151831
70378 142403
25827 28750
81684 84578
13895 10228
4546 1107
17012 15612
1 1
24617 17531
15246 7472
274137 230010
331927 175251
18580 17365
30328 58330
5444 9083
18513 14043
2280 5400
17296 13098
59204 84862
39995 84293
139488 210936
8215 1701
3530 46354
26041 17214
24385 14282
64684 74217
7718 6529
146012 99181
15061 14237
49509 106840
85085 160345
13157 3847
4523 5439
10687 10210
2237 1857
159226 207215
2 2
237 80
21169 20475
197543 223591
1976 1919
93629 114130
15138 8069
2175 30
10764 8200
4 45
328936 230542
2 1
50173 42243
21742 21392
17136 15721
356749 187421
4497 1810
91113 81968
3972 545
145918 94946
14686 333
236709 133635
7218 8636
125 593
110517 66123
0 2
346095 182157
136779 110420
162362 105095
861 2639
35022 23877
6528 6784
28186 63780
3061 2584
18032 6327
21187 19747
27648 42849
1 53
95859 63460
5507 6172
385 1584
28972 39617
59073 54327
5598 9252
6250 709
5988 8418
393557 226521
2039 3536
118050 90174
9321 1598
2924 2328
26792 16443
25784 28619
2104 186
6 36
346491 182354
46680 30059
2916 38155
22428 19243
0 1
3436 1241
532 341
1871 1746
199475 118127
19910 10414
577 34
2853 1628
16874 15550
101364 60603
0 541
0 117
14359 13766
49133 99409
13908 2235
9463 11099
2853 8225
9430 1935
78462 62394
0 3
265837 147525
8499 5836
18794 5336
16593 15374
25753 28312
94774 75457
97 21
2307 7844
299691 160181
24061 35467
43514 69595
24235 34481
2372 1362
179 6284
1 11
44429 38700
2165 1389
14374 13791
316 58
2 1
46391 103178
11165 12019
23244 20074
402 71
251360 144551
242107 135069
28240 17677
12627 7473
0 1
2 7
575 478
62026 63458
65985 39450
208905 184803
6 4
73961 74479
14601 11733
3457 3966
13934 10665
757 1717
1034 878
25250 24416
102895 129207
0 1
13748 3274
14181 13600
22781 16134
22894 22734
8935 10859
229562 134700
148283 88260
2 1
2 1
619 891
55457 75185
147 311
24406 17285
320 198
2 1
1982 3729
2 2
18709 13117
5481 5646
8649 1712
3982 6606
29506 42407
0 1
264400 144474
75385 51687
180253 216658
5 44
14945 13469
16412 9198
16199 4458
8690 2591
27435 34311
11203 32864
26834 25156
2 1
2 1
2562 39330
14836 3333
20313 20764
7294 11230
231 1701
512 77
0 3
91 958
754 6641
21742 19417
24 177
0 1
13962 24876
2783 1622
0 10
5 6
221406 126650
32316 40387
18812 17749
7472 15497
20729 52032
276183 156560
2 1
249310 141016
40799 87459
0 1
242 4
318878 169067
46739 105439
273858 148576
3963 3583
22032 27543
806 7582
65111 110567
30033 63635
6947 2574
169564 107242
20020 48614
325388 185520
8636 7014
4742 2868
802 1282
21331 52139
34025 56321
17241 15842
21653 61847
319450 169336
311305 165523
12195 2436
51883 70555
291802 160509
17161 12709
5 3
15169 8684
21580 13733
7 42
7818 10224
22737 17765
0 6462
307102 190295
1598 73
8966 10881
2316 1527
15817 12672
90145 97837
6 7
77439 85153
5 15
2 1
23330 31784
197402 220503
17645 15220
19515 12110
2 1
611 2
15268 13488
331561 175079
108829 98524
44 28
6 30
54460 71288
2 1
15563 13405
180408 111108
19544 18531
0 2
22754 49727
197431 117352
17354 15925
28870 38849
753 2619
0 1
1639 3570
3534 5465
0 1
63909 25433
14951 2013
21026 20190
25995 34177
7380 9392
5808 6173
19 3629
1655 7075
15131 14297
22093 19123
37173 74517
3338 7192
1782 1096
2 29
126 35
122 8
194271 115935
77043 46044
53635 84566
2209 3312
3483 3105
16757 58283
3761 6396
17148 11597
884 2607
9539 2910
729 2079
18297 11925
911 7618
58548 84158
8533 699
126251 207194
510 1885
12436 5817
7059 6641
5422 9072
1002 1982
700 4452
0 12
36931 26584
11295 8197
265335 144875
43591 79818
7708 17537
25159 57588
3353 8380
207933 123169
27615 34900
20928 16945
20816 20077
15958 21330
3540 7283
1149 860
0 1
119718 71572
13814 3949
14913 14119
5683 2011
23743 17638
115 31
317477 168406
1094 140
7342 8781
475 3
8313 4973
0 1
1938 9592
150 5930
0 1
5573 2104
1805 7696
2547 915
241272 134723
268 27
135 33
2 14
199913 118167
23858 14867
149545 89595
59966 72875
9118 10960
274 1540
170306 110282
237230 133050
1893 7887
12517 12243
27 24
17950 13695
6 7
0 1
109378 66687
302890 166114
29460 35450
24801 18120
77399 54568
76981 50382
152316 101292
1742 195
13405 13239
7708 9733
61327 73259
13541 415
328668 173681
4482 8742
328 106
8288 42896
5469 12707
193092 115730
7821 4823
6211 1414
24969 26536
3955 2585
277771 150284
6123 9458
26171 23763
9044 5892
188 1774
3 63
441 643
403498 226076
336748 177585
46582 24204
35863 67453
5651 1560
25912 26032
5040 4402
9548 10781
3154 10862
112075 67304
90 588
7 45
24938 26440
2 2
110677 87892
11106 10418
227045 128896
81689 168666
222086 126920
78503 155355
140182 106303
0 1
19370 8734
3150 1172
21743 21243
75830 152419
1541 6665
385 1259
84641 171574
172815 111948
26866 20159
31665 17135
0 1
619 227
1141 517
131 1
0 1
56042 88496
6875 2430
10321 16036
9529 9895
263437 144064
28402 31366
126 89
112831 88561
8050 10419
22062 61966
555 13
2 1
5366 4369
23547 20577
77760 98772
59457 15263
14207 59585
13425 4002
38774 2656
0 1
37690 16291
301758 161120
0 1
8773 2522
1833 323
0 1
7480 1336
4885 1764
311736 168308
0 1
2422 4419
688 1901
1370 457
16147 8419
20148 10413
17739 16183
17786 41584
72028 50792
18241 16801
5010 498
26277 18885
17651 10285
0 1
600 114
178937 110582
27840 23705
16217 6049
64220 32747
2891 7150
2 1
5786 2937
135 23
8 161
0 1
9812 11370
23901 15440
27997 63725
1 4
45979 32965
19731 18722
148156 99896
0 1
153591 156088
244470 136049
984 588
11739 9776
1355 55597
100539 192367
259815 142511
0 3
35436 72572
2 1
78 344
205596 120463
141369 113044
173556 129648
306169 174266
7950 10361
55437 71566
1982 1566
41788 81561
74416 44492
44618 68469
107450 86892
22949 7892
1664 154
14778 8248
19635 22838
180469 223097
642 202
298402 159590
2241 1522
14356 7945
5766 8499
11437 7682
261278 227987
6400 2427
167610 99415
24645 21949
99911 84596
43203 84407
30585 46077
53510 108400
276064 167274
10797 9575
81075 59462
22241 9350
7750 9562
38077 48763
25795 56778
0 1
26575 31168
399 149
3751 6140
1302 201
306047 174195
216144 123102
135038 209335
0 1
26948 20430
15502 14685
0 913
26779 17898
22924 20373
26184 28396
2438 1747
76528 152258
120940 91067
10760 9295
385 11294
2 4
23932 16107
738 7561
1278 230
46256 76341
74765 77155
1030 6999
54943 71427
7964 1950
0 2
0 1
22815 33239
344578 181414
27 253
2 20
23651 20284
3419 2919
71196 76107
35404 48011
9288 6605
2798 37
206331 122944
15936 14912
235755 132445
31839 64534
327679 173215
2 7
3804 3637
19499 61192
8324 8134
19560 5803
79276 47390
2795 1803
0 5
9984 11441
215726 124422
120172 90830
312946 166295
54294 41684
7384 9309
22588 14586
142 31
25340 27661
385 5491
294 1164
8 133
26951 32184
14403 13864
3104 171
2166 2311
17393 17331
2 35
84641 175207
258084 141772
0 1
15080 12139
126495 82195
138791 101122
61121 109334
142 37
385 1202
34376 65385
15905 23063
2 1
2 1
16473 15282
16095 8775
1940 973
47766 89166
0 1
34430 70753
113 38
5813 9339
20485 19625
23466 17679
3126 6015
25901 28951
35648 65928
8484 1703
20590 26007
307753 163880
81161 79021
3 81
7203 9906
54464 42380
51971 47675
17199 15509
21072 13968
41240 27871
432 1412
11334 14931
6 3
623 1316
1 4229
1 1
323925 171434
16365 14421
193208 224752
1697 3454
23702 18069
9 103
98789 38061
0 1
20012 19044
11747 10548
149383 100308
2110 1321
2721 4268
0 1
7925 10318
15757 9192
3110 2143
14625 3358
10578 8132
0 1
7258 6127
7839 10244
6384 1617
15568 6353
30599 46198
26245 30016
13512 12568
193 49
6592 9653
2 6
2930 2408
17375 10576
385 3195
14935 227
11041 21263
2 5
39916 32946
23355 23526
18471 17134
135860 193693
11105 10905
73058 76650
21765 13976
240535 134419
90858 184277
201334 118846
27073 32683
15200 14369
259710 142467
74057 76944
24536 18392
16062 6653
127 1017
243935 135826
48 2364
17677 13075
27403 27373
28542 28010
11172 12035
267767 145924
385 12475
0 16
18182 16740
13187 10733
20945 10517
23373 31955
36575 54801
219 6019
39756 46307
0 2
10502 6089
119087 90492
18739 23954
2 1
65008 74311
4906 427
24491 15904
4950 4515
15830 3080
8793 1816
13673 2879
17320 15308
1281 123
339325 178842
543 25
6123 9484
3 74
19773 61271
1511 212
299691 229740
125197 77726
1833 858
18938 17750
17688 14416
20346 19495
17221 15825
232933 131299
25528 23543
306984 163531
116125 89574
5 23
106988 197038
75594 20625
0 1
0 1
2 1
54481 52467
5 3
19256 61122
15783 4779
143806 206259
2 1
240758 134511
4065 16819
15388 6109
2 11
18581 17368
0 1
277017 153013
21332 12772
4326 3658
78851 66640
19753 26148
30048 33635
0 1
8710 8730
210496 124828
42 578
396 2
4761 8864
162988 103907
1745 3211
5 2
0 1
302124 161285
5596 5986
8200 7640
59651 72777
190399 112357
251 15
8 30
8751 2604
22489 22331
53434 70999
152393 129266
163657 101920
277330 174843
11117 10694
2 1
9816 4015
15957 13831
90135 53967
2 2
0 1
14401 13860
328 131
17276 15569
248473 137704
4006 33011
12627 8463
21036 1770
155 4323
3556 811
13015 2827
9824 10692
73904 67832
8366 10644
6439 9598
217786 125221
2569 1603
1 5
3467 2958
24126 14388
21247 20578
14908 9935
120690 145044
356914 187505
11381 9779
714 190
385 1785
20729 61564
45937 18533
1424 17
491 3909
1 5
9091 10944
139165 96917
0 4
92199 61720
1093 14193
4380 8691
45056 68595
346012 188771
2 2
11137 4356
31501 25149
25731 36431
0 1
295584 158311
28601 19882
18007 16591
269889 146848
24780 15110
19400 15327
5 4
2 13
159 1353
8448 7894
224 102
15923 14908
64246 136521
1 4
9715 9507
4030 569
230233 130194
1066 71
0 1
1098 4
7299 1481
36909 67336
81721 59592
1917 1946
17755 7947
9006 4779
7858 6849
6128 5385
125839 92612
2930 22
2242 2321
337970 178180
9095 2644
118709 98672
736 492
17231 15836
76767 123417
15146 11177
46799 28108
0 1
13 6
1 23
219 114
7649 10104
15511 2083
23320 1021
284669 172943
9320 9745
25 304
23936 39785
2894 2803
325 2349
63483 54517
29360 41379
0 1
385 4493
303 1113
8928 1247
272885 170627
1344 1065
19841 10013
348460 183322
44283 56891
11187 11789
0 1
290799 158255
70947 161398
83347 59997
3584 4933
19758 30073
29837 43949
642 557
37476 68380
0 1
24408 18885
132 22
288251 154985
75 19
18601 13144
0 1
183 54
0 3
23836 19585
576 353
236182 132620
29483 42293
17855 9496
3608 949
113 753
832 1371
23509 5324
0 1
4848 5386
29410 47228
2011 240
0 1
111 26
240 2827
246357 138165
23236 23296
36948 66290
66770 74825
1014 7376
0 1
0 1
157283 93391
711 408
178571 105486
9670 9288
8160 6081
70914 9033
18332 57955
45 56
159 90
26432 30837
1868 7879
2206 1572
241267 134721
231351 130661
15942 4023
126250 205894
23812 36281
13420 33017
17328 15893
17301 10591
67220 45149
1018 1135
10958 7870
108653 133685
35436 73237
184986 223696
384 1003
4842 8880
7881 6882
132855 81484
57 16
20769 20441
11851 3293
13838 9237
1289 4
69 10069
50586 40997
36162 64508
122494 91552
29640 43052
148634 100058
1 5
146322 113429
8970 10891
26129 38363
70577 24646
189 48
0 1
293598 160595
24380 18179
122733 91626
414 18
3798 1172
51257 111420
385 8811
4406 4044
21878 28459
19887 18904
269060 148091
26390 30670
15826 14262
16754 15466
2583 11367
1 7
150308 100622
0 1
385 1284
121 33
177 31
111564 67141
4065 6752
645 3574
15127 8544
18220 31210
25795 17088
117304 143380
5 3
354 55276
420 166
162011 103547
2219 2214
10289 9733
28883 33169
72105 76371
890 2827
1 14
86258 32197
7275 9946
2170 1236
109436 87508
7 437
199304 158805
26422 30800
15094 14257
204 62
25894 25350
25778 28599
133527 81843
81 4358
482 35080
25164 22600
112 34
15641 10012
13209 14279
22878 22704
21826 21371
5 5
352 181
385 1908
4374 3168
5 27
21892 13131
241000 226413
1073 7112
56340 123456
16687 10137
0 16
9743 21464
18006 13659
208141 121449
0 1
1251 144
139 21
17971 16464
7 368
267 323
179057 175702
6831 8049
28091 49068
61102 142638
101393 85344
0 1
23696 16353
23116 23145
1162 1195
25850 22897
61153 53941
2042 7941
0 2
13430 7107
235176 132205
17833 16344
3535 7184
29153 12275
16472 15278
130761 208949
7809 10196
10314 4915
23055 5129
208571 121624
60947 39662
884 1435
74451 73566
0 8
289592 230761
5 11
4998 8915
0 1
2873 648
25616 20951
21 28
41130 49578
200576 114896
44913 73081
3150 1679
2096 7950
0 1
5 4
46230 68926
385 2015
36766 25767
3320 3087
0 1
122069 76174
195555 217159
46974 69144
1035 452
0 1
608 231
3459 6854
83638 125682
20946 5841
2 12
278293 150510
77693 68920
24158 15914
0 1
4441 80
18579 17353
0 1
7 442
27261 26301
10992 24830
808 61
3640 98
8105 3124
315748 167599
196627 116888
5018 2794
13363 12272
228473 129478
0 3
21632 16971
22832 28869
229012 129697
293654 178984
9712 11254
23013 22946
4157 56486
0 1
8995 5203
3182 3485
191772 157194
321564 170319
223 34
4814 4903
16383 15249
48561 69597
13628 7801
9040 6938
38833 66820
7 66
1 1
18474 15422
312428 166047
319689 174697
43724 92484
14649 13152
68893 75433
12503 12940
14743 10571
33701 43596
21 191
14285 16228
2349 1430
2 1
184499 112574
19840 18857
197499 117377
18279 16851
0 1
2141 1350
10654 21014
4 70
52340 51995
14490 8837
251036 230597
235 167
0 1
5769 5189
169504 107222
0 184
5176 819
3645 8437
12069 44727
384 1000
320625 169884
0 3
349376 183779
0 467
254412 143999
19468 34848
15070 11790
210477 222869
28525 37849
60304 37704
1218 1837
47034 91351
4 34
254526 140271
10478 2992
3569 2124
4273 7697
12104 6018
1446 831
12606 10143
12599 12982
238008 142004
1562 245
2391 396
5220 8692
102236 162903
121 31
18851 12487
5 5
4 7819
122 202
31618 20921
25384 30945
4150 3701
237100 141419
0 1
2881 12730
57305 34244
209 6236
180 23
15189 13306
5488 9112
27800 4716
23766 51798
268061 146050
58412 38380
13535 10850
7755 8252
250619 225173
13339 13192
11364 16296
2506 5528
0 4
17651 16133
0 1
223626 144007
0 367
323 604
20025 15701
7 2024
173 2833
5693 3889
27047 61581
587 243
314158 172047
0 1
14201 10482
0 1
10411 2146
7935 7661
5232 4030
3506 1638
1744 7855
5287 4032
15254 14277
19517 14217
20254 8962
64286 15031
912 8
1222 84
32574 32323
3157 8315
23014 30555
69491 71955
34675 42344
16616 33279
77011 100444
52312 55410
84614 80041
64 58
130584 94128
300679 160623
675 2544
2295 294
54933 52601
92 24
10584 18221
29918 28673
41974 78016
100371 86665
754 93
294658 229312
10121 4999
17606 20038
13761 4895
579 19375
169687 107285
23118 14538
207973 219610
5 3
162255 104667
5 7
8464 17631
23619 17519
59956 72872
56064 114433
198121 225863
7919 10307
4094 6846
24197 22145
24516 6410
7271 9933
50917 51669
12079 19485
62009 72936
113078 88635
0 1
2461 7682
15638 14768
11310 27349
9203 7853
3 119
1250 6801
1058 274
23784 18208
2205 1570
61102 140828
58959 87075
69403 75582
24106 21620
75183 57855
0 14
23941 13398
2 4
7385 8257
36452 48320
8776 5158
5 33
317 117
211015 122586
7220 4657
4742 1629
4391 7758
22445 21974
186 81
251 8239
13261 12855
33076 58566
252765 139523
9236 10990
5413 5963
102024 25000
167698 106581
198 92
9203 2925
2 11
19775 18769
32989 47487
2 1
385 3557
99200 64270
26287 30118
21810 45111
5668 8756
81588 79151
0 1
2743 2659
0 3
2973 1839
30301 64417
216847 123464
6585 4075
5019 2685
0 5
1992 7919
2504 1971
39147 66910
18366 15323
319230 169231
275901 149470
29888 29465
52 166
29406 41653
22090 12277
183077 209830
5641 8924
23798 11960
12183 2078
2207 3044
3867 5837
1277 2166
33962 53029
116127 124999
111 1755
29 76
21281 15295
26342 30185
10582 6526
2762 6376
491 20
9371 10012
5 3
92792 45284
79 2458
33 104
1360 1199
410 94
3 2
6880 15377
267294 182207
14324 4110
1 4
5363 1740
131 43
1282 271
10 2
2 5
10366 7959
26276 12312
0 4
324 59
811 1376
50142 37286
19478 18411
165765 107283
20944 20180
60796 39596
29851 43968
197266 117287
28019 36576
2 1
333097 231060
9269 10627
109020 168675
18453 8087
59100 94301
23287 21308
14877 59792
423 134
3731 2964
28237 36981
16574 3517
22934 22813
4225 2885
5728 3113
1466 1188
26342 32392
23184 22856
0 8
29611 49512
85620 29648
3465 8397
212373 220341
23373 25496
18270 11071
36404 17206
23871 21671
102944 85515
9398 58094
8970 10891
331427 175014
23912 24515
8804 10269
225372 128233
2 1
0 1
385 7252
383988 226944
19516 11085
1879 13969
112463 107943
59922 137165
366717 227023
38584 48927
93224 117044
60 58
11571 9317
277383 150115
0 1
71001 76049
5814 8888
76070 58120
7 329
109 123
9994 15125
13593 50208
25676 28298
27658 35218
0 1
1 2
19635 18631
66094 74628
13333 11622
0 1
25760 17060
26038 25612
62278 123479
156968 102864
22833 18492
291533 160375
93486 62967
250374 138504
25880 25511
75249 77298
209 29
26440 23174
6 10
29232 25439
2725 7660
8963 6358
26826 22225
54 66
2 40
5 22
219 70
66349 74702
103743 65441
12995 13100
266324 147760
42778 93019
117858 203436
255056 181425
17 1
48214 25211
11838 7372
323851 171395
315692 172449
48330 69531
13068 3871
149338 91845
12172 14947
27 11369
78875 78355
49600 48493
173 47
275 148
44816 91024
199977 118242
0 1
13 17
0 1
21363 20799
2004 29150
24 48
64198 105021
3287 318
236596 133584
8860 26310
13529 6806
12610 7847
18472 12786
11746 5485
45813 15842
201256 125063
14561 13998
4001 2701
0 5
17699 5200
7 291
15594 14755
28997 54896
6247 1049
779 2262
135578 95746
8290 9525
3617 1220
5250 1876
8103 4868
273 113
9420 13392
59922 136818
15136 1340
7531 9820
19028 9330
70947 159336
218982 169889
5246 4580
145018 98850
11590 12310
441 22
5 1
66904 77075
59670 84969
20129 15948
131858 80992
54760 111173
310 2
3861 1267
520 823
193688 225198
22673 58885
56158 68117
141 246
2644 8170
11866 12424
80249 43144
57928 28543
6030 9408
1285 4018
0 1
73821 76876
0 2
605 537
71562 89706
1700 860
0 1
27074 40997
5 4
154 77
46057 38770
0 4
2 1
63025 47447
18578 17341
145150 86402
17659 14249
316874 168124
977 1038
5 4
310 1655
766 104
50120 51469
0 3
18297 1037
15600 12991
506 34
23723 45954
10315 10061
57624 118667
33572 53830
13880 16532
5615 5056
2187 311
23098 62262
5707 1128
265753 145051
154 1146
18615 14181
16363 15206
3988 1895
0 1
7240 2320
1351 7721
251155 147659
891 8
0 4
0 1
0 1
820 144
30026 47692
147999 198453
385 16562
17200 12616
21 4256
124403 81467
2107 13512
159233 103633
214200 120731
10563 2565
828 8
3687 879
120561 109968
228044 129306
5272 1794
290 45
21564 38670
7445 8511
130756 157195
131906 159254
1 1
404 138
189813 114502
21621 14769
1210 60
260 107
26530 31034
128948 93603
20400 3448
706 268
88 94
19693 18675
20119 37363
0 1
24380 18671
332 1398
25504 35257
2315 521
258791 155713
0 1
16317 13158
21237 21219
144 2597
391 278
167343 123705
26655 19429
126251 207194
0 1
14054 4024
266036 145174
1114 100
6039 49174
92343 60634
4459 8730
3 22
22974 16097
3577 22097
2021 20
12329 12803
209064 121822
0 1
7062 9842
0 3
165863 98455
1239 1460
46 86
1 2
5727 5493
6211 5336
10605 11686
188 1448
160949 104216
0 1
11806 6858
298264 161801
7 614
4105 2871
44588 17033
14627 34679
376 41
253023 139633
62603 36466
151139 102000
187411 113624
195290 116550
17045 14565
30092 62054
1290 5077
6112 9110
22375 11909
577 216
9645 11203
210585 122600
0 1
1261 1200
2 1
166420 106136
23557 23890
2389 8078
490 369
10428 11579
0 1
20613 36715
23124 23183
6098 9438
0 1
22807 22557
2567 753
538 164
28908 25801
324116 184761
2920 2243
3713 3260
31584 63156
122585 91581
103996 118204
9804 6324
104 56
5 2
0 1
14754 39163
110 340
15146 14309
0 1
62713 84842
269299 226415
164943 157783
0 1
195809 155781
294907 161272
17066 9381
10571 7755
225082 133789
0 1
17215 35945
5486 4321
57 55
22082 53990
389 156
60 145
7902 57654
303616 165891
329 218
29946 32848
21742 26201
4929 904
16371 11676
95328 149082
64102 79473
728 5759
43877 94639
385 21357
4658 8812
2 1
24977 26649
193806 116000
1721 441
319577 172129
84641 171574
642 466
19312 18242
18616 12978
8002 902
40799 86729
202899 115492
192035 115334
7780 8523
110871 140579
5 2
18344 41819
45 36
24977 26542
343 403
5 2
4742 8501
958 2428
218555 152643
3312 43
20181 13193
20050 9055
250 124
45289 45231
11804 11172
10589 11143
29061 19808
20991 14875
62036 23210
2 25
24609 25837
0 1
5105 8964
94092 187053
34920 7183
260836 142946
209 1568
187 35
0 1
26294 19306
345782 182005
2 2
18993 9294
11015 10324
27047 39164
21705 21203
0 323
1500 437
85725 80371
1387 2862
204275 118957
3440 51
170263 100855
1754 7859
0 3
5 4
26991 24596
3832 1809
7447 4058
4292 8673
6573 1930
265008 144736
6903 1945
316 243
2668 4327
3083 7444
5214 2203
313645 166617
6 11
126465 92814
52625 41107
24533 25648
91440 157414
855 2
84027 79870
3561 8422
0 1
5098 3278
7788 10158
609 394
94092 186017
2 3
3087 810
2 4
152019 101190
10866 11792
62574 76477
2 1
29840 30089
10672 11726
55170 38009
29389 41594
9 42
6926 1574
103 52
10303 8325
100 1050
124 42
2 1
9915 4960
194720 116336
100781 37666
251 12
90132 53964
212913 123320
32201 63719
166007 98990
9984 4652
193681 225558
165 116
3606 1277
57874 71537
3650 3575
2 1
6336 9577
597 293
134 65
45820 90934
1 100
1220 1254
7108 1480
4155 15602
4533 3893
159429 94765
22692 5261
160137 96459
529 46
3989 3661
27020 30959
16779 10826
3754 441
68974 75457
7417 3633
9572 4794
16669 9415
2658 810
0 1
5423 5844
4196 1173
2 1
0 1
0 1
2136 2920
12564 13568
192548 115530
914 231
84963 80143
8964 9660
20216 8159
20346 19505
51257 108914
20660 13866
1 1
12418 6631
126999 92983
40332 75198
3924 22622
4348 4992
16150 8827
40415 22901
163542 101874
3670 83
8396 5933
81088 59464
160229 111376
15305 21337
2 1
1041 967
52 1070
6 5
590 572
114529 148992
16230 2791
622 448
14045 12252
62027 115901
3617 1220
14487 11756
35644 48071
49259 106263
9534 5961
90635 28603
2235 12094
292945 157109
0 1
80 434
22980 22270
145242 86463
25 32
74605 96568
78896 129640
64751 74237
1 1
2 1
117335 89951
24825 36901
302 884
2 14
2204 571
76773 54330
71615 42796
1 3
2 3
958 1212
27508 34638
37895 68947
5246 40243
16628 4618
26359 30517
292165 156750
5133 8991
11255 11399
1 14
18429 10498
242886 159047
4952 3996
84641 178374
59567 128167
12983 3103
191949 115299
19413 15900
97 27
7813 10198
4085 8589
266938 145566
243761 136743
101963 85220
0 1
280 905
65 172
89345 51871
14237 13639
26300 38592
97339 189714
7089 4608
19123 17995
19732 17224
421 21
87666 85374
38097 70535
4119 925
215 1717
23184 26499
199542 184271
347 17
6159 4458
307 1
31370 52628
2974 8273
717 1115
0 1
4716 8855
2 10
5 94
2722 2664
22758 14987
17706 16151
287256 156573
65192 53028
7253 4043
2 4
6341 6128
264276 149613
2403 1382
1204 17
1257 1171
37318 73385
83 19
103949 85817
4043 3442
56327 118928
0 2
159 16791
272786 154529
5 329
17406 7349
16692 5396
26739 31579
14548 9942
2902 3136
0 16
4111 3435
6 20
41 5
566 56
0 1
5380 5371
94092 187053
78068 149811
5 46
45524 90942
3312 1306
1 10
109934 87658
93 1017
123379 86138
79 23
24756 12530
5502 9185
135277 93886
16224 12139
171410 110977
11201 11702
2463 3362
218272 125411
15650 14771
1 5
13802 11060
19140 8338
221666 226951
11424 12233
422 55296
68 59
174 317
5 842
2 3
81494 59538
1043 7661
732 63
4388 3694
89412 61606
9127 5235
77422 25094
7925 10337
179024 174298
207160 117466
0 1
73 915
28648 63916
19 375
26058 29447
284879 224093
9599 11186
381075 228999
12724 27929
6370 6554
20106 19154
64633 48260
0 3
21840 50509
54769 98292
10711 58498
9189 9495
0 1
6614 8502
24536 25655
22616 32702
5146 3598
28961 39539
16843 15078
9802 4005
385 4985
78948 55346
2941 8260
11637 5872
0 1
420811 224610
68843 17436
535 7148
350825 184499
11344 11765
71121 82869
161814 104516
18874 18665
874 357
5772 5831
0 1
896 43
5688 9294
307768 168687
33768 38327
155101 102226
0 1
16257 15142
1002 267
234425 131901
18217 13313
1638 1030
385 1692
352 5650
90240 32328
78 311
22794 9515
100330 107038
625 7343
14397 13851
1292 1990
0 3
229681 222861
112976 88604
2893 8234
90467 81779
5 5
857 342
314764 167144
26993 63422
6919 2373
0 7
16268 6901
2133 5172
27795 35803
1 4814
17891 20285
2141 7616
106396 63588
10168 8803
4406 847
3235 6285
433 8
21447 20900
343751 187662
23261 13495
87646 180517
8822 10285
84966 57678
385 7678
1175 7700
41023 86416
1 15
18803 3586
10852 10718
317709 168513
0 17
248810 137846
1567 335
12246 2885
17532 36995
6866 9316
0 1
26755 40515
7333 417
78761 69605
130094 92074
7111 13057
282695 152460
21988 21918
12915 5019
67824 23616
227069 227486
0 10
8131 31292
1070 7668
1 2
48658 78058
4193 8611
141740 97766
8978 24227
15851 13292
305299 162749
101099 142063
13371 9013
3969 1752
209334 121928
7766 2287
6859 9301
22088 10867
16335 9135
248576 137748
4388 8696
145946 99159
4238 317
110388 191540
79828 79907
22373 21875
122440 105628
202493 119288
5185 4940
1847 174
4662 1934
18707 51279
67841 14785
16707 12007
4269 8653
3827 7331
135038 203019
16584 9394
690 646
2 10
0 1
282 958
2631 2146
275095 155914
69081 86655
306667 231000
11619 14855
10608 3030
5 2
8082 10451
9 57
5027 4744
70430 66561
9901 1920
8 2193
17595 14617
385 3663
90776 60806
278287 150507
385 19885
27061 39194
20390 19552
22894 9664
7145 9891
10956 39936
27943 19796
3009 26128
18471 17194
24389 33348
14125 13554
66150 29360
