0.49166983198845143
0.49702912363438057
0.0458381346234955
0.41739786008511787
0.0
0.5993249220953603
0.679539340009256
0.6220712294399896
0.6408357955680364
0.0
0.0
0.6238193671141646
0.5500253173374676
0.3799989999370123
0.6362712201967109
0.5827382262556579
0.6956117352089449
0.831724361044816
0.8035461032225377
0.4754727850567936
0.3758576848111623
0.6648909106331089
0.8052520379751494
0.3716796356477034
0.584612395700983
0.8432098740853141
0.6275989847065438
0.6581328517836506
0.6699900682592501
0.5782663917820999
0.6496770258252493
0.0
0.5637333778264733
0.6166964105694046
0.3799989999370123
0.47365256603303085
0.6763604340642012
0.6481269941627551
0.7694109027247031
0.0458381346234955
0.6456327595907809
0.39369065770860595
0.6691661589621472
0.5096715177622136
0.8095414900371929
0.5548221884145431
0.0458381346234955
0.7050472926230338
0.5867601051056481
0.5289112900380243
0.7677899699621434
0.615937644846976
0.64546893353386
0.39369065770860595
0.8374710273874213
0.5582615419857079
0.8346655534518574
0.6223802381279714
0.34628826080835784
0.7215691390886978
0.36104484416089017
0.0
0.7000788831940467
0.8319150685232282
0.5630869104287949
0.11848985910474394
0.6210472041710215
0.1453034489624969
0.4762166674731423
0.6857821405786564
0.8267061637250782
0.0
0.5684942941211157
0.732408674386624
0.4826941833200572
0.7055797157195093
0.2560042629752305
0.7974486051404639
0.6856700761486109
0.7700019087188672
0.7812195995898964
0.1453034489624969
0.6530235997167471
0.7104768860617735
0.8365443637655948
0.6774606576692643
0.6457278210588722
0.7330195011479271
0.740346100782667
0.6313775079187292
0.7369618465187344
0.47385730443032814
0.8350557214177424
0.6505482286457789
0.0458381346234955
0.6201246972268584
0.3176920711192944
0.6978432939735445
0.4978519637545011
0.10643285259952334
0.0
0.6612430216666133
0.7236809892992768
0.5608212085014452
0.6803749119421226
0.7521135402502305
0.31659898095125827
0.6363106631247859
0.6221146862836792
0.7900727361561389
0.0
0.3711986848041303
0.4694187717347656
0.0
0.6782275045367686
0.7834134657120055
0.58342413127341
0.6295977197326109
0.0458381346234955
0.6567193324328704
0.5745044555500937
0.8112488680800168
0.7269147410710369
0.0
0.6301867085026454
0.7169649570702729
0.0458381346234955
0.6220549257583919
0.7273563224531431
0.6214488463069947
0.6166197444134452
0.6702580691763059
0.5331514597090711
0.0
0.8356939815636697
0.6720379352274319
0.7366887362238218
0.7840091057206038
0.6634970660173446
0.7274877824837563
0.8036201344133453
0.0
0.655635734300532
0.645224345369679
0.8183216213042466
0.38851181004149915
0.0
0.6664951222083315
0.0
0.5473553477250083
0.0458381346234955
0.7319058022720752
0.6481892587206258
0.8128632159321127
0.5857232196930507
0.7847713723547443
0.6071514281119531
0.7202415483582918
0.5057515289024455
0.7627998567128945
0.5028821487594564
0.6397467285576638
0.5884890444348472
0.5527933475335429
0.587304695596374
0.0458381346234955
0.660760447605045
0.6154529513312371
0.2770637513606173
0.5944924853494356
0.6794869070872402
0.7509071164725369
0.8036965231039808
0.8053653277947611
0.5925172959919273
0.6749320333274177
0.0
0.0
0.3646055212972248
0.0
0.6570019004547476
0.0
0.6702528246821119
0.7395113043779641
0.645109382514908
0.7900684524578206
0.3171477845117468
0.6983921832108296
0.8183369886850479
0.7629323613353866
0.6129684842320613
0.597396239833636
0.5717016087287838
0.6662169705910888
0.6988004551548493
0.43140610767900445
0.7665746998582255
0.372631169323219
0.7410132689486841
0.7226346816309618
0.8133873725873011
0.5102045918941912
0.0
0.6890705361857595
0.7783430389762231
0.0458381346234955
0.7216186049688551
0.6849642882072937
0.0
0.6254760464647744
0.4444111796311045
0.0
0.3704706358047339
0.7903800091161338
0.6032889541371527
0.7171187594026255
0.5143212123114452
0.47375501446483703
0.7870740984866438
0.6516274185616345
0.6731741947633187
0.10643285259952334
0.5945089746774115
0.6164188117045111
0.6902980689123936
0.3840950736510184
0.4826494552496981
0.5217582524987755
0.6588253235507756
0.7530213858021187
0.6674513347128046
0.091676269246991
0.513932045028993
0.3229018859841128
0.340789489574052
0.6645201753296681
0.8003279553175898
0.6337695337364285
0.5876896556410706
0.0
0.0
0.38228316717198474
0.6945306771956212
0.8030512540091287
0.7792487931327886
0.12868391285320918
0.8443564098352453
0.6721832685275653
0.5515265318271082
0.6746480115593284
0.57152679908561
0.8290520930427551
0.732111938312257
0.0458381346234955
0.7509752363375845
0.35004862742558
0.48651631033793236
0.4326566116216348
0.6594458052044934
0.7109873288487323
0.21286570519904668
0.5849942674103253
0.7029600816727385
0.36618640413691955
0.6622421477400994
0.7298636967649362
0.4981711781289658
0.6156747953791378
0.7433601394168027
0.6559652860075735
0.6697130457641073
0.8092684017157764
0.725517471850154
0.5099682004020645
0.0
0.0
0.6287190265871273
0.7404885969512811
0.8067515016407938
0.5735833098839583
0.5654952334794118
0.1453034489624969
0.4020687151515416
0.587844837939016
0.7403697200983631
0.0
0.6533663947772169
0.7322969129621796
0.7309020650784128
0.6511635636005421
0.7266637924857353
0.6949507844213123
0.0
0.4053168454295138
0.29830516681949026
0.7044261402237499
0.6427154530556434
0.7536641044368829
0.50178576351932
0.6565001544496001
0.5169564566857395
0.8067787911427632
0.7238910756198217
0.5833656173782741
0.6931428890815319
0.49008957879165843
0.5331097501841912
0.5684698556694314
0.7456936449065917
0.5611633222986178
0.6424364884702563
0.39369065770860595
0.5056568087389542
0.5702543407027737
0.49688497000889637
0.8008424353656259
0.376306028559008
0.0
0.0
0.8008657259891274
0.6015852395067127
0.4250934911475636
0.7061856071913027
0.576265690126201
0.7846998608935178
0.6746431039192886
0.7436641481742745
0.8321959113900493
0.7344563139847842
0.6634651098173443
0.678115836967273
0.21795517344374532
0.5834631117929617
0.8028937119531152
0.8095191481297656
0.0458381346234955
0.5932187053287237
0.0
0.0
0.45628179054421575
0.0
0.0
0.0
0.3635302057427899
0.7140051060943532
0.0
0.4322743536237313
0.7814844951368081
0.6208150120850328
0.4669124758024143
0.633399719081493
0.6832480644592389
0.5896259343079012
0.4425505060165149
0.6592695603019608
0.6705458777194327
0.6274789203125588
0.0
0.7363585429607292
0.7838111545594951
0.33479168519543673
0.8452842636942169
0.6746406499626857
0.7200034580046765
0.6791874720878026
0.0458381346234955
0.662934126163923
0.6526619132649993
0.6828179215953557
0.7234115707460236
0.606974152855043
0.19114158358599237
0.6493432957410661
0.5700279275542091
0.0
0.4322743536237313
0.730345295660798
0.7152079133272022
0.6614650267412088
0.0
0.656001078807156
0.35638173590700933
0.6511915568067402
0.0
0.0458381346234955
0.659281943701558
0.5388029780712824
0.6355749182139555
0.7293967948660877
0.7439788073097129
0.7050472926230338
0.7569782550973283
0.7515376324406672
0.412801030454605
0.07265172448124844
0.5662072774998785
0.6200519064110283
0.8219149926534915
0.3566830141023878
0.71957695244609
0.0
0.7752483307066338
0.0
0.8132598899846036
0.6880185358391194
0.6771235273236342
0.8004122707906465
0.6638793407553457
0.6534780130853646
0.6545507121853746
0.6510830170637957
0.6052028191825448
0.3071356578367676
0.7800486638611771
0.7418614104818698
0.7863439555248748
0.44528289380446745
0.671288370054218
0.7765171076789184
0.5951488723710314
0.7555382817335229
0.5917826005838572
0.7113461125250902
0.6191096281877237
0.4212444152962474
0.5594347751321236
0.8177051075286851
0.8135073973172536
0.10643285259952334
0.0458381346234955
0.8265649611801044
0.0
0.6826420339739003
0.7780616334740755
0.4927923541323328
0.0
0.3281951462221545
0.6532884886377173
0.8339484401800364
0.5421797125075682
0.7344712108025045
0.10643285259952334
0.6522775924269669
0.6869821170331258
0.682663773824027
0.12868391285320918
0.0
0.8350526838302453
0.6646144820734077
0.6979330794540274
0.7215510325668025
0.6340285395041317
0.5057515289024455
0.656241364511141
0.48988936534927885
0.6268702533001378
0.8229050496721222
0.662055401238052
0.7654548782479541
0.8061059265328218
0.3581691541615436
0.10643285259952334
0.5842186751697004
0.0
0.47542289410798816
0.8112976743332623
0.7165391701639068
0.5400355525963697
0.6140385695704362
0.5729924497034168
0.694686718057589
0.2828178528329834
0.645571848459189
0.3208669423644685
0.0
0.7828692769840501
0.19471707323207757
0.0458381346234955
0.3551627069282869
0.7265441175510083
0.7050906639638276
0.383295904414576
0.6303930588989278
0.40977363550315904
0.5390322661929378
0.8078239125942314
0.6240676306052891
0.5558359302149127
0.5443093847050878
0.5068466879421832
0.11848985910474394
0.0458381346234955
0.7185060819713356
0.5897146285936014
0.6009451423699809
0.0
0.8120331617100425
0.5166360824644489
0.6067073457346633
0.6243359726948343
0.0
0.7543160854893134
0.0
0.1375144038704865
0.0
0.5923641964906087
0.6511530630924873
0.454044463033844
0.6080911906404847
0.7738387569558447
0.786164243240217
0.7559622401568662
0.6238405322446078
0.8305419445951556
0.0
0.639846479113194
0.6432225362049583
0.6130370422651141
0.8202417257620386
0.7908240717377982
0.7136019821280639
0.8452513558963406
0.5910830751046798
0.6402192093368629
0.7353148298482736
0.7772257679943474
0.5368803894274866
0.12868391285320918
0.5391656513833926
0.1375144038704865
0.7851065366023106
0.10643285259952334
0.8543478933371771
0.3263189792682316
0.829029043332583
0.816343807088573
0.6518841014573725
0.5144319836095476
0.8020324343012847
0.2044120268793689
0.6791118276200783
0.3434125708090112
0.6617429803650556
0.0
0.0458381346234955
0.39369065770860595
0.7553169473745404
0.6677216286093559
0.5662452072109871
0.4032683933940315
0.7458602004061384
0.7629439832181097
0.2517363015620202
0.0
0.6376851333519928
0.6749173724236838
0.5701352725224169
0.1375144038704865
0.6386901617808906
0.573978052376521
0.8266039267267167
0.725404814445518
0.6534239186451255
0.8067817856462896
0.633869621117195
0.817546118642078
0.7343589054411777
0.5508759330751948
0.4590240184407357
0.5664219254480579
0.6492641018995237
0.8115182515604487
0.5185354521002691
0.659182811515282
0.48847063748809155
0.41544912388202965
0.6864177175509845
0.6265409555562558
0.5158282900567451
0.0
0.7457087274956828
0.6680857301221821
0.8130620016681879
0.0458381346234955
0.49501892480436266
0.645327641340271
0.6604448754384105
0.8175285867094448
0.701315033285351
0.8445094828923392
0.540968296543245
0.7383107312565882
0.8145935993171416
0.4976382949110904
0.40252114872588324
0.5370771478276343
0.6390526367902065
0.0
0.0458381346234955
0.7167744707662048
0.6339332343070025
0.6048159874788651
0.6980899113142741
0.7605646024420527
0.8313757043996868
0.6904779316230026
0.8004001799567351
0.6071514281119531
0.6561018453205283
0.8134935709841022
0.7479799976749391
0.8345386288087311
0.7657537888599345
0.4213575555283014
0.11848985910474394
0.5423431994870139
0.8191198926362515
0.6455946967086982
0.5030138171942028
0.6775358646709074
0.8423925866406392
0.6457164208951598
0.34971547584186574
0.0
0.0
0.73381656709601
0.6953323557617672
0.44271439816856684
0.7517635521013267
0.35875438319775604
0.7772247275775935
0.5987011542788525
0.6864177175509845
0.8481906394309456
0.6442368448066426
0.7214543806329713
0.631485991972772
0.5211111296506681
0.10643285259952334
0.12868391285320918
0.611633106416983
0.5077099414991925
0.7863199314120081
0.7114685568081568
0.7772247275775935
0.7572560523254793
0.37850325557176084
0.7532408061107158
0.5666861204992676
0.5641521748691564
0.7744182474090913
0.834844058597574
0.6500482453863372
0.5685553507679652
0.6319322021747116
0.0458381346234955
0.5423250542133359
0.8250644722950888
0.7503275908656979
0.3267930346997235
0.5647883615809733
0.8278753836526306
0.0458381346234955
0.6114291769517103
0.6641646035885206
0.8074458665646161
0.44660788526042666
0.6289006026450771
0.5983053714950971
0.7200825052810622
0.7267263398686624
0.637319378558947
0.10643285259952334
0.636503157292073
0.0
0.6740317164712751
0.7171497350616508
0.5755119029914978
0.6437727422034936
0.672650246816369
0.639817400740507
0.3192985577985701
0.5348799208148814
0.0458381346234955
0.6797509285063448
0.43545521467458
0.6034907692895477
0.6659796183587585
0.6190243315816705
0.6990774613103042
0.7710713185676312
0.6315660616126656
0.5207348886424021
0.7528290761078736
0.6203983447081327
0.6710219284843372
0.6706424052088744
0.5461331896439144
0.6570915558495936
0.7437099314262551
0.12868391285320918
0.6914442524973303
0.6793339303374473
0.6665866560959676
0.8130084247182165
0.6552782272180014
0.7441463012803602
0.4207899086995546
0.6690834675476798
0.783367497194004
0.6416813922307717
0.6243989540800757
0.757327779620072
0.8444923668533494
0.5061917712763407
0.8328550595165318
0.7554371095694263
0.6785983737850205
0.39369065770860595
0.5732658105453182
0.735886875860526
0.8277814792795132
0.8293034542650617
0.0458381346234955
0.820133059531833
0.6597723151438343
0.40084687070340297
0.5639300192128296
0.8220891743189227
0.7856986286656841
0.737794308636061
0.091676269246991
0.5845165822250727
0.8536070021252085
0.7766416071023068
0.6824547756532144
0.5704206768115017
0.6665450654888411
0.6455146932747046
0.6812267197691037
0.5237346277429211
0.0458381346234955
0.35728148379326546
0.0
0.6408807864436658
0.7645373499345108
0.7373033208019042
0.10643285259952334
0.23879162468852153
0.0
0.5166628396768329
0.5038957873609532
0.7086843252447798
0.8097374558564154
0.5573135219130533
0.7986243155472286
0.7066469984104451
0.6727083879236333
0.12868391285320918
0.7798754696599492
0.745728832264951
0.6705641504866966
0.7105624715220551
0.0458381346234955
0.6192798920549636
0.0
0.4998481098080546
0.6690247205262873
0.5482573683461749
0.5491963393138343
0.6589623298987828
0.5418332403126888
0.7830324325546956
0.0
0.6684208833199817
0.340789489574052
0.5855629719285729
0.8154842654861981
0.7349451598400538
0.7781335082661512
0.7578862710357649
0.6688052934298354
0.11848985910474394
0.6614110940622606
0.0
0.10643285259952334
0.0
0.4213575555283014
0.45786267338391057
0.1585738922558734
0.5669367573333216
0.6601614000070374
0.5371360613722923
0.5482075775674355
0.5662199231542828
0.6501762604923012
0.6208537674251293
0.7550148553222507
0.8295946425344721
0.49866469123655677
0.5879359518270929
0.6349114932272192
0.0
0.7877354999218805
0.39369065770860595
0.7502932045004161
0.6405405515503532
0.7303082925066576
0.48932552131652857
0.7909053370051576
0.5996002748158901
0.6600176746665749
0.6848087563130941
0.5477410468882518
0.8487505456834976
0.3723945663892352
0.6325889706213416
0.7171006835655567
0.6179516278290771
0.637025311205013
0.5695126383059927
0.8135971980890523
0.6726426594237412
0.4710383738967482
0.12868391285320918
0.7380045625252694
0.39369065770860595
0.801005660818124
0.5761896093968736
0.0
0.44457053018894316
0.67194086861488
0.6972566980283579
0.621946131706537
0.0
0.6662615535444513
0.6127123217473002
0.6652284635778567
0.6704413649367077
0.7637173950359405
0.421920371261637
0.40130771193772735
0.6699136732048186
0.6634360453201046
0.6031950444765447
0.7841109066022188
0.7625113077704477
0.773977140127796
0.49332751675989694
0.46066631075545583
0.6599012423944005
0.3557750302799475
0.6588907483524562
0.5695727623664165
0.39369065770860595
0.6559848117543337
0.8276051697889933
0.6181421973041568
0.07265172448124844
0.3171477845117468
0.6455451821869572
0.8223399920883528
0.6026943561775328
0.6681371945635594
0.49359348272973874
0.43636236812453544
0.7620797074730321
0.6697209768180462
0.5562341743395313
0.8180836702367379
0.5089239351964482
0.7311186617079485
0.5165557458080758
0.515963609214878
0.5658649275575294
0.7632235831931661
0.0
0.7564162848055348
0.0
0.70091214352563
0.821695755427491
0.7691222280596649
0.26500674485539677
0.7595713678089071
0.5984064824637583
0.8239416189950354
0.0458381346234955
0.6565066112402228
0.676813171947723
0.6676452938279841
0.8179073147783256
0.6411826593547125
0.6650840089567702
0.0458381346234955
0.7355926851778032
0.5855629719285729
0.8384036570739163
0.6085794378964023
0.8251600443798438
0.6668273671584193
0.7931145561295154
0.8167688522032063
0.793777237926006
0.8128868833655655
0.6369993011950397
0.0
0.787407187003275
0.6578519220274562
0.8369430361234792
0.0
0.6790797098683518
0.7812195995898964
0.6643139471495272
0.4632359947086133
0.5038957873609532
0.0
0.0458381346234955
0.5888761681771731
0.669514459652117
0.6453161719748128
0.773791103658658
0.3356235257170008
0.7757156705533886
0.4790640219227424
0.0
0.10643285259952334
0.7538873291690145
0.6964499196888756
0.8346843202395028
0.5729010777379238
0.7354059463011337
0.8452530295694162
0.7506681428404208
0.7109674966549999
0.6696177988509756
0.449106528017527
0.7136604992342027
0.3769728958857452
0.6625168608902129
0.7488549624538811
0.8037359037893058
0.10643285259952334
0.6678876249280148
0.48863432680311436
0.8383374161141034
0.3808387629611722
0.6607029073115059
0.6131366363343974
0.5899270107898111
0.12868391285320918
0.761139662144206
0.6552519118776204
0.6767656610257102
0.6365380961118026
0.6498200492916605
0.4846328563155859
0.8283467579516819
0.6683939177146884
0.6410726761369853
0.5985151985865368
0.8435700441692587
0.6762719076076055
0.6565517911313549
0.5950835260717372
0.5711523202254056
0.7780380004102492
0.6729630998564116
0.10643285259952334
0.5604083219395716
0.6049287539126781
0.6308371615033616
0.837183191970505
0.6772180027845471
0.6602285685210809
0.21795517344374532
0.5090741293321088
0.6615787403798522
0.12868391285320918
0.8062657325471414
0.5855629719285729
0.8440827079750125
0.699155425353299
0.7320862064192698
0.6589623298987828
0.5579040405771267
0.6053709119216515
0.8377436592086327
0.5062857288334746
0.7836702061942881
0.6572800756071899
0.7199527686439151
0.7192014901987905
0.6507105293555983
0.7508350498162687
0.7839381747405847
0.7187181196275493
0.5947065265778861
0.5958149751479151
0.5199759233549832
0.48340574848526846
0.0
0.0
0.6222069373667541
0.6289544887138058
0.8124045839317807
0.3960527105665352
0.8278567585933467
0.7549901039951031
0.5205837908245624
0.49998595342128777
0.7377990301823539
0.3025276933635104
0.8289422378226038
0.8049082612111483
0.6794755031227523
0.7830143240234582
0.6301338176033592
0.0
0.5472206624452447
0.5990176239145878
0.741680897366976
0.5453056862562758
0.0
0.5470181187968507
0.8331772755057989
0.0458381346234955
0.8046902146354351
0.7446632785024824
0.5420887114618267
0.6459781287309594
0.8001321491633656
0.8309358971487588
0.5922789878078948
0.613977184204936
0.0
0.6473381377520983
0.0458381346234955
0.39369065770860595
0.8064585962804184
0.673043596438459
0.34698806045509645
0.6666309905982599
0.6262712323131476
0.4275061303872502
0.7031756179068775
0.4719388424683701
0.11848985910474394
0.7023915387516554
0.6608874645590429
0.7474916660217712
0.5270857979442757
0.6494403587432774
0.5907174239783756
0.12868391285320918
0.1375144038704865
0.10643285259952334
0.8369480965947589
0.7805808717865779
0.5688719397885817
0.8136380036126022
0.82334318197159
0.7355164890121207
0.8243816290249472
0.7802969316442808
0.6664840185774437
0.5608897729964468
0.4982419058891889
0.5835118051531656
0.6490476354230851
0.8406886270426572
0.6777258510191005
0.5924663021972106
0.8348877940140027
0.0
0.657953067940691
0.6380488763474131
0.6688160140993092
0.6677189038838862
0.0
0.6070901173637506
0.583919420015625
0.5893769555834971
0.6684316664840845
0.6673116600527697
0.7771148715505862
0.7922887689608786
0.42044696696554507
0.6225746601693734
0.5375469931397866
0.7005001453974654
0.6545274320852306
0.4213575555283014
0.8050723499174075
0.6895070813270766
0.4460655118083107
0.4497719042797786
0.4817938229248329
0.5104988978962065
0.8264899248489506
0.7574562721486652
0.6707075468141585
0.5682862788433778
0.4878117981706308
0.562927623841535
0.758208158922019
0.5924577994071629
0.6696177988509756
0.10643285259952334
0.0458381346234955
0.7722959967588776
0.10643285259952334
0.0
0.616867115460636
0.0
0.8246152787870863
0.7835128758468048
0.709912106171142
0.38943414646415514
0.7233939617858597
0.5772896520235489
0.6079433379478888
0.7306479430561595
0.6566678264578149
0.7437392851341859
0.6240781743632046
0.4834941581902879
0.8358322207099473
0.7415712822151144
0.0
0.6980210200410125
0.7136795401469285
0.7313564137456612
0.6631417756242697
0.7839546224710087
0.7287773846010898
0.4511549800530093
0.6513941539476243
0.8284667151201067
0.546081772938327
0.7563000318351635
0.0
0.6105424553462386
0.4092326881146067
0.7031261864997981
0.7565813975073782
0.0458381346234955
0.6792355644639841
0.680657828190472
0.6510058806418637
0.0
0.538726371692018
0.658318430469531
0.519027708453752
0.655988065485029
0.7350879636511324
0.564878747838632
0.6438275118642832
0.7580873739471834
0.5993862107461835
0.7497996708985124
0.6290865686583395
0.0
0.7328752068662792
0.6586098994754767
0.0
0.3295681460492564
0.11848985910474394
0.7339808365712678
0.7245646693532921
0.8324295285978135
0.614873861326663
0.7148641908890903
0.6609901094225251
0.21795517344374532
0.4612254254486548
0.793261259838124
0.2013356373344576
0.48291737100914167
0.639987535332494
0.0458381346234955
0.5123520615256395
0.5646201729265742
0.8562443359522065
0.6740317164712751
0.6747607868768362
0.7352373311112809
0.8310295810641268
0.7099725413309077
0.550379732287867
0.6845620989478375
0.24717377195795312
0.49810037464307483
0.5612860512843629
0.6424604458849024
0.0
0.7790911916752928
0.6347143028006687
0.590209130186375
0.7654380942642518
0.5685065099610885
0.0458381346234955
0.706110936030237
0.2226807868530403
0.6807473903500968
0.0458381346234955
0.5686041555299626
0.6778545436637932
0.8435122202294543
0.7147010312277848
0.690421897871841
0.6754843299846551
0.6997439599686287
0.6501584954285261
0.8215404983410587
0.0
0.10643285259952334
0.6735893873002963
0.0
0.7125729178938216
0.5924322844755218
0.7602371967396218
0.679973162583245
0.3749517740760591
0.0458381346234955
0.31823191452131033
0.7452640256261834
0.6584502207328029
0.0458381346234955
0.6365904697545915
0.0
0.8000121014280069
0.7178709646322964
0.7170412567183446
0.6807205344360231
0.5711405835230047
0.7921158050593142
0.7947880977696373
0.4010008415517824
0.6605816059531411
0.7182121458547013
0.6673883806988777
0.8143714930519925
0.8414158608576269
0.7050472926230338
0.7042554324050452
0.7217511357930833
0.6779759868175111
0.8223205298114205
0.8253022639737095
0.7880979491790566
0.7372128778480483
0.0
0.6141672936635065
0.5957826375191512
0.6722290969767347
0.702430238876827
0.620531964116121
0.48789451294001973
0.2531897765429595
0.5928478006243347
0.518013298187329
0.6541203715245106
0.759275173931907
0.0
0.7316731285766107
0.5184834218462043
0.0
0.6678468447773844
0.0
0.4846762632416635
0.5197209868422445
0.8283609242260493
0.7000588355636875
0.39369065770860595
0.5622329137407266
0.5869636974703587
0.7538317788326793
0.6383724198125631
0.0458381346234955
0.5943438960856872
0.554611533789757
0.7592383122994688
0.0
0.0
0.0
0.8009057375930759
0.3143570561000313
0.12868391285320918
0.0
0.6282554704568457
0.83449619346528
0.7804447524771738
0.0
0.10643285259952334
0.39369065770860595
0.47303451995030166
0.8246574411853629
0.6812933275801786
0.6941371291669203
0.6558512707711995
0.5478412951886594
0.7402242365060105
0.33352397002626166
0.6777305351421727
0.508319724053978
0.4142013425335043
0.10643285259952334
0.5137365991841603
0.5419975850184354
0.643017002396914
0.8147925643896975
0.11848985910474394
0.6341101204952941
0.8451238463169584
0.720010872701992
0.8311360257092543
0.5091341116033458
0.0458381346234955
0.7639460759780827
0.7817910719630697
0.82578178812131
0.46395221596405434
0.6525831722654233
0.616790647064874
0.6473381377520983
0.3799989999370123
0.6487796805438922
0.7038022560186836
0.6477669097053869
0.5288000529226375
0.10643285259952334
0.5945831258152552
0.07265172448124844
0.5747938671695804
0.7942164379890493
0.0
0.3392425079325623
0.5816858353858093
0.0
0.6327186200527394
0.6719664262768426
0.677387719233583
0.0458381346234955
0.10643285259952334
0.5546567305903578
0.4263632347855412
0.6377794706711362
0.5269027377595467
0.5842475636082398
0.5637465054591725
0.5912911144410354
0.6656233912938645
0.7277949747548325
0.6464345798394939
0.6142285028954818
0.8151989617035911
0.7855130214027448
0.7729729254572973
0.790868102820159
0.0458381346234955
0.4695279880263198
0.661408096512252
0.7469174875256831
0.0
0.47587056339599976
0.661945478409819
0.6813820337631709
0.5399791673866117
0.07265172448124844
0.715148090222524
0.7977074884386157
0.390704180413446
0.6935405367017254
0.6486852758890236
0.44230390368163425
0.711388360306189
0.0
0.586164247383235
0.44637598397250355
0.507156287990365
0.755593860518502
0.42358063711127014
0.0
0.7576209109034454
0.766349426746828
0.6438275118642832
0.5616528775226586
0.10643285259952334
0.6776203704392638
0.7768919963662555
0.6742937272665713
0.6722443660715856
0.6171955106705785
0.6059628274416735
0.0
0.4020687151515416
0.3838961849311635
0.5703613190752618
0.43725724577847325
0.8304808236206608
0.7494997160906213
0.0
0.0458381346234955
0.0
0.0
0.8240867364287374
0.0
0.8129214590003816
0.5326912016382482
0.6817841512632397
0.7648949842670069
0.6787553655696269
0.7758342492121875
0.8397501068601515
0.7309041611971333
0.7799848294504965
0.8440382118318407
0.6226285650056682
0.7379603044889909
0.5773431080522499
0.0458381346234955
0.5884890444348472
0.4715695450215889
0.7271625229045192
0.7060880606453519
0.591472613534199
0.740485876970084
0.7923823209030941
0.6188020441471482
0.8217066416445482
0.8308224220142575
0.39351866684571696
0.6365555586018711
0.0
0.0
0.6953790010442721
0.6652284635778567
0.7267977502280398
0.754852346601134
0.3277310709878048
0.207351641919464
0.12868391285320918
0.39351866684571696
0.0
0.627187861558352
0.5792600668957183
0.4301315006254982
0.3709568913007388
0.7973128317291733
0.42862960905984415
0.8003752585381099
0.5514475323558751
0.6598214599297504
0.6535489449531147
0.0
0.8070192500690684
0.7301632521202953
0.8300644916002334
0.6773052725834513
0.6523154372863383
0.6724298582227061
0.3396326592087874
0.701905866543702
0.7200874425999764
0.7018001657793639
0.8317013113231632
0.8374919425004267
0.7847931818883283
0.5822637456586978
0.6748366793029222
0.5598259153907267
0.6816165313041554
0.4703952850411575
0.1375144038704865
0.5352445000203918
0.6188419969508953
0.8275385981143375
0.0
0.7672314309133197
0.5324809297615524
0.6071650450067825
0.10643285259952334
0.657782294364211
0.7355047587288117
0.0
0.4806508554912727
0.636847371906207
0.0
0.6585034898319226
0.8248113848713357
0.607551952512474
0.6615039507838767
0.5985927436816147
0.3846881758284396
0.8195439792282647
0.6478221519185273
0.0
0.6610021748211181
0.16962125396628114
0.6584972251057427
0.3613256532856092
0.6334820790237158
0.8443925919007862
0.6517836281945277
0.8049082612111483
0.8446531955845863
0.3950507148897119
0.0
0.5436723189856312
0.6364725706750861
0.6722036406481792
0.7421193191630101
0.8066938904792467
0.5163141486059154
0.8339385111303496
0.6154949789459373
0.6538991095484884
0.0458381346234955
0.6572577369342049
0.543778923709692
0.6462953379822932
0.7503275908656979
0.091676269246991
0.10643285259952334
0.6471227047334849
0.0
0.799912141000708
0.0
0.6768416621253035
0.40430055068251025
0.7319470809160953
0.5366039404453028
0.6657189474211225
0.0
0.7713578804042427
0.6384657824597272
0.0
0.0
0.6710374788330931
0.0458381346234955
0.643210695833197
0.40990818376830135
0.6442989974893236
0.6676234676965084
0.6967457113299637
0.675600526719149
0.6362405260910288
0.2013356373344576
0.6914861132349995
0.514154706685492
0.6532986555144388
0.2685189214765358
0.8127490077848665
0.5935875413435648
0.5896259343079012
0.7261319905416411
0.7788738745632424
0.776024169610683
0.6404006712391993
0.5156383768404662
0.8085891238794017
0.7615728073083842
0.6160210601470772
0.6765108961569105
0.0458381346234955
0.6581202513073575
0.7321294302821053
0.0
0.6610232839731948
0.7700807755971492
0.789456467827293
0.5903848455800583
0.6549617498865522
0.6068306212561827
0.6906553802902411
0.7335532869875828
0.6028471412655281
0.6980813038288716
0.6286993668472559
0.7872348163640623
0.6360648573743544
0.4964506140992196
0.24717377195795312
0.7865209208373654
0.3808387629611722
0.5756436151336373
0.507156287990365
0.5253962842462285
0.52653509011629
0.0
0.37608223663814155
0.627313475032098
0.3396326592087874
0.6104777357780422
0.0
0.6239304085538876
0.8228834057324074
0.5998212559555086
0.7951127822172682
0.5748271794611947
0.0
0.11848985910474394
0.37936210464975717
0.0458381346234955
0.3731018506661108
0.5838807076190827
0.25736782570641836
0.0
0.3295681460492564
0.7555426142264219
0.5626078950180501
0.0458381346234955
0.0
0.0
0.7540130707754089
0.6396093254020672
0.7536990098066575
0.8283477184729642
0.518639389959787
0.6057475656424616
0.6659628318503539
0.49397158810228553
0.2013356373344576
0.6611889075529838
0.7343131335362924
0.7486188663462531
0.6069195108775447
0.6754843299846551
0.8203578012199408
0.6308371615033616
0.6093874514378915
0.6702056055087348
0.0
0.43379030423473525
0.7559557824204708
0.6354107952044247
0.6482331749034274
0.6466597560953226
0.43303667272236424
0.0
0.6499164155626804
0.39488222957690483
0.7856359012860329
0.7051340068783759
0.8234441172457332
0.5847940597407056
0.8139324958165726
0.0
0.39369065770860595
0.6510900250063132
0.8015606575010604
0.6675388233308305
0.5672611715097949
0.5585035436854552
0.6810131228149382
0.0
0.4536987724949339
0.6372978004436042
0.5564250695189542
0.6024462389936028
0.6556520874373162
0.5825903164433713
0.5609582664769405
0.825990647003887
0.40146061477926714
0.7922817265130203
0.8012629484562793
0.7093903613675536
0.0
0.7694828749242668
0.7765759720606675
0.0
0.5328379951491444
0.7107162467780511
0.0
0.0
0.6340784065121197
0.607083301548284
0.46848307768794967
0.6366166410297189
0.5153115370507566
0.6469886338320031
0.713012571748739
0.6486016515911819
0.6608995486978623
0.8044069855475806
0.0
0.7158676829636211
0.5563663912103084
0.6431633131350833
0.5381489776034265
0.8150070937271074
0.0
0.7602795555142836
0.10643285259952334
0.819567840907644
0.5744821405677645
0.6464909458253808
0.8436796372474409
0.6197317974575275
0.6328664802585635
0.0
0.10643285259952334
0.523517924819881
0.0458381346234955
0.6122915672661582
0.7893764316193753
0.5448530938902851
0.8392031979396087
0.41110695585975565
0.801955171572794
0.793924501114739
0.5804942635175104
0.48183913327227523
0.6369776183693413
0.632990980670934
0.6496841843497752
0.8287236497836643
0.10643285259952334
0.6246972992472888
0.6763652159037133
0.12868391285320918
0.7688440987487472
0.7114601196494946
0.7896520403561053
0.6508513373498269
0.6446436596465982
0.5958392179964197
0.0458381346234955
0.6702003568520787
0.1790845770807718
0.629776902342449
0.6684505327914093
0.6546105376953647
0.4760191155726676
0.45818732032705073
0.8271419119971362
0.8269805587179803
0.4958669990636785
0.6720813136806141
0.46764632528231137
0.5042517632361992
0.6079433379478888
0.6579783302653244
0.6739722488668287
0.6732619524865872
0.5316970581355466
0.6697949541564094
0.0
0.6712108764519302
0.6117284823041536
0.6354152363212126
0.3483658279870059
0.834744294598228
0.6732419038432609
0.7225740839800003
0.6479765850651196
0.8214821828312808
0.4753729654914187
0.10643285259952334
0.0
0.5333596136407807
0.6141550450156654
0.6679093640634851
0.6112374202461983
0.602431614833989
0.0458381346234955
0.7331584168683696
0.6165016226538894
0.8487505456834976
0.6760416631813351
0.8186230074647559
0.0
0.68955802023127
0.8327383168293697
0.46311586670191107
0.4104436559207203
0.7577285799433074
0.6835983199698821
0.6615308847833686
0.7795463009948335
0.17452204747670466
0.7263467967449029
0.0
0.5228147896767487
0.6919486188372453
0.5715967784037855
0.551209966122044
0.5135405739944559
0.7894560354594231
0.5892699627876008
0.5899799999348779
0.5624742170879444
0.6160865270060938
0.47446774368333966
0.6402687483487344
0.6680857301221821
0.5402606139009666
0.5275866161344817
0.746276839781719
0.806531109394299
0.7845631239038893
0.771243518528272
0.6516656372268722
0.0
0.5602977820901731
0.6920109232352036
0.47472043963279004
0.5440977106395778
0.5050218499530075
0.6701557264432076
0.6816319877608122
0.6315754751997996
0.6518078943414483
0.7431105196894078
0.4163087704282294
0.8420614562788572
0.6584282739199175
0.30649671132509804
0.8503295619059356
0.0
0.7998338377052256
0.609866255693071
0.10643285259952334
0.7265687413054244
0.6503571920675597
0.6759430848057322
0.0
0.5812339514275605
0.46128725850552516
0.10643285259952334
0.7513755676912337
0.6768820022109359
0.6474529958326093
0.5408199387704115
0.7185035536140297
0.0
0.8388636517986934
0.0
0.0458381346234955
0.6768416621253035
0.4753729654914187
0.4840221486158164
0.6797668271599866
0.7920243705008235
0.4626936918558507
0.7464560192326947
0.7898642267906616
0.7451661095950383
0.8247470105185399
0.7817726202511543
0.6601094502970307
0.36513669242206553
0.6495587981569707
0.7397271844881868
0.0458381346234955
0.8286032013937581
0.8429323384773346
0.5129772788552118
0.7084212872787127
0.42236720032311426
0.0458381346234955
0.38062981981893224
0.6704962547420211
0.0458381346234955
0.71426980110758
0.562994039885588
0.6535354399855884
0.6459251122765899
0.3903437956005428
0.7598276771888308
0.7650721410241424
0.7177866715741402
0.0458381346234955
0.8563852924711909
0.3679842358155372
0.6181421973041568
0.8080700712002855
0.3108448794788923
0.0
0.7173249902624859
0.6196360256094997
0.5659030540789111
0.0
0.83801185207718
0.26129752321327215
0.33309593973257806
0.21795517344374532
0.8093673426117156
0.676886746485958
0.6678876249280148
0.839065710003531
0.6464909458253808
0.5544002059922346
0.524428101114746
0.5850893917787192
0.636847371906207
0.0
0.6404829896036034
0.7849988582304498
0.0
0.6815546693263002
0.826972713625813
0.5209358168623164
0.6524151064076993
0.49583035154292626
0.0
0.5866673555118961
0.7940561128803517
0.6243412234352004
0.69488757686478
0.5770646636429663
0.31144334916976996
0.6490295645254442
0.7665282388980305
0.0
0.7295103511494176
0.6480536666068638
0.6321565159772496
0.5654696609928189
0.44940307761538933
0.40855022127842644
0.7104768860617735
0.659281943701558
0.7519361089071734
0.5440093127524612
0.6722901522143134
0.6810042079524948
0.6446436596465982
0.37978738231801606
0.5709878165348434
0.7890148474772433
0.5318460725705719
0.21016612835173495
0.3808387629611722
0.8369837197868292
0.10643285259952334
0.6771566090899594
0.5361671721541824
0.6054198585954731
0.8285141580786218
0.6126183552897173
0.5816958422632598
0.5744932990001718
0.6467907556985457
0.8392645061280204
0.21795517344374532
0.7593092867624177
0.6613211084047443
0.7316534430405978
0.7254810783227568
0.8398040449759702
0.7538888098727415
0.8156642845283758
0.6576713717717625
0.0
0.6584345451811366
0.6763652159037133
0.0
0.0
0.7048626464257831
0.5270172097450365
0.07265172448124844
0.7756618944861436
0.8223271055456604
0.5926106826105088
0.521186121663435
0.7866581837528662
0.5938378461446835
0.7432036936841221
0.5999504541396342
0.6654036511640437
0.0
0.7491300097774722
0.7642012126295823
0.5401669314238957
0.8323418775464763
0.24872985432876354
0.8170694086969259
0.0
0.4459097274029235
0.6547532354964977
0.0458381346234955
0.7676043139453325
0.7297720723418207
0.7896093487010184
0.10643285259952334
0.6463781657693299
0.5123520615256395
0.5011799841733552
0.6259286794487972
0.4361819302240383
0.75021890017734
0.672066006887203
0.6238246590318649
0.5900153024578061
0.7420538294453385
0.0
0.5966103336389805
0.6069263435943463
0.49967540025701523
0.7700813551524686
0.7611217462775218
0.7345307645388605
0.6356103507776616
0.6764464543170504
0.7480609020874633
0.8325927736565072
0.4753729654914187
0.49321320307628086
0.39369065770860595
0.6106329564642801
0.6321845017794046
0.6212785838538494
0.6672238701878064
0.5107334032820335
0.6644686785461406
0.6447092901515084
0.5097606623942319
0.6124363073285648
0.1585738922558734
0.4844153932800813
0.8080305775702833
0.7433601394168027
0.6734720970894807
0.41097482704556104
0.6080508999510753
0.8324295285978135
0.6741653233811811
0.5812843135117133
0.6549485304063474
0.5856478573492765
0.8367070839079908
0.585307659945383
0.767561581379126
0.15227098722301888
0.706739193683461
0.5030466933815589
0.0458381346234955
0.6872199271460828
0.6471673346994136
0.581895662477249
0.5792600668957183
0.5277904081278247
0.5865000777258104
0.5614765114639617
0.49442247927747107
0.3635302057427899
0.5942612020027533
0.8039397504542959
0.5614765114639617
0.8536070021252085
0.5567322793269642
0.38869730932022606
0.7115655068423241
0.8261822262463763
0.45740547339339976
0.7234115707460236
0.5624474490448731
0.5171426273884399
0.4899695234797052
0.6491631723810691
0.7872442056069469
0.18736167198576847
0.5717714034049246
0.6567740136121616
0.46787049651224416
0.5976404237731139
0.8427942907065638
0.0458381346234955
0.639925341732965
0.7551508222762184
0.6549187769104298
0.8441657504373655
0.091676269246991
0.6496734462723781
0.6130183516673623
0.8076803060722743
0.1585738922558734
0.6004270584240283
0.44097293146923255
0.7539539280361408
0.4753729654914187
0.49283072399096933
0.0
0.7245358259386209
0.6046606189869469
0.6315848874471119
0.4953520763880769
0.0
0.38757642741002646
0.5975617532314721
0.5542488430295989
0.21286570519904668
0.0
0.6647628142485364
0.6574712410404785
0.713415197858455
0.6805838479860122
0.724505815436175
0.8127435354232825
0.6523154372863383
0.34267367541800364
0.25736782570641836
0.5478078959710279
0.7068237189539618
0.31262428143551924
0.6535219322595536
0.6289544887138058
0.0
0.5537163276172995
0.740760031657866
0.5895904232588509
0.6951850278322359
0.7581831870207186
0.0
0.0
0.5787807831407462
0.6195005817331615
0.8139626490868489
0.6380744768830595
0.756867233277767
0.7690251335803872
0.7116426841832735
0.6630511919574693
0.5364652813720276
0.8318048579131126
0.7215305058470529
0.6966824386896674
0.0
0.49501892480436266
0.8022390971435116
0.6671469583375527
0.6558186588514613
0.6888927341889619
0.8245626650962705
0.5496365041674138
0.8105454291750792
0.6595661237527962
0.0
0.6066936342584573
0.0
0.7889625952230195
0.6990774613103042
0.34414330144298577
0.7387068294415884
0.5298164446898079
0.27076084632776276
0.5206845610528309
0.0
0.3933462275054941
0.7790886629506014
0.6475713501362453
0.5681513312138474
0.12868391285320918
0.7535108972269684
0.6000642432979154
0.5470857022973725
0.7152251854870554
0.6500624815307343
0.5976875812147401
0.6084794069447852
0.39369065770860595
0.10643285259952334
0.7988621457883515
0.6702187253281419
0.6287828804074829
0.5972856669793706
0.6623368015284179
0.6576428187215674
0.624676406600561
0.601807079531939
0.36566363106269706
0.6644457782084501
0.775892131912197
0.6710478437011845
0.10643285259952334
0.8278903766422302
0.0458381346234955
0.7012346514577615
0.30320596032991387
0.10643285259952334
0.6182171196045202
0.6572226180522366
0.82669582403382
0.6540734989884723
0.8387270973850889
0.6033106066719726
0.6420318971243469
0.7215691390886978
0.5461503196658998
0.8053537695583417
0.6813155152836261
0.43591034688749064
0.5950753532422755
0.6821925956500777
0.6634215082798612
0.8079250367650267
0.6195626946134956
0.6932337263521251
0.6533968548225645
0.6794869070872402
0.27185393649579886
0.665414937668232
0.5569362958601005
0.632990980670934
0.0
0.673239397335424
0.7950381186704938
0.0
0.5090441177820113
0.8035251359430471
0.7959015078745543
0.12868391285320918
0.5806469310331903
0.6500482453863372
0.5744039787779083
0.26129752321327215
0.6035626971294696
0.5673606719227807
0.31659898095125827
0.3677303758127955
0.7289179336172537
0.7853802565039689
0.0
0.679511988888922
0.84549433848569
0.7064455357388196
0.5903321799684309
0.5090741293321088
0.6696416234432532
0.8057003173038091
0.11848985910474394
0.5947229626285498
0.7938169179784527
0.5868619796366213
0.7971575399174233
0.6620078894626774
0.72145317158944
0.2560042629752305
