0.34042017499493105 0.0 1.0 0.0 0.29339211766911066 0.0 0.6666666666666666 0.0
0.42406971277569944 0.0 1.0 0.0 1.0 0.0 1.0 0.0
1.0 0.0 0.5 0.0 0.5548446023744626 0.0 0.5238095238095238 0.0
0.5530878116275598 0.0 1.0 0.0 0.6051616476053073 0.0 0.20408163265306123 0.0
0.3505446589113952 0.0 0.0 0.0 1.0 0.0 0.8639455782312925 0.0
0.787365784859173 0.0 1.0 0.0 1.0 0.0 0.6530612244897959 0.0
0.7263069474369058 0.0 1.0 0.0 0.17172555055877586 0.0 0.3673469387755102 0.0
0.5530076000472357 0.0 1.0 0.0 1.0 0.0 1.0 0.0
1.0 0.0 0.3333333333333333 0.0 0.15374479425825777 0.0 0.9183673469387755 0.0
0.6178207850485614 0.0 1.0 0.0 1.0 0.0 0.4965986394557823 0.0
0.2655805424530929 0.0 0.8333333333333334 0.0 1.0 0.0 0.3945578231292517 0.0
0.30325770421088516 0.0 1.0 0.0 1.0 0.0 1.0 0.0
0.4109929970834178 0.0 1.0 0.0 0.28905244245030987 0.0 0.8095238095238095 0.0
0.12933894517315675 0.0 1.0 0.0 1.0 0.0 0.14965986394557823 0.0
1.0 0.0 0.3333333333333333 0.0 0.5664350191898508 0.0 0.8095238095238095 0.0
0.4854672213148906 0.0 1.0 0.0 0.2542911966798601 0.0 0.6122448979591837 0.0
0.18685956066334977 0.0 1.0 0.0 0.22778733943598936 0.0 0.5102040816326531 0.0
0.8065853707446086 0.0 1.0 0.0 0.7327180261598729 0.0 0.43537414965986393 0.0
1.0 0.0 1.0 0.0 0.2338439935605199 0.0 1.0 0.0
0.08942031536519664 0.0 1.0 0.0 1.0 0.0 1.0 0.0
0.6587264629143986 0.0 0.6666666666666666 0.0 1.0 0.0 0.29931972789115646 0.0
1.0 0.0 1.0 0.0 0.686698577658794 0.0 1.0 0.0
0.8068482864801153 0.0 1.0 0.0 0.30980802498579485 0.0 1.0 0.0
0.5852793925309651 0.0 1.0 0.0 0.23721645204185132 0.0 1.0 0.0
1.0 0.0 1.0 0.0 0.592429226482612 0.0 1.0 0.0
0.39245075343183017 0.0 0.0 0.0 1.0 0.0 0.7278911564625851 0.0
1.0 0.0 1.0 0.0 0.6114228090716515 0.0 0.12244897959183673 0.0
1.0 0.0 0.8333333333333334 0.0 0.5762322450109771 0.0 0.8435374149659864 0.0
0.6871191342496764 0.0 1.0 0.0 1.0 0.0 0.7414965986394558 0.0
0.2797401144797499 0.0 0.8333333333333334 0.0 1.0 0.0 1.0 0.0
0.575469070637437 0.0 1.0 0.0 0.20361074631644024 0.0 0.35374149659863946 0.0
0.6108913957483406 0.0 1.0 0.0 0.10862606082666282 0.0 0.17687074829931973 0.0
0.7733599516948039 0.0 1.0 0.0 1.0 0.0 1.0 0.0
0.3411465354167549 0.0 1.0 0.0 1.0 0.0 1.0 0.0
0.628829824448044 0.0 0.0 0.0 0.07983554667166508 0.0 1.0 0.0
0.5168544583156014 0.0 1.0 0.0 0.5259337378557214 0.0 1.0 0.0
0.1291718377141482 0.0 1.0 0.0 0.3682891798549381 0.0 0.6938775510204082 0.0
0.18703780861962555 0.0 0.0 0.0 0.6636295609918871 0.0 1.0 0.0
0.8026460909109139 0.0 0.6666666666666666 0.0 1.0 0.0 1.0 0.0
1.0 0.0 1.0 0.0 0.017579686506429035 0.0 1.0 0.0
0.13623936918048274 0.0 1.0 0.0 1.0 0.0 1.0 0.0
0.6270985911727156 0.0 1.0 0.0 1.0 0.0 1.0 0.0
1.0 0.0 1.0 0.0 0.3729531242689598 0.0 0.8775510204081632 0.0
1.0 0.0 1.0 0.0 1.0 0.0 0.2857142857142857 0.0
1.0 0.0 1.0 0.0 0.6681949299246029 0.0 1.0 0.0
0.5670802761952083 0.0 0.16666666666666666 0.0 1.0 0.0 1.0 0.0
0.5684215920661835 0.0 1.0 0.0 1.0 0.0 0.9115646258503401 0.0
0.39692032093544527 0.0 1.0 0.0 1.0 0.0 0.3401360544217687 0.0
0.2932713624605348 0.0 1.0 0.0 0.6796967759343999 0.0 0.14965986394557823 0.0
0.7504484050150062 0.0 1.0 0.0 1.0 0.0 0.14285714285714285 0.0
1.0 0.0 1.0 0.0 0.13418388770516573 0.0 0.17006802721088435 0.0
0.7700757331004227 0.0 0.3333333333333333 0.0 0.01593097479969315 0.0 1.0 0.0
0.6744635293540963 0.0 1.0 0.0 1.0 0.0 1.0 0.0
0.2105843636436556 0.0 1.0 0.0 1.0 0.0 0.9047619047619048 0.0
1.0 0.0 0.6666666666666666 0.0 0.718230961469934 0.0 0.7959183673469388 0.0
1.0 0.0 1.0 0.0 0.14741389431707935 0.0 1.0 0.0
0.5866519017942885 0.0 1.0 0.0 0.34812505020728807 0.0 1.0 0.0
0.4156452687422156 0.0 1.0 0.0 0.6990272806908876 0.0 0.41496598639455784 0.0
0.004547550984485744 0.0 1.0 0.0 0.06708282194237247 0.0 1.0 0.0
0.03125577913295738 0.0 1.0 0.0 0.31809395626367737 0.0 0.6938775510204082 0.0
0.3975887507714794 0.0 0.5 0.0 1.0 0.0 0.12244897959183673 0.0
0.34955092655515774 0.0 1.0 0.0 1.0 0.0 1.0 0.0
0.4817462952276338 0.0 0.3333333333333333 0.0 0.06881716190301879 0.0 1.0 0.0
0.006104992502445339 0.0 1.0 0.0 1.0 0.0 0.782312925170068 0.0
1.0 0.0 1.0 0.0 0.05658585733155878 0.0 1.0 0.0
0.0008355372950427016 0.0 0.6666666666666666 0.0 1.0 0.0 0.30612244897959184 0.0
1.0 0.0 1.0 0.0 0.22766139822405235 0.0 0.1292517006802721 0.0
0.36707492875652 0.0 1.0 0.0 1.0 0.0 1.0 0.0
1.0 0.0 1.0 0.0 0.11176105538735603 0.0 1.0 0.0
0.27657844135530835 0.0 1.0 0.0 0.34753830540214237 0.0 0.7959183673469388 0.0
1.0 0.0 1.0 0.0 0.47921307928911483 0.0 0.8231292517006803 0.0
1.0 0.0 1.0 0.0 0.3544538903622899 0.0 1.0 0.0
0.7268706565986279 0.0 1.0 0.0 0.12450289267542979 0.0 0.3129251700680272 0.0
1.0 0.0 0.3333333333333333 0.0 0.03972327066973359 0.0 0.8435374149659864 0.0
0.24547862918409227 0.0 0.0 0.0 1.0 0.0 0.6326530612244898 0.0
0.011541555168856518 0.0 1.0 0.0 1.0 0.0 0.9115646258503401 0.0
1.0 0.0 1.0 0.0 0.17275338386086908 0.0 0.3333333333333333 0.0
1.0 0.0 0.0 0.0 0.2915203605449723 0.0 1.0 0.0
0.02365350379779552 0.0 1.0 0.0 1.0 0.0 1.0 0.0
0.12678108700059937 0.0 0.6666666666666666 0.0 1.0 0.0 1.0 0.0
0.27759445470608024 0.0 1.0 0.0 1.0 0.0 1.0 0.0
1.0 0.0 1.0 0.0 0.6818660250334642 0.0 0.673469387755102 0.0
0.03371560092956309 0.0 0.8333333333333334 0.0 0.7202421955437409 0.0 1.0 0.0
0.6785855133429736 0.0 0.3333333333333333 0.0 0.5981633769429301 0.0 1.0 0.0
0.03939948263530691 0.0 0.16666666666666666 0.0 0.6647159510724276 0.0 1.0 0.0
0.03934155204951728 0.0 0.5 0.0 1.0 0.0 0.17687074829931973 0.0
0.6825047402815873 0.0 1.0 0.0 1.0 0.0 0.7210884353741497 0.0
0.09896549342376447 0.0 1.0 0.0 1.0 0.0 1.0 0.0
0.6260224191367005 0.0 1.0 0.0 0.2131069491006238 0.0 0.8027210884353742 0.0
0.2150539311472707 0.0 0.3333333333333333 0.0 0.6030221182782188 0.0 1.0 0.0
0.29167381515241314 0.0 0.6666666666666666 0.0 1.0 0.0 0.7619047619047619 0.0
0.4615396612843211 0.0 1.0 0.0 0.3791339540744189 0.0 0.12244897959183673 0.0
0.5750724689347234 0.0 1.0 0.0 1.0 0.0 1.0 0.0
0.31931561697187916 0.0 0.5 0.0 1.0 0.0 1.0 0.0
0.15484177151731346 0.0 0.0 0.0 0.46401421134759746 0.0 1.0 0.0
1.0 0.0 0.5 0.0 0.40416535845723195 0.0 0.2857142857142857 0.0
1.0 0.0 1.0 0.0 0.38781860110504585 0.0 1.0 0.0
1.0 0.0 0.0 0.0 0.23136312823846203 0.0 0.41496598639455784 0.0
1.0 0.0 0.6666666666666666 0.0 0.49506784200027604 0.0 1.0 0.0
0.012267915590680306 0.0 0.5 0.0 1.0 0.0 0.9047619047619048 0.0
1.0 0.0 0.16666666666666666 0.0 1.0 0.0 0.8027210884353742 0.0
1.0 0.0 0.3333333333333333 0.0 0.6394179515073368 0.0 0.14285714285714285 0.0
0.2781871291606972 0.0 1.0 0.0 0.4548564020067025 0.0 0.3741496598639456 0.0
0.031968770958060486 0.0 1.0 0.0 1.0 0.0 1.0 0.0
0.6998014763386978 0.0 1.0 0.0 1.0 0.0 0.5782312925170068 0.0
0.3752297727561367 0.0 1.0 0.0 1.0 0.0 0.4217687074829932 0.0
0.3387914342944612 0.0 0.6666666666666666 0.0 0.5069984177899612 0.0 1.0 0.0
1.0 0.0 1.0 0.0 0.3873195443399871 0.0 1.0 0.0
1.0 0.0 1.0 0.0 0.36439206440892524 0.0 0.4489795918367347 0.0
1.0 0.0 0.0 0.0 0.044336308939677986 0.0 1.0 0.0
1.0 0.0 1.0 0.0 0.3242827309586745 0.0 1.0 0.0
0.7119067406692765 0.0 1.0 0.0 1.0 0.0 1.0 0.0
0.629253163344199 0.0 1.0 0.0 0.5105153555588186 0.0 1.0 0.0
0.19425907894824793 0.0 1.0 0.0 0.6814961462871912 0.0 0.7891156462585034 0.0
0.4154068621006967 0.0 1.0 0.0 1.0 0.0 0.3129251700680272 0.0
0.8063402798047293 0.0 0.8333333333333334 0.0 1.0 0.0 0.4965986394557823 0.0
0.7908750414983523 0.0 0.16666666666666666 0.0 1.0 0.0 0.41496598639455784 0.0
1.0 0.0 0.8333333333333334 0.0 0.13295507812327584 0.0 1.0 0.0
0.7813721973294 0.0 1.0 0.0 0.12259288237944145 0.0 1.0 0.0
0.6772976718588811 0.0 1.0 0.0 1.0 0.0 0.7210884353741497 0.0
1.0 0.0 1.0 0.0 0.11625580307973345 0.0 1.0 0.0
0.4573285533173059 0.0 1.0 0.0 0.3339375372784516 0.0 0.9319727891156463 0.0
1.0 0.0 0.6666666666666666 0.0 0.6730271882947648 0.0 1.0 0.0
1.0 0.0 1.0 0.0 0.713371337369141 0.0 1.0 0.0
1.0 0.0 0.3333333333333333 0.0 0.4681364319971893 0.0 0.8435374149659864 0.0
0.2389280167909575 0.0 1.0 0.0 0.2850641079021931 0.0 1.0 0.0
0.01908589991822875 0.0 1.0 0.0 0.33386279646576 0.0 1.0 0.0
1.0 0.0 0.0 0.0 0.2236421668832875 0.0 1.0 0.0
0.5639609369603822 0.0 1.0 0.0 0.004927891299786871 0.0 0.8027210884353742 0.0
1.0 0.0 1.0 0.0 0.5334269457108043 0.0 1.0 0.0
1.0 0.0 0.6666666666666666 0.0 0.585687546326798 0.0 0.20408163265306123 0.0
1.0 0.0 0.6666666666666666 0.0 0.5947885644202541 0.0 0.24489795918367346 0.0
0.8072270633872014 0.0 1.0 0.0 0.5338371374151037 0.0 0.41496598639455784 0.0
0.5102503715355838 0.0 0.5 0.0 1.0 0.0 0.47619047619047616 0.0
0.6486643657826311 0.0 1.0 0.0 0.3997765426253623 0.0 1.0 0.0
1.0 0.0 1.0 0.0 0.6649434103173513 0.0 1.0 0.0
0.6361424468542578 0.0 1.0 0.0 0.2872827918694943 0.0 0.21768707482993196 0.0
0.19809363810763056 0.0 0.8333333333333334 0.0 0.38732189838133174 0.0 1.0 0.0
0.7371511074768333 0.0 1.0 0.0 1.0 0.0 0.8571428571428571 0.0
1.0 0.0 0.0 0.0 0.21049249193225894 0.0 0.8639455782312925 0.0
0.7044671165942163 0.0 1.0 0.0 1.0 0.0 1.0 0.0
1.0 0.0 0.3333333333333333 0.0 0.14183923015785907 0.0 0.4217687074829932 0.0
1.0 0.0 1.0 0.0 0.6718728252703984 0.0 1.0 0.0
0.4342498991784997 0.0 0.8333333333333334 0.0 0.5931445607962074 0.0 1.0 0.0
0.027537081145153994 0.0 1.0 0.0 0.1757859776230715 0.0 0.8503401360544217 0.0
1.0 0.0 0.0 0.0 0.5659948134584075 0.0 0.1292517006802721 0.0
1.0 0.0 0.6666666666666666 0.0 0.4136856901651978 0.0 1.0 0.0
0.5929774761426251 0.0 1.0 0.0 0.4030121724535378 0.0 1.0 0.0
1.0 0.0 0.0 0.0 0.5092833091700798 0.0 0.6190476190476191 0.0
0.6236472651193259 0.0 0.8333333333333334 0.0 1.0 0.0 1.0 0.0
0.20451947693137232 0.0 0.0 0.0 0.6226771864850955 0.0 1.0 0.0
1.0 0.0 1.0 0.0 0.4298882624850261 0.0 1.0 0.0
0.47186467415159544 0.0 1.0 0.0 1.0 0.0 1.0 0.0
1.0 0.0 0.3333333333333333 0.0 0.04420977921740484 0.0 0.2789115646258503 0.0
0.6378558553339587 0.0 0.8333333333333334 0.0 0.7396180155961124 0.0 1.0 0.0
0.08021158032409935 0.0 1.0 0.0 1.0 0.0 0.5374149659863946 0.0
0.7853671796494308 0.0 0.6666666666666666 0.0 1.0 0.0 1.0 0.0
0.46948060773640693 0.0 0.6666666666666666 0.0 1.0 0.0 0.14965986394557823 0.0
0.6616541855962282 0.0 0.5 0.0 0.4375506670617533 0.0 1.0 0.0
0.4517560765842344 0.0 1.0 0.0 1.0 0.0 1.0 0.0
0.7785893011120444 0.0 0.8333333333333334 0.0 0.14291179024550002 0.0 1.0 0.0
1.0 0.0 0.16666666666666666 0.0 1.0 0.0 0.5374149659863946 0.0
0.27076532988126456 0.0 0.5 0.0 0.01329415423855443 0.0 1.0 0.0
1.0 0.0 1.0 0.0 0.08551408290521659 0.0 1.0 0.0
0.8222645065985166 0.0 1.0 0.0 1.0 0.0 1.0 0.0
0.2514187423269825 0.0 1.0 0.0 0.4153538227130268 0.0 1.0 0.0
0.11765479163927961 0.0 1.0 0.0 1.0 0.0 0.4421768707482993 0.0
1.0 0.0 1.0 0.0 0.4904386196960874 0.0 1.0 0.0
0.7347960063545397 0.0 0.8333333333333334 0.0 1.0 0.0 0.8979591836734694 0.0
1.0 0.0 1.0 0.0 0.5938010440761874 0.0 1.0 0.0
0.12196616408169995 0.0 1.0 0.0 1.0 0.0 0.10204081632653061 0.0
0.5445898403121122 0.0 0.6666666666666666 0.0 0.3541958285798863 0.0 1.0 0.0
0.3589802434421463 0.0 1.0 0.0 0.07077601855690792 0.0 1.0 0.0
0.41447774462860926 0.0 1.0 0.0 1.0 0.0 1.0 0.0
0.38857386038283204 0.0 1.0 0.0 0.7336149159121719 0.0 0.8979591836734694 0.0
1.0 0.0 1.0 0.0 0.7301082770741973 0.0 1.0 0.0
1.0 0.0 0.3333333333333333 0.0 1.0 0.0 0.1360544217687075 0.0
0.15067968173827406 0.0 0.3333333333333333 0.0 0.1652066215651962 0.0 1.0 0.0
0.0751493383658673 0.0 0.6666666666666666 0.0 1.0 0.0 0.35374149659863946 0.0
0.030747772457571418 0.0 0.0 0.0 1.0 0.0 0.20408163265306123 0.0
0.6866846548562542 0.0 1.0 0.0 0.006281759328109519 0.0 0.8435374149659864 0.0
0.612353028989802 0.0 1.0 0.0 0.2537915514044652 0.0 1.0 0.0
1.0 0.0 1.0 0.0 0.5707258480507508 0.0 1.0 0.0
1.0 0.0 1.0 0.0 0.23596939863954067 0.0 0.22448979591836735 0.0
0.41225632947352236 0.0 1.0 0.0 0.5002093625520868 0.0 0.7891156462585034 0.0
0.5244121716616943 0.0 0.16666666666666666 0.0 0.3968925477230388 0.0 1.0 0.0
0.5952501375851412 0.0 1.0 0.0 0.4033134897456488 0.0 0.10884353741496598 0.0
0.6803122904193951 0.0 0.0 0.0 0.5156100895389051 0.0 1.0 0.0
1.0 0.0 1.0 0.0 0.47801958032739417 0.0 0.6326530612244898 0.0
0.038240870919514364 0.0 0.0 0.0 1.0 0.0 0.5850340136054422 0.0
1.0 0.0 1.0 0.0 0.5178152377684747 0.0 1.0 0.0
1.0 0.0 0.3333333333333333 0.0 0.7149261816772603 0.0 1.0 0.0
0.7173388471367808 0.0 1.0 0.0 0.0023593379376420334 0.0 0.6258503401360545 0.0
0.5817010648087289 0.0 0.5 0.0 0.6445103314460787 0.0 1.0 0.0
0.7804809575480212 0.0 0.16666666666666666 0.0 1.0 0.0 0.47619047619047616 0.0
1.0 0.0 1.0 0.0 0.24708371059298007 0.0 1.0 0.0
1.0 0.0 0.8333333333333334 0.0 1.0 0.0 0.6190476190476191 0.0
0.6392350488956425 0.0 1.0 0.0 1.0 0.0 0.5918367346938775 0.0
0.2874805319810255 0.0 1.0 0.0 1.0 0.0 1.0 0.0
1.0 0.0 1.0 0.0 0.5119121848416804 0.0 1.0 0.0
1.0 0.0 0.5 0.0 0.1357816932678243 0.0 0.4013605442176871 0.0
0.5555765987170603 0.0 1.0 0.0 1.0 0.0 0.10204081632653061 0.0
0.3515138821736447 0.0 0.8333333333333334 0.0 0.23309511415776374 0.0 1.0 0.0
1.0 0.0 0.3333333333333333 0.0 0.2337080476728683 0.0 0.9591836734693877 0.0
1.0 0.0 0.0 0.0 0.6024927532308482 0.0 1.0 0.0
0.546158422327339 0.0 1.0 0.0 0.01791660867387729 0.0 1.0 0.0
1.0 0.0 0.0 0.0 0.2850137902684519 0.0 0.272108843537415 0.0
0.7711140274457291 0.0 1.0 0.0 1.0 0.0 1.0 0.0
1.0 0.0 0.0 0.0 0.6606717080423763 0.0 0.7414965986394558 0.0
0.8171955803419242 0.0 0.6666666666666666 0.0 1.0 0.0 0.17006802721088435 0.0
0.32291622568864986 0.0 1.0 0.0 1.0 0.0 1.0 0.0
1.0 0.0 1.0 0.0 0.29345861933709605 0.0 0.8979591836734694 0.0
1.0 0.0 0.8333333333333334 0.0 0.35600137829120726 0.0 0.3741496598639456 0.0
1.0 0.0 1.0 0.0 0.45168727384651236 0.0 1.0 0.0
0.43721549955103794 0.0 1.0 0.0 0.684686755074651 0.0 0.7278911564625851 0.0
0.07409321922493332 0.0 1.0 0.0 0.006780227582832094 0.0 1.0 0.0
0.12578512654490845 0.0 0.3333333333333333 0.0 1.0 0.0 0.8775510204081632 0.0
1.0 0.0 1.0 0.0 0.6456187906642251 0.0 0.41496598639455784 0.0
1.0 0.0 0.6666666666666666 0.0 1.0 0.0 0.5850340136054422 0.0
1.0 0.0 1.0 0.0 0.5412182340511492 0.0 0.54421768707483 0.0
1.0 0.0 0.5 0.0 0.32383310906185275 0.0 1.0 0.0
0.8385741945977501 0.0 1.0 0.0 0.061092963740995425 0.0 0.7891156462585034 0.0
0.6452420050221361 0.0 1.0 0.0 1.0 0.0 1.0 0.0
0.10132059454605816 0.0 0.6666666666666666 0.0 0.5808452832809216 0.0 1.0 0.0
0.4348871356221856 0.0 1.0 0.0 1.0 0.0 1.0 0.0
0.22543464650088121 0.0 0.0 0.0 0.15392370140044861 0.0 1.0 0.0
1.0 0.0 0.3333333333333333 0.0 0.07404342794323582 0.0 0.17006802721088435 0.0
1.0 0.0 0.6666666666666666 0.0 0.34930795598295794 0.0 1.0 0.0
0.8397974211976926 0.0 1.0 0.0 0.08287873361991825 0.0 0.9319727891156463 0.0
1.0 0.0 1.0 0.0 0.7153825714429479 0.0 1.0 0.0
1.0 0.0 1.0 0.0 0.5304670329751169 0.0 1.0 0.0
0.7017622038577314 0.0 0.16666666666666666 0.0 1.0 0.0 0.08843537414965986 0.0
1.0 0.0 1.0 0.0 0.30644380564916956 0.0 1.0 0.0
0.3866933444441226 0.0 1.0 0.0 0.1540240424127629 0.0 1.0 0.0
0.6231036088526848 0.0 0.5 0.0 1.0 0.0 0.8299319727891157 0.0
1.0 0.0 0.8333333333333334 0.0 1.0 0.0 0.2925170068027211 0.0
0.5740720522801256 0.0 1.0 0.0 1.0 0.0 1.0 0.0
1.0 0.0 1.0 0.0 0.3992577707640424 0.0 1.0 0.0
1.0 0.0 1.0 0.0 1.0 0.0 0.12244897959183673 0.0
0.6629999576661104 0.0 1.0 0.0 0.25284404976325703 0.0 1.0 0.0
1.0 0.0 1.0 0.0 0.12776265142738769 0.0 1.0 0.0
1.0 0.0 0.8333333333333334 0.0 1.0 0.0 0.47619047619047616 0.0
0.47864478078843525 0.0 1.0 0.0 1.0 0.0 1.0 0.0
0.14062872510377372 0.0 1.0 0.0 0.0444440063311942 0.0 0.4897959183673469 0.0
0.4103980945293474 0.0 1.0 0.0 0.04618217160902551 0.0 1.0 0.0
0.09011548239467217 0.0 1.0 0.0 0.475090858639523 0.0 0.22448979591836735 0.0
0.5493713417392099 0.0 1.0 0.0 1.0 0.0 0.9455782312925171 0.0
0.44652227096808694 0.0 1.0 0.0 0.7249941222530176 0.0 1.0 0.0
0.5639475683636614 0.0 0.3333333333333333 0.0 0.0002710090097989914 0.0 1.0 0.0
0.48785128773007913 0.0 1.0 0.0 1.0 0.0 1.0 0.0
0.12179460042378451 0.0 1.0 0.0 1.0 0.0 1.0 0.0
0.1172247684447643 0.0 1.0 0.0 1.0 0.0 1.0 0.0
0.7611967567784356 0.0 0.3333333333333333 0.0 0.6846058349034299 0.0 1.0 0.0
1.0 0.0 1.0 0.0 0.33485973297520516 0.0 0.3401360544217687 0.0
0.5396055818347508 0.0 1.0 0.0 0.4385172952888865 0.0 0.2789115646258503 0.0
0.7560654437371467 0.0 1.0 0.0 1.0 0.0 0.2585034013605442 0.0
0.8261614525425957 0.0 1.0 0.0 0.2979501302226246 0.0 1.0 0.0
0.7884664659891759 0.0 1.0 0.0 0.5704639609511621 0.0 1.0 0.0
0.002203590359459285 0.0 1.0 0.0 0.052983879819127236 0.0 1.0 0.0
1.0 0.0 0.3333333333333333 0.0 0.481236966335149 0.0 0.8843537414965986 0.0
1.0 0.0 0.5 0.0 0.4314795944339869 0.0 1.0 0.0
0.3807599155995927 0.0 1.0 0.0 0.03469739239897705 0.0 0.5714285714285714 0.0
0.08771581928330953 0.0 0.6666666666666666 0.0 0.48813872130239694 0.0 1.0 0.0
0.12396699739089553 0.0 1.0 0.0 0.022656765176430983 0.0 0.21768707482993196 0.0
1.0 0.0 0.6666666666666666 0.0 0.7249370367504107 0.0 0.29931972789115646 0.0
1.0 0.0 0.16666666666666666 0.0 0.6814655437497112 0.0 1.0 0.0
1.0 0.0 1.0 0.0 0.39672717631857946 0.0 0.7278911564625851 0.0
0.24241499243560236 0.0 0.8333333333333334 0.0 1.0 0.0 1.0 0.0
0.13854768021425404 0.0 0.8333333333333334 0.0 0.1157517439768174 0.0 1.0 0.0
1.0 0.0 1.0 0.0 0.7300011681930173 0.0 1.0 0.0
1.0 0.0 1.0 0.0 0.2478858501811582 0.0 1.0 0.0
1.0 0.0 0.0 0.0 0.7422042242683419 0.0 0.5782312925170068 0.0
1.0 0.0 0.0 0.0 0.2504087939922511 0.0 1.0 0.0
1.0 0.0 1.0 0.0 0.5370683534157581 0.0 1.0 0.0
1.0 0.0 1.0 0.0 0.7407585486275792 0.0 0.32653061224489793 0.0
1.0 0.0 0.8333333333333334 0.0 0.291702504494012 0.0 0.8299319727891157 0.0
1.0 0.0 1.0 0.0 0.7342346172961423 0.0 0.08843537414965986 0.0
1.0 0.0 1.0 0.0 0.6802105454578625 0.0 1.0 0.0
0.6674606127719117 0.0 1.0 0.0 1.0 0.0 1.0 0.0
1.0 0.0 1.0 0.0 0.2449059280940416 0.0 1.0 0.0
1.0 0.0 1.0 0.0 0.23565483986486627 0.0 0.36054421768707484 0.0
0.4810956901872272 0.0 0.6666666666666666 0.0 1.0 0.0 0.54421768707483 0.0
0.41862200961202106 0.0 1.0 0.0 1.0 0.0 1.0 0.0
1.0 0.0 0.16666666666666666 0.0 1.0 0.0 0.5306122448979592 0.0
1.0 0.0 0.3333333333333333 0.0 1.0 0.0 0.6598639455782312 0.0
0.4282184339580182 0.0 1.0 0.0 0.37082242259691367 0.0 1.0 0.0
0.5608683349189975 0.0 0.5 0.0 0.012430515320248199 0.0 1.0 0.0
1.0 0.0 1.0 0.0 0.6669658260875451 0.0 0.5170068027210885 0.0
0.0669744414711695 0.0 1.0 0.0 1.0 0.0 1.0 0.0
1.0 0.0 0.8333333333333334 0.0 0.5800484402857689 0.0 0.3333333333333333 0.0
0.36473765242985384 0.0 0.16666666666666666 0.0 1.0 0.0 0.4217687074829932 0.0
1.0 0.0 1.0 0.0 0.05924386426479905 0.0 1.0 0.0
0.7180518389618838 0.0 1.0 0.0 0.1252332340025971 0.0 1.0 0.0
0.0918823652612558 0.0 1.0 0.0 0.6364765768472384 0.0 1.0 0.0
0.4292210787120694 0.0 0.16666666666666666 0.0 1.0 0.0 0.9319727891156463 0.0
1.0 0.0 0.5 0.0 1.0 0.0 0.38095238095238093 0.0
1.0 0.0 1.0 0.0 0.4974780860819954 0.0 1.0 0.0
0.3831439820147812 0.0 1.0 0.0 1.0 0.0 0.5238095238095238 0.0
1.0 0.0 0.16666666666666666 0.0 0.07737115963901953 0.0 1.0 0.0
0.021144663813213966 0.0 1.0 0.0 0.09542489122122075 0.0 0.6530612244897959 0.0
1.0 0.0 0.6666666666666666 0.0 0.6239795598590047 0.0 0.6258503401360545 0.0
0.6469687820985578 0.0 1.0 0.0 0.6349023116980259 0.0 0.3401360544217687 0.0
0.049015959876385046 0.0 1.0 0.0 0.45598133951426123 0.0 1.0 0.0
0.14169152854306805 0.0 0.6666666666666666 0.0 0.26841279645104726 0.0 1.0 0.0
0.795173045344052 0.0 1.0 0.0 0.3251019373466011 0.0 0.3129251700680272 0.0
0.7417788700416432 0.0 0.0 0.0 0.4552910168899524 0.0 1.0 0.0
1.0 0.0 1.0 0.0 1.0 0.0 0.6870748299319728 0.0
0.0918444875705472 0.0 0.8333333333333334 0.0 1.0 0.0 1.0 0.0
1.0 0.0 1.0 0.0 0.6808682057585148 0.0 1.0 0.0
0.347175772537783 0.0 1.0 0.0 1.0 0.0 1.0 0.0
1.0 0.0 1.0 0.0 0.6212721180575275 0.0 1.0 0.0
0.6065532861124789 0.0 1.0 0.0 0.35780074864399863 0.0 1.0 0.0
1.0 0.0 1.0 0.0 0.23454490937087952 0.0 1.0 0.0
0.779453803699982 0.0 1.0 0.0 0.5150006870858175 0.0 0.54421768707483 0.0
1.0 0.0 1.0 0.0 0.23739859599089103 0.0 0.3469387755102041 0.0
1.0 0.0 0.6666666666666666 0.0 0.42980175146561145 0.0 0.8095238095238095 0.0
0.7724954491068663 0.0 1.0 0.0 0.23791059998334516 0.0 0.6462585034013606 0.0
1.0 0.0 0.8333333333333334 0.0 0.014171328894592208 0.0 0.9251700680272109 0.0
1.0 0.0 1.0 0.0 0.2394907502359191 0.0 1.0 0.0
1.0 0.0 1.0 0.0 1.0 0.0 0.8775510204081632 0.0
1.0 0.0 1.0 0.0 0.4975163392538454 0.0 0.12244897959183673 0.0
0.6944852310427728 0.0 1.0 0.0 1.0 0.0 1.0 0.0
0.5184609180215368 0.0 0.0 0.0 0.1474300783513236 0.0 1.0 0.0
0.44589394692221485 0.0 0.3333333333333333 0.0 0.29308785782531893 0.0 1.0 0.0
0.05344987778874498 0.0 1.0 0.0 0.5417464220778475 0.0 0.2925170068027211 0.0
1.0 0.0 1.0 0.0 0.4214696221263408 0.0 1.0 0.0
0.8115562606252492 0.0 0.16666666666666666 0.0 0.25093815903962174 0.0 1.0 0.0
1.0 0.0 0.16666666666666666 0.0 0.6745299494381345 0.0 1.0 0.0
0.6344268102751034 0.0 1.0 0.0 1.0 0.0 0.7959183673469388 0.0
0.26081018152326246 0.0 1.0 0.0 1.0 0.0 1.0 0.0
0.32806090732665943 0.0 0.0 0.0 1.0 0.0 1.0 0.0
0.024827712209762196 0.0 0.16666666666666666 0.0 0.6253269542736296 0.0 1.0 0.0
0.40438222600504 0.0 0.8333333333333334 0.0 1.0 0.0 0.7210884353741497 0.0
1.0 0.0 0.0 0.0 0.2546528362814268 0.0 0.24489795918367346 0.0
0.35199737975504275 0.0 1.0 0.0 1.0 0.0 1.0 0.0
0.4682707497331851 0.0 0.0 0.0 1.0 0.0 1.0 0.0
1.0 0.0 0.6666666666666666 0.0 1.0 0.0 0.7687074829931972 0.0
0.25236568459469755 0.0 1.0 0.0 0.4766509995406677 0.0 0.6190476190476191 0.0
0.6108691147538061 0.0 1.0 0.0 0.08594546098161758 0.0 1.0 0.0
1.0 0.0 1.0 0.0 0.08413343765659892 0.0 0.5918367346938775 0.0
0.7288180155209408 0.0 0.5 0.0 1.0 0.0 1.0 0.0
1.0 0.0 1.0 0.0 0.581304909853458 0.0 1.0 0.0
0.23139704063830593 0.0 1.0 0.0 0.15395901202061787 0.0 0.3401360544217687 0.0
1.0 0.0 1.0 0.0 0.5279352615089817 0.0 0.8571428571428571 0.0
1.0 0.0 1.0 0.0 0.4102758612775206 0.0 0.42857142857142855 0.0
1.0 0.0 0.5 0.0 1.0 0.0 0.32653061224489793 0.0
0.08880758801549866 0.0 0.5 0.0 0.7164242347379408 0.0 1.0 0.0
0.642207333566541 0.0 1.0 0.0 0.6000574974598423 0.0 0.7551020408163265 0.0
0.446921100770254 0.0 1.0 0.0 1.0 0.0 0.14285714285714285 0.0
1.0 0.0 0.3333333333333333 0.0 0.4232763488583341 0.0 1.0 0.0
0.6749002368469719 0.0 1.0 0.0 0.041016816388600434 0.0 1.0 0.0
1.0 0.0 1.0 0.0 0.44656517413579466 0.0 0.4965986394557823 0.0
1.0 0.0 1.0 0.0 0.01344128182259297 0.0 0.5918367346938775 0.0
0.41060307967906456 0.0 0.5 0.0 1.0 0.0 1.0 0.0
1.0 0.0 0.5 0.0 1.0 0.0 0.36054421768707484 0.0
0.7681216898797495 0.0 1.0 0.0 0.572635564091571 0.0 1.0 0.0
0.6180837007840682 0.0 0.16666666666666666 0.0 1.0 0.0 1.0 0.0
0.7737498690991571 0.0 0.5 0.0 0.4278902698937827 0.0 1.0 0.0
1.0 0.0 0.8333333333333334 0.0 0.4043525047441289 0.0 0.3877551020408163 0.0
1.0 0.0 1.0 0.0 0.7177030676984038 0.0 1.0 0.0
1.0 0.0 0.8333333333333334 0.0 0.2040736096958255 0.0 0.7959183673469388 0.0
0.272267068912888 0.0 1.0 0.0 1.0 0.0 1.0 0.0
1.0 0.0 0.0 0.0 0.43624535113616336 0.0 0.5510204081632653 0.0
1.0 0.0 1.0 0.0 0.2522166977449167 0.0 0.8843537414965986 0.0
1.0 0.0 0.0 0.0 0.21455821558957996 0.0 0.22448979591836735 0.0
0.008346460552613226 0.0 0.0 0.0 1.0 0.0 0.6122448979591837 0.0
1.0 0.0 0.0 0.0 1.0 0.0 0.782312925170068 0.0
1.0 0.0 0.0 0.0 1.0 0.0 0.10884353741496598 0.0
0.4173631334208234 0.0 0.16666666666666666 0.0 1.0 0.0 1.0 0.0
1.0 0.0 0.8333333333333334 0.0 0.23210406275168013 0.0 0.5850340136054422 0.0
0.4522618551601669 0.0 0.3333333333333333 0.0 1.0 0.0 0.5850340136054422 0.0
1.0 0.0 1.0 0.0 0.19657804779939803 0.0 1.0 0.0
1.0 0.0 0.6666666666666666 0.0 0.3448552867796155 0.0 1.0 0.0
1.0 0.0 0.3333333333333333 0.0 0.206728674077385 0.0 0.40816326530612246 0.0
1.0 0.0 1.0 0.0 1.0 0.0 0.8027210884353742 0.0
1.0 0.0 1.0 0.0 0.6883622963791018 0.0 1.0 0.0
1.0 0.0 1.0 0.0 0.49468354475076737 0.0 0.10204081632653061 0.0
1.0 0.0 0.6666666666666666 0.0 1.0 0.0 0.29931972789115646 0.0
1.0 0.0 1.0 0.0 0.21236189501505262 0.0 1.0 0.0
0.6377600470574605 0.0 0.16666666666666666 0.0 1.0 0.0 0.43537414965986393 0.0
0.4591199452778774 0.0 1.0 0.0 0.33657553486026265 0.0 0.8027210884353742 0.0
0.1944841169930461 0.0 1.0 0.0 1.0 0.0 0.8163265306122449 0.0
1.0 0.0 0.16666666666666666 0.0 0.3002832794503078 0.0 0.5918367346938775 0.0
0.573381341449557 0.0 1.0 0.0 0.28604839143941097 0.0 0.3197278911564626 0.0
0.4411436388874654 0.0 1.0 0.0 0.11018178790028633 0.0 0.6190476190476191 0.0
0.563252401334186 0.0 1.0 0.0 1.0 0.0 1.0 0.0
1.0 0.0 1.0 0.0 0.7342919970539172 0.0 1.0 0.0
1.0 0.0 1.0 0.0 0.7055347337329122 0.0 1.0 0.0
1.0 0.0 0.16666666666666666 0.0 1.0 0.0 0.10884353741496598 0.0
1.0 0.0 1.0 0.0 0.034628830944815094 0.0 1.0 0.0
0.15018727175906224 0.0 0.16666666666666666 0.0 1.0 0.0 1.0 0.0
0.039577730591582684 0.0 1.0 0.0 0.48636642242506867 0.0 0.09523809523809523 0.0
0.0674178332624055 0.0 1.0 0.0 1.0 0.0 1.0 0.0
0.6731333539803883 0.0 1.0 0.0 1.0 0.0 0.4965986394557823 0.0
0.8190805524795405 0.0 0.3333333333333333 0.0 1.0 0.0 0.36054421768707484 0.0
1.0 0.0 1.0 0.0 0.6453254182616522 0.0 0.8299319727891157 0.0
0.17692892139933558 0.0 0.6666666666666666 0.0 1.0 0.0 0.5306122448979592 0.0
0.21711492314170935 0.0 0.16666666666666666 0.0 0.6153105083522858 0.0 1.0 0.0
1.0 0.0 1.0 0.0 0.2815710048019501 0.0 1.0 0.0
0.05985566371740569 0.0 1.0 0.0 0.3307898897455311 0.0 0.5306122448979592 0.0
0.8352342735170327 0.0 1.0 0.0 0.6764602633407201 0.0 0.5034013605442177 0.0
0.27842999200112295 0.0 0.0 0.0 1.0 0.0 0.08843537414965986 0.0
0.4147629413586505 0.0 1.0 0.0 1.0 0.0 1.0 0.0
0.1822875005848761 0.0 1.0 0.0 0.39198790258153 0.0 0.6122448979591837 0.0
0.16797418969593128 0.0 1.0 0.0 0.07283462771277517 0.0 1.0 0.0
1.0 0.0 0.8333333333333334 0.0 0.15237768474737165 0.0 0.9183673469387755 0.0
0.07335349020638886 0.0 1.0 0.0 0.13687602823790296 0.0 1.0 0.0
0.7852357217816774 0.0 1.0 0.0 0.444627209598839 0.0 1.0 0.0
1.0 0.0 1.0 0.0 0.6980079807886685 0.0 1.0 0.0
1.0 0.0 1.0 0.0 0.48387202136527924 0.0 0.4965986394557823 0.0
1.0 0.0 0.3333333333333333 0.0 0.2598384951084492 0.0 1.0 0.0
1.0 0.0 1.0 0.0 0.12956937815938097 0.0 1.0 0.0
0.18760374588080114 0.0 0.16666666666666666 0.0 1.0 0.0 1.0 0.0
1.0 0.0 0.5 0.0 0.5651382366641351 0.0 1.0 0.0
0.5728109479894744 0.0 1.0 0.0 0.6641450960463582 0.0 1.0 0.0
0.7738367649778416 0.0 1.0 0.0 0.22788885746897594 0.0 1.0 0.0
0.21399112770797638 0.0 1.0 0.0 0.7394105657026181 0.0 0.6870748299319728 0.0
0.6014598507618986 0.0 0.0 0.0 1.0 0.0 0.29931972789115646 0.0
0.5231020491830674 0.0 1.0 0.0 0.3778863121617721 0.0 1.0 0.0
1.0 0.0 0.3333333333333333 0.0 0.48345476753694594 0.0 0.4217687074829932 0.0
0.749635148714498 0.0 1.0 0.0 1.0 0.0 1.0 0.0
0.21944328707056168 0.0 1.0 0.0 0.32035383595450934 0.0 1.0 0.0
1.0 0.0 0.0 0.0 0.34251448691756237 0.0 1.0 0.0
0.5065004801554323 0.0 0.6666666666666666 0.0 0.15311685372958125 0.0 1.0 0.0
1.0 0.0 0.6666666666666666 0.0 0.4782411544689562 0.0 0.8231292517006803 0.0
0.23674447932657922 0.0 0.8333333333333334 0.0 1.0 0.0 1.0 0.0
1.0 0.0 1.0 0.0 0.6708935440710379 0.0 0.11564625850340136 0.0
0.32775788580099063 0.0 1.0 0.0 0.6549310839683605 0.0 0.564625850340136 0.0
1.0 0.0 1.0 0.0 0.36316825716489265 0.0 1.0 0.0
0.46246655065695513 0.0 0.8333333333333334 0.0 1.0 0.0 1.0 0.0
1.0 0.0 1.0 0.0 0.17278781171553412 0.0 0.9591836734693877 0.0
1.0 0.0 1.0 0.0 0.045791695000987225 0.0 1.0 0.0
1.0 0.0 1.0 0.0 0.08373678169003101 0.0 0.1292517006802721 0.0
1.0 0.0 1.0 0.0 0.6997629186110803 0.0 1.0 0.0
1.0 0.0 1.0 0.0 0.0036537664220131112 0.0 0.42857142857142855 0.0
0.6258308025837042 0.0 1.0 0.0 1.0 0.0 0.5034013605442177 0.0
0.6031910840372271 0.0 0.16666666666666666 0.0 1.0 0.0 0.7551020408163265 0.0
0.541789119299129 0.0 1.0 0.0 0.008380387186835259 0.0 1.0 0.0
1.0 0.0 1.0 0.0 0.4170684475774119 0.0 0.11564625850340136 0.0
0.42103058512119745 0.0 0.16666666666666666 0.0 1.0 0.0 0.7346938775510204 0.0
0.5673610167263426 0.0 1.0 0.0 1.0 0.0 0.5510204081632653 0.0
1.0 0.0 0.6666666666666666 0.0 0.7231232478943835 0.0 0.46258503401360546 0.0
0.08047449605960612 0.0 1.0 0.0 1.0 0.0 1.0 0.0
0.5025322350288427 0.0 1.0 0.0 0.02338004437956445 0.0 0.35374149659863946 0.0
0.7534407425809858 0.0 1.0 0.0 1.0 0.0 1.0 0.0
0.5868769398390866 0.0 1.0 0.0 1.0 0.0 1.0 0.0
0.09955816787838143 0.0 1.0 0.0 1.0 0.0 0.7414965986394558 0.0
1.0 0.0 1.0 0.0 0.3139370135042524 0.0 1.0 0.0
1.0 0.0 0.6666666666666666 0.0 0.6169589258038536 0.0 0.6666666666666666 0.0
0.2652017655460069 0.0 0.3333333333333333 0.0 0.18974956236900128 0.0 1.0 0.0
1.0 0.0 1.0 0.0 0.36193709354165815 0.0 1.0 0.0
0.7824305445697874 0.0 1.0 0.0 1.0 0.0 0.5238095238095238 0.0
1.0 0.0 0.6666666666666666 0.0 0.6268182394654442 0.0 1.0 0.0
0.8390131301900792 0.0 1.0 0.0 1.0 0.0 1.0 0.0
0.6912433463380071 0.0 0.5 0.0 1.0 0.0 1.0 0.0
0.24585072179281794 0.0 1.0 0.0 0.6767006698130391 0.0 1.0 0.0
1.0 0.0 0.3333333333333333 0.0 0.47193556047223245 0.0 1.0 0.0
0.08596230501344658 0.0 0.0 0.0 1.0 0.0 1.0 0.0
0.6930347382985786 0.0 0.6666666666666666 0.0 1.0 0.0 1.0 0.0
1.0 0.0 1.0 0.0 0.46237609282691233 0.0 0.4421768707482993 0.0
0.5107472377137026 0.0 1.0 0.0 0.22217648189109557 0.0 0.8843537414965986 0.0
0.07727048904554903 0.0 1.0 0.0 0.34584839797187567 0.0 1.0 0.0
1.0 0.0 1.0 0.0 0.4922721236483757 0.0 0.2108843537414966 0.0
0.4973229385066832 0.0 0.16666666666666666 0.0 1.0 0.0 0.40816326530612246 0.0
0.45813958151836065 0.0 1.0 0.0 0.5120316524399197 0.0 1.0 0.0
1.0 0.0 1.0 0.0 0.4462565004644818 0.0 1.0 0.0
1.0 0.0 0.5 0.0 0.7169235857581676 0.0 0.9319727891156463 0.0
0.5364038029201471 0.0 1.0 0.0 1.0 0.0 0.6258503401360545 0.0
1.0 0.0 0.0 0.0 0.15933505394138614 0.0 0.23129251700680273 0.0
0.7607221715948513 0.0 0.3333333333333333 0.0 0.48165745697033113 0.0 1.0 0.0
0.4819512803773509 0.0 1.0 0.0 0.11507672262124857 0.0 1.0 0.0
0.3852829574900905 0.0 0.5 0.0 1.0 0.0 0.6598639455782312 0.0
1.0 0.0 1.0 0.0 0.2050967349152295 0.0 1.0 0.0
1.0 0.0 1.0 0.0 0.06992974069351823 0.0 1.0 0.0
0.0690933640513978 0.0 1.0 0.0 0.26696476676893993 0.0 1.0 0.0
1.0 0.0 0.6666666666666666 0.0 1.0 0.0 0.8027210884353742 0.0
1.0 0.0 1.0 0.0 0.3000087393784919 0.0 1.0 0.0
0.5370900575518088 0.0 1.0 0.0 1.0 0.0 1.0 0.0
0.5760684293904142 0.0 1.0 0.0 0.47967594266850005 0.0 1.0 0.0
0.8000748641416359 0.0 0.0 0.0 0.11462003860039295 0.0 1.0 0.0
0.41794689547762653 0.0 0.8333333333333334 0.0 1.0 0.0 1.0 0.0
0.634678585513343 0.0 0.8333333333333334 0.0 1.0 0.0 1.0 0.0
0.31483045277208993 0.0 1.0 0.0 1.0 0.0 0.564625850340136 0.0
0.4318658327633112 0.0 0.3333333333333333 0.0 0.6770031641258223 0.0 1.0 0.0
0.23002898757388934 0.0 0.5 0.0 1.0 0.0 0.6122448979591837 0.0
1.0 0.0 0.3333333333333333 0.0 0.6067264965891412 0.0 0.08843537414965986 0.0
1.0 0.0 1.0 0.0 0.004913472796551094 0.0 1.0 0.0
1.0 0.0 1.0 0.0 0.40778734532109273 0.0 1.0 0.0
1.0 0.0 1.0 0.0 0.3383069322692282 0.0 0.3197278911564626 0.0
0.7788589011459115 0.0 0.8333333333333334 0.0 0.23238537069236181 0.0 1.0 0.0
0.2619665651396016 0.0 1.0 0.0 0.6361031670389485 0.0 1.0 0.0
0.2096975800611836 0.0 0.0 0.0 1.0 0.0 0.19047619047619047 0.0
1.0 0.0 1.0 0.0 0.7176915917468487 0.0 0.9047619047619048 0.0
0.13038615191627692 0.0 1.0 0.0 0.7086944457277239 0.0 0.41496598639455784 0.0
1.0 0.0 0.3333333333333333 0.0 1.0 0.0 0.6938775510204082 0.0
1.0 0.0 0.16666666666666666 0.0 1.0 0.0 0.38095238095238093 0.0
1.0 0.0 0.8333333333333334 0.0 0.16358468707875534 0.0 1.0 0.0
0.37336485351360144 0.0 1.0 0.0 1.0 0.0 1.0 0.0
0.0225104887781771 0.0 1.0 0.0 1.0 0.0 0.5034013605442177 0.0
0.5248622477512906 0.0 1.0 0.0 0.2861693303134906 0.0 1.0 0.0
0.6069543440140994 0.0 1.0 0.0 1.0 0.0 1.0 0.0
0.17912805555988798 0.0 1.0 0.0 0.6024674472863936 0.0 1.0 0.0
0.37623018941073455 0.0 1.0 0.0 1.0 0.0 0.8639455782312925 0.0
1.0 0.0 0.0 0.0 0.14551153465546104 0.0 1.0 0.0
1.0 0.0 0.3333333333333333 0.0 0.7342399138891677 0.0 0.9183673469387755 0.0
0.2160031015144392 0.0 0.0 0.0 1.0 0.0 1.0 0.0
1.0 0.0 1.0 0.0 0.18760032262136628 0.0 1.0 0.0
1.0 0.0 1.0 0.0 0.19050256134411053 0.0 1.0 0.0
1.0 0.0 0.8333333333333334 0.0 0.04647819230811105 0.0 0.24489795918367346 0.0
0.36715736843629754 0.0 0.8333333333333334 0.0 1.0 0.0 1.0 0.0
0.7290697907591803 0.0 1.0 0.0 0.4222479270459047 0.0 0.4217687074829932 0.0
0.2978501068373688 0.0 1.0 0.0 1.0 0.0 0.3469387755102041 0.0
0.12518353969247772 0.0 1.0 0.0 0.4199121295217088 0.0 1.0 0.0
0.26727166993825935 0.0 1.0 0.0 1.0 0.0 0.22448979591836735 0.0
0.572236098330485 0.0 0.0 0.0 1.0 0.0 1.0 0.0
0.016236160717269778 0.0 1.0 0.0 1.0 0.0 0.7346938775510204 0.0
0.7499069768478186 0.0 0.8333333333333334 0.0 1.0 0.0 0.8163265306122449 0.0
1.0 0.0 1.0 0.0 1.0 0.0 0.12244897959183673 0.0
1.0 0.0 0.3333333333333333 0.0 0.15694334793525563 0.0 0.6598639455782312 0.0
1.0 0.0 1.0 0.0 0.6725869825633215 0.0 1.0 0.0
0.07605617484342031 0.0 1.0 0.0 0.2512471269661027 0.0 1.0 0.0
1.0 0.0 1.0 0.0 0.06596524081401572 0.0 1.0 0.0
1.0 0.0 1.0 0.0 0.5081262978492007 0.0 0.5238095238095238 0.0
1.0 0.0 1.0 0.0 0.5620058903999545 0.0 0.6530612244897959 0.0
1.0 0.0 0.8333333333333334 0.0 1.0 0.0 0.7142857142857143 0.0
0.361863404134907 0.0 0.8333333333333334 0.0 1.0 0.0 1.0 0.0
0.7170514223072861 0.0 1.0 0.0 1.0 0.0 1.0 0.0
1.0 0.0 1.0 0.0 0.17590927053849578 0.0 1.0 0.0
0.10983639065713337 0.0 0.0 0.0 1.0 0.0 1.0 0.0
0.683400436261873 0.0 0.5 0.0 0.21716090255122172 0.0 1.0 0.0
1.0 0.0 1.0 0.0 0.07657843621621988 0.0 0.7142857142857143 0.0
0.44196135138688053 0.0 0.5 0.0 1.0 0.0 1.0 0.0
1.0 0.0 0.6666666666666666 0.0 0.3172064826767569 0.0 1.0 0.0
1.0 0.0 0.5 0.0 0.40101329709679023 0.0 1.0 0.0
0.5937617671502385 0.0 1.0 0.0 0.11770765807902575 0.0 1.0 0.0
0.6112790850532405 0.0 1.0 0.0 1.0 0.0 1.0 0.0
1.0 0.0 0.8333333333333334 0.0 1.0 0.0 0.1836734693877551 0.0
0.30916216776252026 0.0 1.0 0.0 1.0 0.0 0.8979591836734694 0.0
0.2049383596286204 0.0 0.3333333333333333 0.0 1.0 0.0 1.0 0.0
0.25448906337383276 0.0 1.0 0.0 0.20505907025371564 0.0 1.0 0.0
0.6304808461430484 0.0 1.0 0.0 0.2538265677694664 0.0 0.8095238095238095 0.0
0.0496843897124192 0.0 1.0 0.0 1.0 0.0 1.0 0.0
1.0 0.0 1.0 0.0 0.3510764295431012 0.0 1.0 0.0
0.48887621347866483 0.0 0.5 0.0 0.4922859536412753 0.0 1.0 0.0
0.5773830080679481 0.0 1.0 0.0 1.0 0.0 0.6326530612244898 0.0
0.04003226288008591 0.0 1.0 0.0 1.0 0.0 1.0 0.0
0.8207761361636138 0.0 1.0 0.0 1.0 0.0 1.0 0.0
0.6732737242459554 0.0 1.0 0.0 1.0 0.0 1.0 0.0
1.0 0.0 1.0 0.0 0.45485934455838334 0.0 1.0 0.0
0.27845227299565745 0.0 1.0 0.0 0.5659818662310121 0.0 0.5510204081632653 0.0
1.0 0.0 1.0 0.0 0.7203401825147105 0.0 1.0 0.0
0.7659091871224764 0.0 0.6666666666666666 0.0 1.0 0.0 0.3333333333333333 0.0
0.41253261380574985 0.0 0.3333333333333333 0.0 1.0 0.0 0.7482993197278912 0.0
1.0 0.0 0.5 0.0 0.10765148770999153 0.0 0.5510204081632653 0.0
0.6054303239879415 0.0 1.0 0.0 1.0 0.0 0.2857142857142857 0.0
1.0 0.0 0.5 0.0 0.2836484462885743 0.0 0.4421768707482993 0.0
0.48036264546704305 0.0 1.0 0.0 1.0 0.0 1.0 0.0
1.0 0.0 1.0 0.0 0.16190772687588406 0.0 1.0 0.0
0.04838540773105948 0.0 0.3333333333333333 0.0 1.0 0.0 0.4489795918367347 0.0
1.0 0.0 1.0 0.0 0.435499708540256 0.0 0.2925170068027211 0.0
0.2620378643221119 0.0 1.0 0.0 0.5011933518341366 0.0 0.47619047619047616 0.0
1.0 0.0 1.0 0.0 0.5229794159682275 0.0 0.6938775510204082 0.0
1.0 0.0 1.0 0.0 0.4581002709795843 0.0 0.6530612244897959 0.0
1.0 0.0 0.6666666666666666 0.0 0.0342089288199691 0.0 1.0 0.0
0.3359372388945953 0.0 0.0 0.0 1.0 0.0 1.0 0.0
0.814544141992322 0.0 1.0 0.0 0.6580419496052714 0.0 0.5850340136054422 0.0
0.6052498479322123 0.0 1.0 0.0 1.0 0.0 1.0 0.0
1.0 0.0 0.6666666666666666 0.0 0.279116033934683 0.0 1.0 0.0
0.659365927457538 0.0 0.8333333333333334 0.0 0.1427899686059161 0.0 1.0 0.0
1.0 0.0 0.8333333333333334 0.0 0.7021552131275469 0.0 0.9523809523809523 0.0
0.3075869014489331 0.0 1.0 0.0 1.0 0.0 0.24489795918367346 0.0
1.0 0.0 0.8333333333333334 0.0 1.0 0.0 0.14285714285714285 0.0
0.5295835904931453 0.0 1.0 0.0 1.0 0.0 0.19727891156462585 0.0
1.0 0.0 0.6666666666666666 0.0 1.0 0.0 0.6190476190476191 0.0
0.6615962550104386 0.0 1.0 0.0 1.0 0.0 0.4013605442176871 0.0
0.20911827420328732 0.0 1.0 0.0 1.0 0.0 1.0 0.0
0.39603576545242675 0.0 1.0 0.0 1.0 0.0 1.0 0.0
0.15158651821582708 0.0 1.0 0.0 0.49079054887710755 0.0 0.23129251700680273 0.0
0.8367716621399113 0.0 0.3333333333333333 0.0 1.0 0.0 1.0 0.0
0.14290584274519677 0.0 0.16666666666666666 0.0 0.4033761660964492 0.0 1.0 0.0
1.0 0.0 1.0 0.0 0.17134654990229256 0.0 0.20408163265306123 0.0
0.11278862243295092 0.0 0.8333333333333334 0.0 1.0 0.0 0.29931972789115646 0.0
0.02044058438592465 0.0 1.0 0.0 1.0 0.0 1.0 0.0
1.0 0.0 1.0 0.0 0.05787322369189601 0.0 1.0 0.0
0.07982834721810643 0.0 1.0 0.0 0.15765573969717023 0.0 1.0 0.0
0.3235334092372547 0.0 0.3333333333333333 0.0 1.0 0.0 1.0 0.0
1.0 0.0 1.0 0.0 0.5878076548127934 0.0 0.9591836734693877 0.0
0.28307780746101385 0.0 1.0 0.0 1.0 0.0 0.7619047619047619 0.0
0.2672538451426318 0.0 1.0 0.0 0.644213427981489 0.0 0.673469387755102 0.0
1.0 0.0 0.3333333333333333 0.0 1.0 0.0 0.2653061224489796 0.0
0.7122944299741764 0.0 1.0 0.0 0.40624839079204955 0.0 1.0 0.0
0.8152036594305423 0.0 0.3333333333333333 0.0 1.0 0.0 1.0 0.0
0.6029437649978945 0.0 1.0 0.0 1.0 0.0 1.0 0.0
0.4564038920441253 0.0 1.0 0.0 0.45433145078685305 0.0 0.8299319727891157 0.0
0.48812980016176 0.0 0.0 0.0 1.0 0.0 1.0 0.0
0.12254546993959622 0.0 1.0 0.0 0.5821058724209638 0.0 0.3333333333333333 0.0
0.25230329781000105 0.0 1.0 0.0 0.20621990689177971 0.0 0.3197278911564626 0.0
0.40429533012635555 0.0 0.3333333333333333 0.0 1.0 0.0 0.2108843537414966 0.0
1.0 0.0 1.0 0.0 0.2821324436626412 0.0 1.0 0.0
1.0 0.0 1.0 0.0 0.10143387600852281 0.0 1.0 0.0
0.5052037262735259 0.0 0.8333333333333334 0.0 0.3462844841309659 0.0 1.0 0.0
0.05515437387063209 0.0 0.16666666666666666 0.0 1.0 0.0 0.29931972789115646 0.0
1.0 0.0 0.8333333333333334 0.0 0.11580176735539051 0.0 1.0 0.0
1.0 0.0 1.0 0.0 0.06872623705608298 0.0 0.782312925170068 0.0
0.12594332160610322 0.0 1.0 0.0 1.0 0.0 1.0 0.0
0.36568013849866204 0.0 0.3333333333333333 0.0 1.0 0.0 1.0 0.0
0.43501190919157867 0.0 1.0 0.0 1.0 0.0 0.54421768707483 0.0
1.0 0.0 0.6666666666666666 0.0 0.02856099512389761 0.0 1.0 0.0
1.0 0.0 1.0 0.0 0.6721500136387271 0.0 1.0 0.0
0.5285007341587699 0.0 1.0 0.0 1.0 0.0 0.7074829931972789 0.0
0.5276963902560755 0.0 1.0 0.0 1.0 0.0 0.8163265306122449 0.0
1.0 0.0 0.8333333333333334 0.0 0.1601213037504881 0.0 0.9183673469387755 0.0
0.11282204392475262 0.0 0.6666666666666666 0.0 1.0 0.0 0.8503401360544217 0.0
1.0 0.0 1.0 0.0 0.3200634061036173 0.0 1.0 0.0
0.36974419190174973 0.0 0.5 0.0 0.573868787500982 0.0 1.0 0.0
0.033847058797316476 0.0 0.6666666666666666 0.0 1.0 0.0 0.36054421768707484 0.0
0.4718401650576075 0.0 0.6666666666666666 0.0 1.0 0.0 1.0 0.0
1.0 0.0 1.0 0.0 0.02144178558744072 0.0 0.4421768707482993 0.0
0.2800163988119774 0.0 0.8333333333333334 0.0 1.0 0.0 1.0 0.0
1.0 0.0 1.0 0.0 0.6179602761408199 0.0 1.0 0.0
1.0 0.0 1.0 0.0 0.0340779852701748 0.0 1.0 0.0
0.0026469821506952783 0.0 1.0 0.0 1.0 0.0 1.0 0.0
0.5777283634832324 0.0 1.0 0.0 1.0 0.0 1.0 0.0
0.2508661736625276 0.0 0.0 0.0 1.0 0.0 0.7891156462585034 0.0
0.7298585379657007 0.0 1.0 0.0 0.16341372482610256 0.0 0.3673469387755102 0.0
0.5694888517043847 0.0 0.5 0.0 1.0 0.0 0.4965986394557823 0.0
0.48914135731362507 0.0 1.0 0.0 0.39355628262738085 0.0 1.0 0.0
1.0 0.0 1.0 0.0 0.034626771158638554 0.0 1.0 0.0
0.2188929465055602 0.0 0.6666666666666666 0.0 0.26293994457998165 0.0 1.0 0.0
1.0 0.0 1.0 0.0 0.21257699554291698 0.0 0.6938775510204082 0.0
0.6178029602529338 0.0 1.0 0.0 0.6609580183209153 0.0 0.16326530612244897 0.0
1.0 0.0 1.0 0.0 0.24347143414966582 0.0 0.08843537414965986 0.0
0.8017838164224298 0.0 1.0 0.0 1.0 0.0 1.0 0.0
0.23556135851679877 0.0 1.0 0.0 1.0 0.0 0.47619047619047616 0.0
0.6948283583586037 0.0 1.0 0.0 1.0 0.0 1.0 0.0
0.4573486062123869 0.0 0.6666666666666666 0.0 1.0 0.0 1.0 0.0
0.3111741415689831 0.0 0.3333333333333333 0.0 1.0 0.0 0.3945578231292517 0.0
1.0 0.0 1.0 0.0 1.0 0.0 0.8367346938775511 0.0
1.0 0.0 1.0 0.0 0.2092795721294452 0.0 0.6394557823129252 0.0
0.5498971732102235 0.0 1.0 0.0 1.0 0.0 1.0 0.0
0.5925274000530287 0.0 1.0 0.0 1.0 0.0 1.0 0.0
0.29467283701675306 0.0 1.0 0.0 1.0 0.0 1.0 0.0
0.415901500179362 0.0 1.0 0.0 1.0 0.0 1.0 0.0
1.0 0.0 1.0 0.0 0.739703938105191 0.0 1.0 0.0
1.0 0.0 0.3333333333333333 0.0 0.2702966180370767 0.0 0.564625850340136 0.0
1.0 0.0 1.0 0.0 0.26196036912545306 0.0 1.0 0.0
1.0 0.0 1.0 0.0 0.5659227209422286 0.0 1.0 0.0
1.0 0.0 0.3333333333333333 0.0 1.0 0.0 0.1292517006802721 0.0
0.5826814285682456 0.0 0.3333333333333333 0.0 0.5727603282828357 0.0 1.0 0.0
0.7583225084834887 0.0 1.0 0.0 1.0 0.0 0.41496598639455784 0.0
0.0741957117997919 0.0 1.0 0.0 0.7037294782767594 0.0 1.0 0.0
0.575045731741282 0.0 1.0 0.0 0.6987933478322663 0.0 1.0 0.0
0.14780320534387373 0.0 1.0 0.0 0.09895359919680109 0.0 1.0 0.0
0.07442297794404351 0.0 1.0 0.0 1.0 0.0 0.5578231292517006 0.0
1.0 0.0 0.0 0.0 0.029410215538968065 0.0 0.7278911564625851 0.0
0.7977531845111439 0.0 0.6666666666666666 0.0 0.08097490268245953 0.0 1.0 0.0
1.0 0.0 0.0 0.0 0.728011120491312 0.0 1.0 0.0
0.3680174148253281 0.0 1.0 0.0 0.07911167895819546 0.0 0.6258503401360545 0.0
1.0 0.0 1.0 0.0 0.37750642873978457 0.0 0.5034013605442177 0.0
0.10304291542357284 0.0 1.0 0.0 0.5768801948910829 0.0 0.8503401360544217 0.0
0.6270250638907519 0.0 1.0 0.0 1.0 0.0 1.0 0.0
1.0 0.0 1.0 0.0 0.3132761163967513 0.0 0.14285714285714285 0.0
1.0 0.0 0.5 0.0 0.6857722623896875 0.0 0.7551020408163265 0.0
1.0 0.0 0.6666666666666666 0.0 0.2039255993462827 0.0 0.3741496598639456 0.0
0.8099498009193138 0.0 1.0 0.0 1.0 0.0 1.0 0.0
0.7669630781639569 0.0 0.16666666666666666 0.0 1.0 0.0 1.0 0.0
1.0 0.0 1.0 0.0 0.3688891661426473 0.0 1.0 0.0
0.811271063895208 0.0 1.0 0.0 0.4732561776665624 0.0 1.0 0.0
0.46061277191168704 0.0 1.0 0.0 1.0 0.0 1.0 0.0
0.20652699453892823 0.0 1.0 0.0 0.19084242606323956 0.0 1.0 0.0
1.0 0.0 1.0 0.0 0.6158690046612961 0.0 1.0 0.0
0.39485487274209974 0.0 1.0 0.0 1.0 0.0 1.0 0.0
0.31024279599744214 0.0 1.0 0.0 0.6771882506265429 0.0 1.0 0.0
0.6181394032704044 0.0 0.3333333333333333 0.0 1.0 0.0 0.23129251700680273 0.0
0.022610753253582225 0.0 0.0 0.0 1.0 0.0 0.4897959183673469 0.0
0.6137322225514859 0.0 1.0 0.0 0.14020111163717397 0.0 0.7619047619047619 0.0
1.0 0.0 0.8333333333333334 0.0 0.43755478663410635 0.0 0.14965986394557823 0.0
1.0 0.0 1.0 0.0 0.07739293452145724 0.0 1.0 0.0
0.7740952245144415 0.0 0.16666666666666666 0.0 1.0 0.0 0.08843537414965986 0.0
0.1662295878238821 0.0 0.6666666666666666 0.0 1.0 0.0 0.42857142857142855 0.0
0.30469260025890516 0.0 0.6666666666666666 0.0 1.0 0.0 1.0 0.0
0.20379534460900198 0.0 0.3333333333333333 0.0 1.0 0.0 0.8979591836734694 0.0
1.0 0.0 1.0 0.0 0.45350165121287567 0.0 0.5238095238095238 0.0
0.22561512255661043 0.0 1.0 0.0 1.0 0.0 0.5850340136054422 0.0
0.5696626434617535 0.0 1.0 0.0 0.36180320744018307 0.0 0.3197278911564626 0.0
0.0405603224505529 0.0 1.0 0.0 0.4936510033659849 0.0 1.0 0.0
0.17637412463542723 0.0 0.3333333333333333 0.0 0.5701499906868239 0.0 1.0 0.0
0.23898371927729367 0.0 1.0 0.0 1.0 0.0 1.0 0.0
0.6238143725783344 0.0 0.5 0.0 0.2569180125652842 0.0 1.0 0.0
1.0 0.0 0.6666666666666666 0.0 0.28725042380100585 0.0 0.14965986394557823 0.0
1.0 0.0 1.0 0.0 0.08096666353775338 0.0 1.0 0.0
0.7366832065916095 0.0 1.0 0.0 0.6753082543576984 0.0 0.3877551020408163 0.0
0.7605305550418548 0.0 0.5 0.0 1.0 0.0 1.0 0.0
1.0 0.0 0.0 0.0 1.0 0.0 0.1836734693877551 0.0
1.0 0.0 0.6666666666666666 0.0 0.03809692235577156 0.0 1.0 0.0
0.013034381802666143 0.0 0.3333333333333333 0.0 1.0 0.0 0.5102040816326531 0.0
1.0 0.0 1.0 0.0 0.7364041606503745 0.0 1.0 0.0
1.0 0.0 0.3333333333333333 0.0 1.0 0.0 0.12244897959183673 0.0
0.1297845650638462 0.0 1.0 0.0 0.7036185440783943 0.0 1.0 0.0
0.36114595611089695 0.0 0.8333333333333334 0.0 1.0 0.0 0.6802721088435374 0.0
1.0 0.0 1.0 0.0 0.719879967431838 0.0 1.0 0.0
1.0 0.0 1.0 0.0 0.4828026980844871 0.0 1.0 0.0
0.16872951541064987 0.0 0.6666666666666666 0.0 1.0 0.0 0.14285714285714285 0.0
0.775781895800701 0.0 1.0 0.0 0.026061591726250884 0.0 1.0 0.0
0.5174293079745907 0.0 1.0 0.0 1.0 0.0 1.0 0.0
0.7954136800850242 0.0 1.0 0.0 1.0 0.0 1.0 0.0
1.0 0.0 1.0 0.0 0.05526671141306923 0.0 1.0 0.0
1.0 0.0 1.0 0.0 0.3148695081318887 0.0 1.0 0.0
1.0 0.0 0.0 0.0 0.000688851348468446 0.0 0.7414965986394558 0.0
1.0 0.0 1.0 0.0 0.7006786406941362 0.0 1.0 0.0
0.1530503795567419 0.0 1.0 0.0 0.14699811176458644 0.0 1.0 0.0
0.49214483537687187 0.0 0.3333333333333333 0.0 1.0 0.0 0.6938775510204082 0.0
0.14856521535695266 0.0 1.0 0.0 1.0 0.0 1.0 0.0
0.6960827783508945 0.0 1.0 0.0 0.29153801585505695 0.0 0.3401360544217687 0.0
0.021271665482060456 0.0 0.0 0.0 0.12772057293835265 0.0 1.0 0.0
1.0 0.0 1.0 0.0 0.4089405313247868 0.0 1.0 0.0
0.6838460561525624 0.0 1.0 0.0 0.014153085074171429 0.0 0.46938775510204084 0.0
1.0 0.0 0.8333333333333334 0.0 0.7229561109589158 0.0 0.3401360544217687 0.0
0.6738552582033052 0.0 1.0 0.0 1.0 0.0 1.0 0.0
1.0 0.0 1.0 0.0 0.23191868199579158 0.0 1.0 0.0
0.3396559368823987 0.0 1.0 0.0 0.08263656161659082 0.0 1.0 0.0
0.662973220472669 0.0 1.0 0.0 1.0 0.0 0.14965986394557823 0.0
1.0 0.0 1.0 0.0 0.18156367784826496 0.0 0.2789115646258503 0.0
0.5887307185843548 0.0 1.0 0.0 1.0 0.0 1.0 0.0
1.0 0.0 1.0 0.0 0.281960010134148 0.0 1.0 0.0
0.7777671324137224 0.0 0.5 0.0 1.0 0.0 0.7619047619047619 0.0
0.24270910156345737 0.0 0.16666666666666666 0.0 1.0 0.0 0.7210884353741497 0.0
0.6857778183787011 0.0 0.16666666666666666 0.0 0.36508738937109136 0.0 1.0 0.0
0.4366985804778382 0.0 1.0 0.0 0.022941604179129597 0.0 0.7414965986394558 0.0
1.0 0.0 1.0 0.0 0.6787898815063864 0.0 1.0 0.0
1.0 0.0 1.0 0.0 0.6322095826549525 0.0 0.32653061224489793 0.0
0.705596763017114 0.0 0.3333333333333333 0.0 1.0 0.0 0.6054421768707483 0.0
0.5216582407372335 0.0 1.0 0.0 1.0 0.0 1.0 0.0
1.0 0.0 1.0 0.0 0.522764021185195 0.0 0.43537414965986393 0.0
0.28775681631325295 0.0 0.3333333333333333 0.0 1.0 0.0 1.0 0.0
1.0 0.0 1.0 0.0 0.3510899652808327 0.0 0.2857142857142857 0.0
1.0 0.0 0.8333333333333334 0.0 0.29212476066020265 0.0 0.5034013605442177 0.0
1.0 0.0 0.0 0.0 0.1284903444580423 0.0 0.10204081632653061 0.0
0.44614126596154746 0.0 0.6666666666666666 0.0 1.0 0.0 0.19727891156462585 0.0
0.624888316514896 0.0 0.16666666666666666 0.0 1.0 0.0 1.0 0.0
0.7040214967035269 0.0 1.0 0.0 1.0 0.0 1.0 0.0
0.21408247978556771 0.0 1.0 0.0 0.5086750837376645 0.0 1.0 0.0
1.0 0.0 1.0 0.0 0.10254027544049263 0.0 0.25170068027210885 0.0
1.0 0.0 1.0 0.0 0.09999026015393665 0.0 0.7687074829931972 0.0
0.7709112703954654 0.0 1.0 0.0 1.0 0.0 1.0 0.0
0.0008511339912168319 0.0 1.0 0.0 0.49703170099202243 0.0 0.8571428571428571 0.0
1.0 0.0 0.16666666666666666 0.0 0.46391563586629164 0.0 0.6394557823129252 0.0
1.0 0.0 0.6666666666666666 0.0 0.4929521473418018 0.0 1.0 0.0
1.0 0.0 0.6666666666666666 0.0 0.21434605761339637 0.0 0.891156462585034 0.0
1.0 0.0 1.0 0.0 0.47652035024604145 0.0 1.0 0.0
0.14118574996713554 0.0 1.0 0.0 1.0 0.0 1.0 0.0
0.7853805482461516 0.0 1.0 0.0 0.5270030611365135 0.0 0.8843537414965986 0.0
1.0 0.0 1.0 0.0 0.6443078838904417 0.0 0.36054421768707484 0.0
1.0 0.0 0.16666666666666666 0.0 0.03510964388945304 0.0 1.0 0.0
1.0 0.0 0.3333333333333333 0.0 0.2395855004000399 0.0 1.0 0.0
0.08599127030634139 0.0 1.0 0.0 0.620724214934568 0.0 0.9251700680272109 0.0
1.0 0.0 0.0 0.0 0.6601252761952572 0.0 0.4421768707482993 0.0
0.32387653655308557 0.0 0.8333333333333334 0.0 0.11239870633657907 0.0 1.0 0.0
0.19322746890130188 0.0 0.6666666666666666 0.0 1.0 0.0 0.6394557823129252 0.0
1.0 0.0 0.8333333333333334 0.0 0.7385884167630107 0.0 1.0 0.0
0.04226036233353312 0.0 1.0 0.0 1.0 0.0 0.38095238095238093 0.0
0.2562381214447888 0.0 1.0 0.0 0.6722738950644875 0.0 0.23809523809523808 0.0
0.16135896241864653 0.0 0.3333333333333333 0.0 1.0 0.0 1.0 0.0
0.09194252394649888 0.0 0.8333333333333334 0.0 1.0 0.0 0.2108843537414966 0.0
0.7194221201257539 0.0 1.0 0.0 1.0 0.0 1.0 0.0
0.5860458587429509 0.0 1.0 0.0 1.0 0.0 1.0 0.0
0.5583015643486262 0.0 1.0 0.0 0.031215765250289032 0.0 1.0 0.0
0.6823354047231253 0.0 1.0 0.0 0.46898300411574706 0.0 0.46938775510204084 0.0
0.4114319326757469 0.0 1.0 0.0 0.29315847906565745 0.0 0.8231292517006803 0.0
1.0 0.0 0.8333333333333334 0.0 1.0 0.0 0.22448979591836735 0.0
0.8089493842647161 0.0 1.0 0.0 1.0 0.0 1.0 0.0
1.0 0.0 1.0 0.0 0.36291519772034636 0.0 1.0 0.0
0.754592669998418 0.0 0.3333333333333333 0.0 1.0 0.0 1.0 0.0
0.7366453289009008 0.0 1.0 0.0 1.0 0.0 1.0 0.0
1.0 0.0 0.8333333333333334 0.0 0.6301656862574891 0.0 1.0 0.0
1.0 0.0 0.5 0.0 0.6905368420711915 0.0 1.0 0.0
1.0 0.0 0.0 0.0 0.03264260856029479 0.0 1.0 0.0
0.20245402873802676 0.0 0.3333333333333333 0.0 1.0 0.0 0.564625850340136 0.0
1.0 0.0 0.6666666666666666 0.0 1.0 0.0 0.5170068027210885 0.0
0.8278592643261224 0.0 1.0 0.0 0.31015053800143655 0.0 0.17687074829931973 0.0
1.0 0.0 1.0 0.0 0.7064851779258012 0.0 1.0 0.0
0.08019375552847177 0.0 1.0 0.0 1.0 0.0 1.0 0.0
1.0 0.0 0.5 0.0 0.0816096110800018 0.0 1.0 0.0
1.0 0.0 0.0 0.0 0.719299990495558 0.0 0.12244897959183673 0.0
0.18259943450835872 0.0 1.0 0.0 0.42825308651602173 0.0 0.19047619047619047 0.0
0.3796324972761484 0.0 1.0 0.0 1.0 0.0 0.40816326530612246 0.0
0.8323355161280979 0.0 1.0 0.0 0.06848936164578093 0.0 0.10204081632653061 0.0
0.3127850574738254 0.0 1.0 0.0 1.0 0.0 0.6258503401360545 0.0
1.0 0.0 0.3333333333333333 0.0 1.0 0.0 0.19727891156462585 0.0
1.0 0.0 1.0 0.0 0.16339871781253062 0.0 0.25170068027210885 0.0
1.0 0.0 0.8333333333333334 0.0 0.6752997209578241 0.0 1.0 0.0
0.691526314968595 0.0 1.0 0.0 0.4529169661939065 0.0 0.9591836734693877 0.0
0.29124379195789785 0.0 1.0 0.0 0.3190805938422398 0.0 0.23809523809523808 0.0
1.0 0.0 1.0 0.0 1.0 0.0 0.46258503401360546 0.0
1.0 0.0 1.0 0.0 0.16174588653344166 0.0 0.4557823129251701 0.0
0.21867236465966894 0.0 0.5 0.0 0.3580320332061072 0.0 1.0 0.0
0.13344533246585993 0.0 1.0 0.0 0.25877623395169097 0.0 0.8571428571428571 0.0
0.5811150746524721 0.0 0.6666666666666666 0.0 1.0 0.0 1.0 0.0
0.7110266413851649 0.0 1.0 0.0 0.035464809877322076 0.0 1.0 0.0
0.033405895105533934 0.0 1.0 0.0 0.6921770203780532 0.0 1.0 0.0
0.1525780224726111 0.0 1.0 0.0 1.0 0.0 0.4489795918367347 0.0
0.4325320344998919 0.0 0.5 0.0 1.0 0.0 0.42857142857142855 0.0
0.6293601121179645 0.0 1.0 0.0 1.0 0.0 1.0 0.0
0.3522313301976547 0.0 1.0 0.0 1.0 0.0 0.6122448979591837 0.0
0.39999287008174894 0.0 1.0 0.0 0.3517944121532092 0.0 1.0 0.0
0.27987380044695676 0.0 0.3333333333333333 0.0 0.4734895220148475 0.0 1.0 0.0
0.7899191868328235 0.0 1.0 0.0 0.23742802150769873 0.0 1.0 0.0
0.2444938092256686 0.0 0.6666666666666666 0.0 1.0 0.0 0.6462585034013606 0.0
0.510395198000058 0.0 1.0 0.0 0.21111013353005273 0.0 0.9319727891156463 0.0
0.35484711895600174 0.0 1.0 0.0 0.13254282663279987 0.0 0.8299319727891157 0.0
1.0 0.0 0.5 0.0 0.556262323774258 0.0 1.0 0.0
0.44049971814541916 0.0 1.0 0.0 0.1224895988154464 0.0 1.0 0.0
0.5371836377288537 0.0 1.0 0.0 1.0 0.0 0.7142857142857143 0.0
0.243464427278176 0.0 0.0 0.0 1.0 0.0 1.0 0.0
0.3739998618578339 0.0 0.3333333333333333 0.0 1.0 0.0 1.0 0.0
0.7700735050009693 0.0 0.0 0.0 1.0 0.0 1.0 0.0
0.5948245705895329 0.0 0.16666666666666666 0.0 1.0 0.0 0.2108843537414966 0.0
1.0 0.0 0.6666666666666666 0.0 0.4423240743982997 0.0 0.20408163265306123 0.0
0.6498764518853064 0.0 1.0 0.0 1.0 0.0 0.14965986394557823 0.0
1.0 0.0 0.5 0.0 0.3924969640223034 0.0 0.11564625850340136 0.0
1.0 0.0 1.0 0.0 0.6419662012628843 0.0 0.4013605442176871 0.0
0.3622243562463654 0.0 0.8333333333333334 0.0 1.0 0.0 0.7755102040816326 0.0
0.7288581213111028 0.0 1.0 0.0 1.0 0.0 1.0 0.0
1.0 0.0 0.8333333333333334 0.0 0.6503610069529554 0.0 0.4965986394557823 0.0
1.0 0.0 1.0 0.0 0.40098269455931024 0.0 1.0 0.0
1.0 0.0 1.0 0.0 0.6955509501352249 0.0 1.0 0.0
0.46450303355740585 0.0 0.6666666666666666 0.0 0.6703853653957688 0.0 1.0 0.0
0.4381178798296841 0.0 1.0 0.0 0.738478659585318 0.0 0.41496598639455784 0.0
0.3443349457346378 0.0 1.0 0.0 0.7226783340802511 0.0 0.7006802721088435 0.0
0.6410977400387243 0.0 1.0 0.0 0.30935958010964537 0.0 1.0 0.0
0.10122701436901338 0.0 1.0 0.0 1.0 0.0 0.6054421768707483 0.0
0.38303257704210886 0.0 0.3333333333333333 0.0 0.13577727944030313 0.0 1.0 0.0
0.020556445557503904 0.0 1.0 0.0 0.3441434835280371 0.0 0.35374149659863946 0.0
0.013734005031048565 0.0 1.0 0.0 1.0 0.0 0.6802721088435374 0.0
0.5683413804858594 0.0 1.0 0.0 0.47958001548370693 0.0 0.3469387755102041 0.0
0.06178965404299786 0.0 0.5 0.0 0.2186401232811452 0.0 1.0 0.0
1.0 0.0 0.6666666666666666 0.0 0.2749099505621892 0.0 0.6258503401360545 0.0
0.1105738915762244 0.0 1.0 0.0 0.5074194969354795 0.0 1.0 0.0
0.8068416021817549 0.0 1.0 0.0 1.0 0.0 0.1564625850340136 0.0
0.8262572608190939 0.0 1.0 0.0 0.18891064088481352 0.0 1.0 0.0
0.48397216658162756 0.0 1.0 0.0 1.0 0.0 0.7346938775510204 0.0
0.6397363712726681 0.0 1.0 0.0 1.0 0.0 0.5034013605442177 0.0
0.8300784513817558 0.0 1.0 0.0 1.0 0.0 1.0 0.0
1.0 0.0 1.0 0.0 0.578953516805354 0.0 1.0 0.0
1.0 0.0 1.0 0.0 0.3484325468579286 0.0 1.0 0.0
1.0 0.0 0.5 0.0 0.2719397388956192 0.0 0.6462585034013606 0.0
0.0631933566986696 0.0 1.0 0.0 0.4875537420282597 0.0 1.0 0.0
0.751384206785454 0.0 0.3333333333333333 0.0 1.0 0.0 0.673469387755102 0.0
0.44898209276469264 0.0 1.0 0.0 1.0 0.0 0.1564625850340136 0.0
0.616000427795095 0.0 1.0 0.0 0.2127676728918309 0.0 0.30612244897959184 0.0
0.034742754777602254 0.0 1.0 0.0 0.41328050079875567 0.0 1.0 0.0
1.0 0.0 1.0 0.0 0.13111657183313025 0.0 1.0 0.0
1.0 0.0 0.5 0.0 0.09449533914526524 0.0 1.0 0.0
0.1019689714870113 0.0 0.8333333333333334 0.0 0.2594536093486044 0.0 1.0 0.0
0.669873644479995 0.0 1.0 0.0 0.5115599614054922 0.0 1.0 0.0
1.0 0.0 1.0 0.0 0.32991977721352717 0.0 1.0 0.0
0.05224670408388349 0.0 0.16666666666666666 0.0 1.0 0.0 1.0 0.0
0.8263040509076163 0.0 1.0 0.0 0.5295875042777345 0.0 1.0 0.0
0.3647398805293073 0.0 1.0 0.0 1.0 0.0 0.3401360544217687 0.0
0.4422443200174683 0.0 1.0 0.0 0.283544279959075 0.0 0.5510204081632653 0.0
1.0 0.0 0.8333333333333334 0.0 0.49689310680785814 0.0 0.40816326530612246 0.0
0.05001414843152939 0.0 0.16666666666666666 0.0 1.0 0.0 0.6326530612244898 0.0
1.0 0.0 1.0 0.0 0.679452544144896 0.0 1.0 0.0
0.7997807550137808 0.0 1.0 0.0 0.5739199879002275 0.0 0.5918367346938775 0.0
0.2699832669731046 0.0 0.8333333333333334 0.0 1.0 0.0 0.3877551020408163 0.0
1.0 0.0 0.16666666666666666 0.0 1.0 0.0 0.3401360544217687 0.0
0.41757480286890086 0.0 0.3333333333333333 0.0 1.0 0.0 0.7891156462585034 0.0
1.0 0.0 0.0 0.0 0.35556911744930203 0.0 1.0 0.0
1.0 0.0 1.0 0.0 0.5610519151450487 0.0 1.0 0.0
1.0 0.0 1.0 0.0 0.7228281099608023 0.0 0.8367346938775511 0.0
0.5480099729731537 0.0 0.3333333333333333 0.0 0.31941280792699883 0.0 1.0 0.0
0.5075187216056576 0.0 1.0 0.0 0.1685870249360657 0.0 0.6462585034013606 0.0
1.0 0.0 0.8333333333333334 0.0 1.0 0.0 0.8707482993197279 0.0
1.0 0.0 1.0 0.0 0.40407796467231305 0.0 1.0 0.0
1.0 0.0 0.16666666666666666 0.0 0.12831232008135568 0.0 1.0 0.0
1.0 0.0 0.8333333333333334 0.0 1.0 0.0 0.22448979591836735 0.0
0.05607680704435923 0.0 1.0 0.0 1.0 0.0 1.0 0.0
0.21855427538863625 0.0 1.0 0.0 0.047241490214103 0.0 1.0 0.0
0.2728530590691446 0.0 1.0 0.0 0.5755063175113311 0.0 1.0 0.0
0.40116262229480876 0.0 0.6666666666666666 0.0 1.0 0.0 1.0 0.0
0.25612226027320956 0.0 0.16666666666666666 0.0 1.0 0.0 0.6190476190476191 0.0
1.0 0.0 0.8333333333333334 0.0 0.14527112818314206 0.0 0.4489795918367347 0.0
1.0 0.0 1.0 0.0 0.09022098857377757 0.0 0.6190476190476191 0.0
1.0 0.0 0.6666666666666666 0.0 0.34454425906695807 0.0 0.5714285714285714 0.0
0.6675185433577013 0.0 1.0 0.0 0.200590217016129 0.0 0.16326530612244897 0.0
0.2722960342057828 0.0 0.16666666666666666 0.0 1.0 0.0 0.3741496598639456 0.0
1.0 0.0 0.8333333333333334 0.0 0.28043929942552565 0.0 0.6598639455782312 0.0
1.0 0.0 0.5 0.0 1.0 0.0 0.5918367346938775 0.0
1.0 0.0 1.0 0.0 0.2958609185292774 0.0 0.3469387755102041 0.0
1.0 0.0 0.16666666666666666 0.0 0.5504784441905349 0.0 0.3741496598639456 0.0
0.586335511671899 0.0 1.0 0.0 1.0 0.0 1.0 0.0
1.0 0.0 1.0 0.0 0.49750633457813076 0.0 1.0 0.0
0.23346917313001184 0.0 1.0 0.0 0.19724659554126914 0.0 0.5578231292517006 0.0
1.0 0.0 0.8333333333333334 0.0 0.6915431947460151 0.0 0.54421768707483 0.0
1.0 0.0 1.0 0.0 0.63239820021769 0.0 1.0 0.0
0.5504943038637473 0.0 1.0 0.0 1.0 0.0 0.8163265306122449 0.0
1.0 0.0 1.0 0.0 0.38642177182218396 0.0 1.0 0.0
0.5072335248756163 0.0 0.16666666666666666 0.0 0.31566517410636913 0.0 1.0 0.0
1.0 0.0 0.0 0.0 0.09969100264800226 0.0 1.0 0.0
0.20661834661651957 0.0 0.0 0.0 1.0 0.0 1.0 0.0
1.0 0.0 1.0 0.0 0.4440916651929387 0.0 1.0 0.0
0.8171242811594138 0.0 1.0 0.0 0.18292843331780648 0.0 1.0 0.0
0.07150639575948112 0.0 1.0 0.0 1.0 0.0 1.0 0.0
0.3140127402726748 0.0 0.3333333333333333 0.0 0.10996727588275815 0.0 1.0 0.0
1.0 0.0 1.0 0.0 0.4929821613689457 0.0 1.0 0.0
0.574477566380653 0.0 1.0 0.0 0.24196102237192618 0.0 0.7619047619047619 0.0
0.26131150390028807 0.0 1.0 0.0 1.0 0.0 1.0 0.0
1.0 0.0 1.0 0.0 0.4665324470760011 0.0 0.6258503401360545 0.0
1.0 0.0 1.0 0.0 1.0 0.0 0.17687074829931973 0.0
0.2351959502064334 0.0 0.0 0.0 0.1422820841858151 0.0 1.0 0.0
1.0 0.0 1.0 0.0 0.5297234501653861 0.0 1.0 0.0
0.620853228404703 0.0 0.3333333333333333 0.0 1.0 0.0 0.3197278911564626 0.0
0.4927687032238371 0.0 0.16666666666666666 0.0 0.5238448204175422 0.0 1.0 0.0
1.0 0.0 0.3333333333333333 0.0 0.43687270315450366 0.0 0.7074829931972789 0.0
0.8344611230066865 0.0 1.0 0.0 0.571497679356617 0.0 1.0 0.0
1.0 0.0 1.0 0.0 0.1151379276962086 0.0 1.0 0.0
1.0 0.0 1.0 0.0 0.46782746407070835 0.0 0.2789115646258503 0.0
0.8133810740776225 0.0 1.0 0.0 0.2899296171063476 0.0 0.48299319727891155 0.0
0.5797314248918815 0.0 0.0 0.0 1.0 0.0 0.36054421768707484 0.0
0.7466784607397736 0.0 1.0 0.0 0.09616965105162384 0.0 1.0 0.0
0.14517627608825948 0.0 1.0 0.0 1.0 0.0 0.08843537414965986 0.0
0.02004398268321105 0.0 1.0 0.0 0.5479334312418362 0.0 0.8503401360544217 0.0
1.0 0.0 1.0 0.0 0.6935953302881847 0.0 1.0 0.0
0.7239340215189846 0.0 0.16666666666666666 0.0 0.5679648518086835 0.0 1.0 0.0
1.0 0.0 0.3333333333333333 0.0 1.0 0.0 0.9319727891156463 0.0
0.3417770875620804 0.0 1.0 0.0 0.035602227040814075 0.0 0.9047619047619048 0.0
1.0 0.0 0.0 0.0 0.6490983580267367 0.0 0.4965986394557823 0.0
1.0 0.0 1.0 0.0 0.6961794791742376 0.0 0.4421768707482993 0.0
0.030090483118804492 0.0 0.8333333333333334 0.0 0.5220895883399624 0.0 1.0 0.0
0.18231646587777092 0.0 1.0 0.0 0.6761789554000385 0.0 0.2108843537414966 0.0
1.0 0.0 1.0 0.0 0.3712935251210051 0.0 1.0 0.0
0.3552949669461446 0.0 1.0 0.0 0.6784114693602392 0.0 1.0 0.0
0.35514568428276366 0.0 0.8333333333333334 0.0 1.0 0.0 0.3401360544217687 0.0
0.15777617849750342 0.0 0.16666666666666666 0.0 1.0 0.0 0.2108843537414966 0.0
1.0 0.0 0.8333333333333334 0.0 1.0 0.0 0.43537414965986393 0.0
1.0 0.0 1.0 0.0 0.5982284073350751 0.0 1.0 0.0
1.0 0.0 1.0 0.0 0.7006695187839258 0.0 1.0 0.0
0.0822480632245501 0.0 0.8333333333333334 0.0 1.0 0.0 0.8979591836734694 0.0
1.0 0.0 1.0 0.0 0.5522127841511812 0.0 0.7482993197278912 0.0
0.06031019600590892 0.0 1.0 0.0 1.0 0.0 1.0 0.0
0.07330224391895956 0.0 1.0 0.0 1.0 0.0 1.0 0.0
1.0 0.0 0.8333333333333334 0.0 0.6291278482796813 0.0 0.4013605442176871 0.0
0.33306967489800876 0.0 1.0 0.0 1.0 0.0 0.47619047619047616 0.0
0.0034268169594018 0.0 0.3333333333333333 0.0 1.0 0.0 0.19727891156462585 0.0
1.0 0.0 1.0 0.0 0.5566245518861609 0.0 1.0 0.0
1.0 0.0 1.0 0.0 0.24416352230498312 0.0 0.20408163265306123 0.0
0.46360510947766664 0.0 1.0 0.0 0.6738825880683649 0.0 1.0 0.0
0.6651277926441524 0.0 1.0 0.0 1.0 0.0 1.0 0.0
1.0 0.0 0.16666666666666666 0.0 0.17655810318410575 0.0 0.564625850340136 0.0
0.36869698515862953 0.0 1.0 0.0 0.6466875254346811 0.0 1.0 0.0
0.7075909120279493 0.0 1.0 0.0 1.0 0.0 0.38095238095238093 0.0
1.0 0.0 1.0 0.0 0.4550314838317084 0.0 0.891156462585034 0.0
0.21901772007495326 0.0 0.16666666666666666 0.0 0.634452395546036 0.0 1.0 0.0
0.4574444144888851 0.0 0.8333333333333334 0.0 1.0 0.0 0.21768707482993196 0.0
1.0 0.0 0.3333333333333333 0.0 1.0 0.0 0.2857142857142857 0.0
0.22586689779484997 0.0 1.0 0.0 0.4571504152970315 0.0 1.0 0.0
1.0 0.0 0.3333333333333333 0.0 0.1194058046539986 0.0 0.10884353741496598 0.0
1.0 0.0 1.0 0.0 0.5198859113862332 0.0 1.0 0.0
1.0 0.0 0.3333333333333333 0.0 0.40977680451246185 0.0 0.8367346938775511 0.0
0.7828004090790597 0.0 0.6666666666666666 0.0 1.0 0.0 1.0 0.0
0.2178635645580676 0.0 1.0 0.0 1.0 0.0 1.0 0.0
1.0 0.0 1.0 0.0 0.3368347736633385 0.0 0.6394557823129252 0.0
0.17808753311512812 0.0 0.0 0.0 1.0 0.0 1.0 0.0
0.6053501124076174 0.0 0.16666666666666666 0.0 0.17789049058515877 0.0 1.0 0.0
0.16433124708954508 0.0 1.0 0.0 0.537972599547259 0.0 0.6326530612244898 0.0
0.3754837760938297 0.0 0.3333333333333333 0.0 0.004561249360362828 0.0 1.0 0.0
1.0 0.0 1.0 0.0 0.1784345683909333 0.0 1.0 0.0
1.0 0.0 1.0 0.0 0.5372734492679079 0.0 1.0 0.0
0.28449487871340623 0.0 0.0 0.0 1.0 0.0 0.5578231292517006 0.0
1.0 0.0 1.0 0.0 0.3894990923699341 0.0 1.0 0.0
0.7216680443748287 0.0 1.0 0.0 0.06477939248666509 0.0 0.19047619047619047 0.0
0.021391982852546607 0.0 1.0 0.0 1.0 0.0 0.2108843537414966 0.0
1.0 0.0 1.0 0.0 0.7368202374580355 0.0 0.2925170068027211 0.0
0.1834438842012152 0.0 1.0 0.0 0.5787934419939201 0.0 0.8503401360544217 0.0
0.19490968398865452 0.0 1.0 0.0 1.0 0.0 1.0 0.0
0.290771434873767 0.0 1.0 0.0 0.45034811857659357 0.0 0.6938775510204082 0.0
0.42311163001071717 0.0 1.0 0.0 0.6276050777848824 0.0 1.0 0.0
0.7789502532235029 0.0 1.0 0.0 1.0 0.0 0.6462585034013606 0.0
0.2375465951298202 0.0 1.0 0.0 1.0 0.0 1.0 0.0
1.0 0.0 1.0 0.0 0.21646734312006405 0.0 1.0 0.0
0.33829456811634245 0.0 1.0 0.0 1.0 0.0 0.8299319727891157 0.0
0.005463299859852545 0.0 0.6666666666666666 0.0 0.03869720289864881 0.0 1.0 0.0
0.559685214109217 0.0 1.0 0.0 1.0 0.0 1.0 0.0
0.7869580426591921 0.0 1.0 0.0 0.3486164563379768 0.0 0.08843537414965986 0.0
0.8095465149182399 0.0 1.0 0.0 0.1752786817133066 0.0 0.5510204081632653 0.0
1.0 0.0 1.0 0.0 0.22822636814676037 0.0 0.4897959183673469 0.0
0.27123991506484885 0.0 1.0 0.0 0.5328031247544809 0.0 0.564625850340136 0.0
0.8015699188748989 0.0 0.8333333333333334 0.0 0.2581941972292345 0.0 1.0 0.0
1.0 0.0 1.0 0.0 0.5516781225107852 0.0 1.0 0.0
1.0 0.0 1.0 0.0 0.30525236647362547 0.0 0.2585034013605442 0.0
0.507714794357561 0.0 1.0 0.0 0.6286590997969345 0.0 0.782312925170068 0.0
0.4050194624487259 0.0 0.3333333333333333 0.0 0.5139581410253203 0.0 1.0 0.0
0.24192258245639053 0.0 0.5 0.0 0.6906933858206085 0.0 1.0 0.0
1.0 0.0 0.8333333333333334 0.0 0.21409329242401817 0.0 1.0 0.0
0.7280448650105946 0.0 0.6666666666666666 0.0 1.0 0.0 0.6462585034013606 0.0
1.0 0.0 0.5 0.0 0.2503008023455668 0.0 1.0 0.0
0.3964635605474886 0.0 1.0 0.0 1.0 0.0 1.0 0.0
0.5176810832128302 0.0 0.16666666666666666 0.0 1.0 0.0 1.0 0.0
0.012123089126206237 0.0 1.0 0.0 0.474819849629724 0.0 0.5510204081632653 0.0
0.02872911435274825 0.0 1.0 0.0 0.36657749754223373 0.0 1.0 0.0
0.5287458250986491 0.0 1.0 0.0 0.5859988682946236 0.0 0.7959183673469388 0.0
0.5456526437514065 0.0 1.0 0.0 0.5858529177312574 0.0 1.0 0.0
1.0 0.0 1.0 0.0 0.0855343865118139 0.0 0.6938775510204082 0.0
1.0 0.0 0.8333333333333334 0.0 0.05448399266598419 0.0 0.32653061224489793 0.0
0.37572663893425545 0.0 0.0 0.0 0.7047122905381368 0.0 1.0 0.0
1.0 0.0 1.0 0.0 0.0258688545911604 0.0 0.17687074829931973 0.0
0.4491692531187822 0.0 1.0 0.0 1.0 0.0 1.0 0.0
0.7526787325679068 0.0 0.0 0.0 0.5330644233437333 0.0 1.0 0.0
0.5967050865282423 0.0 1.0 0.0 0.0940863244616381 0.0 1.0 0.0
0.33661903732735016 0.0 0.8333333333333334 0.0 1.0 0.0 0.3877551020408163 0.0
1.0 0.0 0.5 0.0 1.0 0.0 0.3333333333333333 0.0
0.7327662077524493 0.0 1.0 0.0 1.0 0.0 1.0 0.0
0.5930287224300543 0.0 1.0 0.0 0.06629980894011937 0.0 0.7891156462585034 0.0
0.5502826344156698 0.0 0.3333333333333333 0.0 1.0 0.0 0.46938775510204084 0.0
0.2997439913727989 0.0 1.0 0.0 0.742452869885367 0.0 0.8843537414965986 0.0
0.45111215584218817 0.0 0.3333333333333333 0.0 1.0 0.0 0.8027210884353742 0.0
0.6297032394337954 0.0 0.6666666666666666 0.0 1.0 0.0 0.6054421768707483 0.0
1.0 0.0 0.16666666666666666 0.0 0.559163679731498 0.0 0.891156462585034 0.0
0.29645977277841773 0.0 1.0 0.0 0.6822606212138556 0.0 0.8775510204081632 0.0
1.0 0.0 1.0 0.0 0.599762653781429 0.0 0.32653061224489793 0.0
0.3086563891865877 0.0 0.0 0.0 1.0 0.0 1.0 0.0
0.1714968149318313 0.0 0.16666666666666666 0.0 1.0 0.0 0.29931972789115646 0.0
1.0 0.0 0.5 0.0 0.596150965848451 0.0 1.0 0.0
0.5612849895167921 0.0 1.0 0.0 0.48436784132348915 0.0 0.4557823129251701 0.0
0.5303857062963863 0.0 1.0 0.0 1.0 0.0 1.0 0.0
1.0 0.0 0.0 0.0 1.0 0.0 0.24489795918367346 0.0
0.35554228598547727 0.0 1.0 0.0 1.0 0.0 0.673469387755102 0.0
1.0 0.0 1.0 0.0 0.5719211125434799 0.0 1.0 0.0
0.15438723922881023 0.0 0.16666666666666666 0.0 0.30140733419236226 0.0 1.0 0.0
1.0 0.0 0.8333333333333334 0.0 1.0 0.0 0.2108843537414966 0.0
1.0 0.0 1.0 0.0 0.5393800220161716 0.0 1.0 0.0
0.2605027037986868 0.0 0.6666666666666666 0.0 0.2713350445252208 0.0 1.0 0.0
1.0 0.0 1.0 0.0 0.2570139397500773 0.0 1.0 0.0
0.12704623083555958 0.0 0.0 0.0 1.0 0.0 1.0 0.0
0.4453636592522944 0.0 1.0 0.0 1.0 0.0 0.5238095238095238 0.0
1.0 0.0 0.5 0.0 1.0 0.0 0.10204081632653061 0.0
1.0 0.0 1.0 0.0 0.40044450185689723 0.0 1.0 0.0
1.0 0.0 0.0 0.0 1.0 0.0 0.19727891156462585 0.0
0.1485897244509406 0.0 1.0 0.0 1.0 0.0 0.5102040816326531 0.0
1.0 0.0 1.0 0.0 0.49781088867709056 0.0 1.0 0.0
0.6901270685118301 0.0 0.0 0.0 1.0 0.0 0.5306122448979592 0.0
0.053476614982186345 0.0 1.0 0.0 1.0 0.0 1.0 0.0
0.7680236535037978 0.0 0.16666666666666666 0.0 0.41960492712623637 0.0 1.0 0.0
1.0 0.0 1.0 0.0 0.4624061068540562 0.0 0.3197278911564626 0.0
0.6643279049403649 0.0 1.0 0.0 1.0 0.0 1.0 0.0
0.3699603175487341 0.0 1.0 0.0 1.0 0.0 1.0 0.0
0.6102630717024685 0.0 1.0 0.0 0.10343893072380003 0.0 0.7210884353741497 0.0
0.3706443440809424 0.0 1.0 0.0 0.4273691439911182 0.0 0.43537414965986393 0.0
0.009086189571157699 0.0 0.16666666666666666 0.0 1.0 0.0 1.0 0.0
0.33144984659535265 0.0 1.0 0.0 0.3525156315701662 0.0 0.9319727891156463 0.0
0.7564219396496982 0.0 1.0 0.0 1.0 0.0 0.09523809523809523 0.0
0.5350491184524513 0.0 1.0 0.0 1.0 0.0 1.0 0.0
1.0 0.0 0.8333333333333334 0.0 1.0 0.0 0.17006802721088435 0.0
0.431959412940356 0.0 1.0 0.0 1.0 0.0 1.0 0.0
1.0 0.0 1.0 0.0 0.7340345237818499 0.0 1.0 0.0
0.18052730201665282 0.0 0.5 0.0 1.0 0.0 0.6394557823129252 0.0
1.0 0.0 1.0 0.0 0.44802821083147387 0.0 0.5034013605442177 0.0
0.4250367079384955 0.0 1.0 0.0 0.4017512890583276 0.0 1.0 0.0
1.0 0.0 1.0 0.0 0.08161637894886757 0.0 1.0 0.0
0.5353610523759339 0.0 0.16666666666666666 0.0 1.0 0.0 0.3197278911564626 0.0
0.44117037608090676 0.0 1.0 0.0 0.4179709281779043 0.0 0.564625850340136 0.0
1.0 0.0 1.0 0.0 0.27396186041064485 0.0 0.6394557823129252 0.0
0.6375327809132089 0.0 0.3333333333333333 0.0 1.0 0.0 0.7210884353741497 0.0
0.16060809290283481 0.0 0.5 0.0 1.0 0.0 0.272108843537415 0.0
0.495917007751558 0.0 1.0 0.0 0.06262191359432394 0.0 1.0 0.0
1.0 0.0 0.5 0.0 0.32472117115910937 0.0 0.7619047619047619 0.0
0.04142482503849042 0.0 1.0 0.0 1.0 0.0 0.8435374149659864 0.0
1.0 0.0 1.0 0.0 0.2997527373822648 0.0 0.17687074829931973 0.0
0.0705616815912195 0.0 1.0 0.0 0.12368810011502435 0.0 1.0 0.0
0.6957908973224929 0.0 0.6666666666666666 0.0 1.0 0.0 1.0 0.0
1.0 0.0 1.0 0.0 0.36336305408615965 0.0 0.7278911564625851 0.0
0.5341177728809103 0.0 0.16666666666666666 0.0 1.0 0.0 0.6802721088435374 0.0
1.0 0.0 0.3333333333333333 0.0 0.1086737301638913 0.0 0.8027210884353742 0.0
0.25438879889842764 0.0 1.0 0.0 0.17903955701649976 0.0 1.0 0.0
0.5760038145062643 0.0 0.6666666666666666 0.0 1.0 0.0 0.6462585034013606 0.0
1.0 0.0 1.0 0.0 0.29966916891453094 0.0 0.7142857142857143 0.0
0.21780340587282454 0.0 0.3333333333333333 0.0 0.1383287660026995 0.0 1.0 0.0
1.0 0.0 1.0 0.0 0.39260848673100457 0.0 1.0 0.0
0.7838030538331109 0.0 1.0 0.0 0.057606334254450095 0.0 1.0 0.0
1.0 0.0 1.0 0.0 0.13242865562758596 0.0 0.48299319727891155 0.0
0.15773384460788792 0.0 0.0 0.0 0.720998137070531 0.0 1.0 0.0
1.0 0.0 0.16666666666666666 0.0 0.26030753784636407 0.0 1.0 0.0
0.4749505918946198 0.0 1.0 0.0 1.0 0.0 0.1360544217687075 0.0
1.0 0.0 1.0 0.0 0.2484917215722289 0.0 1.0 0.0
0.08281845668463257 0.0 1.0 0.0 1.0 0.0 0.6190476190476191 0.0
1.0 0.0 1.0 0.0 0.06620417601049432 0.0 1.0 0.0
1.0 0.0 0.8333333333333334 0.0 0.6317331835378358 0.0 1.0 0.0
1.0 0.0 1.0 0.0 0.12499577008195889 0.0 1.0 0.0
1.0 0.0 1.0 0.0 0.19725306915496685 0.0 1.0 0.0
1.0 0.0 0.8333333333333334 0.0 0.07447863133682182 0.0 0.23129251700680273 0.0
1.0 0.0 0.5 0.0 0.24824719552755686 0.0 1.0 0.0
0.47233703123572623 0.0 1.0 0.0 0.2586638284774855 0.0 0.564625850340136 0.0
0.6799468821090299 0.0 1.0 0.0 1.0 0.0 0.6258503401360545 0.0
0.423604039989929 0.0 0.8333333333333334 0.0 1.0 0.0 0.12244897959183673 0.0
0.18836352779442664 0.0 0.6666666666666666 0.0 1.0 0.0 1.0 0.0
1.0 0.0 1.0 0.0 0.32751512398000127 0.0 0.36054421768707484 0.0
1.0 0.0 0.6666666666666666 0.0 0.5509012888670617 0.0 0.16326530612244897 0.0
0.3461530748886507 0.0 1.0 0.0 1.0 0.0 1.0 0.0
0.823088903396292 0.0 1.0 0.0 0.4959041151879511 0.0 0.6870748299319728 0.0
1.0 0.0 0.3333333333333333 0.0 0.15106324691157133 0.0 0.7278911564625851 0.0
0.3204430352953234 0.0 0.16666666666666666 0.0 1.0 0.0 0.2653061224489796 0.0
1.0 0.0 1.0 0.0 0.06003541066692639 0.0 0.29931972789115646 0.0
0.4496928564903423 0.0 1.0 0.0 0.04838055196972938 0.0 1.0 0.0
0.4100237738211683 0.0 1.0 0.0 0.41935157342652196 0.0 1.0 0.0
1.0 0.0 1.0 0.0 1.0 0.0 0.6326530612244898 0.0
0.6055907471485897 0.0 1.0 0.0 0.618037076739688 0.0 0.22448979591836735 0.0
1.0 0.0 0.5 0.0 0.4949939839530887 0.0 0.09523809523809523 0.0
0.4375051524799861 0.0 0.16666666666666666 0.0 1.0 0.0 0.6462585034013606 0.0
1.0 0.0 1.0 0.0 0.4034770956190996 0.0 0.6530612244897959 0.0
1.0 0.0 1.0 0.0 0.7081653749355213 0.0 1.0 0.0
0.6031353815508909 0.0 0.16666666666666666 0.0 0.11658007227495439 0.0 1.0 0.0
1.0 0.0 0.16666666666666666 0.0 0.5935338603835734 0.0 0.24489795918367346 0.0
0.7525339061034328 0.0 1.0 0.0 0.7196701634969991 0.0 0.8027210884353742 0.0
1.0 0.0 1.0 0.0 0.07148546776714176 0.0 0.6598639455782312 0.0
1.0 0.0 1.0 0.0 0.5986597854114761 0.0 1.0 0.0
1.0 0.0 0.8333333333333334 0.0 0.12244192947821791 0.0 0.6666666666666666 0.0
1.0 0.0 0.0 0.0 1.0 0.0 0.6326530612244898 0.0
0.5151856118249695 0.0 0.0 0.0 1.0 0.0 0.9591836734693877 0.0
0.01170643452841161 0.0 0.3333333333333333 0.0 1.0 0.0 0.2925170068027211 0.0
0.3722262946928899 0.0 0.5 0.0 0.007040054896244157 0.0 1.0 0.0
1.0 0.0 1.0 0.0 0.31062987967023414 0.0 1.0 0.0
0.041562967204604145 0.0 0.3333333333333333 0.0 0.5334569597379482 0.0 1.0 0.0
0.6603173259241599 0.0 0.3333333333333333 0.0 1.0 0.0 1.0 0.0
0.4469032759746264 0.0 0.0 0.0 1.0 0.0 0.3401360544217687 0.0
1.0 0.0 1.0 0.0 0.3934665348011173 0.0 1.0 0.0
0.31160193666404495 0.0 1.0 0.0 0.6573216129538187 0.0 1.0 0.0
0.5500999302604871 0.0 0.8333333333333334 0.0 0.03340914327313559 0.0 1.0 0.0
1.0 0.0 0.5 0.0 0.569359915560537 0.0 0.3333333333333333 0.0
0.5520940792713224 0.0 0.16666666666666666 0.0 1.0 0.0 1.0 0.0
0.3404892460779879 0.0 0.0 0.0 1.0 0.0 0.3673469387755102 0.0
1.0 0.0 0.5 0.0 0.47820231278677006 0.0 0.12244897959183673 0.0
0.3423697620166974 0.0 0.16666666666666666 0.0 0.016181385947726747 0.0 1.0 0.0
0.8325761508690702 0.0 1.0 0.0 0.39136349311487045 0.0 0.673469387755102 0.0
1.0 0.0 0.5 0.0 0.6551541293857629 0.0 1.0 0.0
0.24231918415910414 0.0 0.3333333333333333 0.0 1.0 0.0 0.30612244897959184 0.0
1.0 0.0 1.0 0.0 0.47016002478805535 0.0 1.0 0.0
1.0 0.0 0.3333333333333333 0.0 1.0 0.0 0.8435374149659864 0.0
0.28479344404016815 0.0 1.0 0.0 0.3409166813549038 0.0 1.0 0.0
1.0 0.0 0.16666666666666666 0.0 0.5654504413974649 0.0 0.43537414965986393 0.0
1.0 0.0 0.8333333333333334 0.0 0.5712213737537926 0.0 0.9251700680272109 0.0
0.40250616626523744 0.0 1.0 0.0 0.5912377873070679 0.0 1.0 0.0
0.14119466236494932 0.0 0.16666666666666666 0.0 0.1892549194314637 0.0 1.0 0.0
0.444474647570369 0.0 1.0 0.0 0.4979212343651195 0.0 0.2108843537414966 0.0
1.0 0.0 0.6666666666666666 0.0 0.4184108396541796 0.0 0.8979591836734694 0.0
0.6797797746500213 0.0 1.0 0.0 1.0 0.0 0.9591836734693877 0.0
1.0 0.0 0.3333333333333333 0.0 0.45665518384915776 0.0 0.3877551020408163 0.0
1.0 0.0 0.5 0.0 1.0 0.0 0.6666666666666666 0.0
0.44209503735408734 0.0 0.0 0.0 1.0 0.0 0.4557823129251701 0.0
0.048588164781323176 0.0 1.0 0.0 1.0 0.0 1.0 0.0
1.0 0.0 0.0 0.0 1.0 0.0 0.3401360544217687 0.0
1.0 0.0 1.0 0.0 0.6001913835613173 0.0 0.7482993197278912 0.0
1.0 0.0 1.0 0.0 0.2659866625902517 0.0 0.891156462585034 0.0
0.05071822785881871 0.0 0.16666666666666666 0.0 0.018311204854268657 0.0 1.0 0.0
1.0 0.0 1.0 0.0 0.16100789457190434 0.0 1.0 0.0
0.6468217275346302 0.0 1.0 0.0 0.14092998168850088 0.0 0.8843537414965986 0.0
0.7434811380240769 0.0 1.0 0.0 0.7307894777882957 0.0 0.23809523809523808 0.0
1.0 0.0 0.0 0.0 0.7264606900107138 0.0 0.21768707482993196 0.0
1.0 0.0 0.3333333333333333 0.0 0.5536940646672812 0.0 0.8707482993197279 0.0
0.17909240596863282 0.0 1.0 0.0 1.0 0.0 0.4897959183673469 0.0
0.5154596680577435 0.0 1.0 0.0 1.0 0.0 1.0 0.0
1.0 0.0 1.0 0.0 0.7073679434300324 0.0 1.0 0.0
0.6561686047418412 0.0 0.3333333333333333 0.0 1.0 0.0 1.0 0.0
1.0 0.0 1.0 0.0 1.0 0.0 0.8707482993197279 0.0
0.4575045731741282 0.0 1.0 0.0 0.5444988849200406 0.0 0.48299319727891155 0.0
0.5018838580878896 0.0 0.6666666666666666 0.0 1.0 0.0 0.7074829931972789 0.0
1.0 0.0 0.16666666666666666 0.0 0.16860409173581417 0.0 1.0 0.0
0.2731828177882548 0.0 1.0 0.0 1.0 0.0 1.0 0.0
0.498363460951443 0.0 1.0 0.0 0.31936778688628303 0.0 0.1360544217687075 0.0
0.3414696098375047 0.0 1.0 0.0 1.0 0.0 1.0 0.0
0.35728688785752644 0.0 1.0 0.0 0.7343373123498012 0.0 0.7619047619047619 0.0
0.8129510508831073 0.0 0.3333333333333333 0.0 1.0 0.0 0.272108843537415 0.0
0.6223460550385127 0.0 0.5 0.0 1.0 0.0 0.3741496598639456 0.0
0.056065666547092 0.0 0.16666666666666666 0.0 1.0 0.0 0.3333333333333333 0.0
1.0 0.0 1.0 0.0 0.671298439182312 0.0 0.7210884353741497 0.0
0.36735566928765434 0.0 1.0 0.0 1.0 0.0 0.19727891156462585 0.0
0.06194339290528572 0.0 1.0 0.0 1.0 0.0 0.3333333333333333 0.0
0.26080349722490215 0.0 1.0 0.0 1.0 0.0 0.7142857142857143 0.0
1.0 0.0 1.0 0.0 1.0 0.0 0.5714285714285714 0.0
0.7745297039078636 0.0 1.0 0.0 1.0 0.0 0.6666666666666666 0.0
0.7515557704433695 0.0 0.8333333333333334 0.0 1.0 0.0 1.0 0.0
0.774346999752681 0.0 0.5 0.0 0.5369056303078115 0.0 1.0 0.0
0.1824100460548157 0.0 1.0 0.0 0.6019672135006625 0.0 0.6054421768707483 0.0
1.0 0.0 1.0 0.0 0.19110960975585353 0.0 0.6870748299319728 0.0
1.0 0.0 0.3333333333333333 0.0 0.14187159822634754 0.0 1.0 0.0
0.43795077237067553 0.0 0.6666666666666666 0.0 1.0 0.0 0.8639455782312925 0.0
0.5946329540365364 0.0 1.0 0.0 0.2902765439495105 0.0 0.8503401360544217 0.0
1.0 0.0 1.0 0.0 0.6092311965798133 0.0 0.9387755102040817 0.0
1.0 0.0 0.3333333333333333 0.0 1.0 0.0 0.19047619047619047 0.0
1.0 0.0 1.0 0.0 0.04726620764822148 0.0 1.0 0.0
1.0 0.0 0.0 0.0 0.10105193280035876 0.0 1.0 0.0
0.24630302598186773 0.0 0.16666666666666666 0.0 1.0 0.0 1.0 0.0
0.4967079830575318 0.0 1.0 0.0 1.0 0.0 0.8639455782312925 0.0
0.5649413007198989 0.0 1.0 0.0 0.5946364344983582 0.0 0.17687074829931973 0.0
0.17126286448921935 0.0 1.0 0.0 1.0 0.0 1.0 0.0
1.0 0.0 0.16666666666666666 0.0 0.1813515198720814 0.0 1.0 0.0
1.0 0.0 0.3333333333333333 0.0 0.45714217615232533 0.0 1.0 0.0
1.0 0.0 1.0 0.0 0.05075666245195181 0.0 0.35374149659863946 0.0
1.0 0.0 1.0 0.0 0.11803486982592747 0.0 0.5374149659863946 0.0
0.26694859551750955 0.0 0.8333333333333334 0.0 0.32793208355316644 0.0 1.0 0.0
0.32219877766463983 0.0 1.0 0.0 1.0 0.0 1.0 0.0
0.8409560329134851 0.0 1.0 0.0 1.0 0.0 1.0 0.0
0.25316780039793857 0.0 1.0 0.0 1.0 0.0 0.8707482993197279 0.0
1.0 0.0 0.8333333333333334 0.0 0.35588102792746373 0.0 1.0 0.0
0.48371593514448114 0.0 1.0 0.0 1.0 0.0 0.5986394557823129 0.0
0.6016269582209072 0.0 1.0 0.0 1.0 0.0 1.0 0.0
0.8100990835826948 0.0 0.3333333333333333 0.0 0.15433301033924385 0.0 1.0 0.0
1.0 0.0 0.0 0.0 0.12216680089606584 0.0 1.0 0.0
0.08923315501110708 0.0 1.0 0.0 0.32216762481053646 0.0 0.6530612244897959 0.0
1.0 0.0 0.5 0.0 0.4866547924897842 0.0 0.6190476190476191 0.0
0.1674661830205453 0.0 1.0 0.0 1.0 0.0 0.10884353741496598 0.0
1.0 0.0 0.3333333333333333 0.0 0.6656822850443928 0.0 1.0 0.0
0.10288249226292465 0.0 1.0 0.0 1.0 0.0 1.0 0.0
0.2752594064788676 0.0 0.3333333333333333 0.0 1.0 0.0 1.0 0.0
0.43291526760588483 0.0 0.16666666666666666 0.0 0.3861572364260827 0.0 1.0 0.0
1.0 0.0 0.16666666666666666 0.0 0.26100492259470676 0.0 0.10204081632653061 0.0
0.31219683921811536 0.0 1.0 0.0 0.15448661153698007 0.0 1.0 0.0
1.0 0.0 1.0 0.0 0.24419383058729507 0.0 1.0 0.0
1.0 0.0 1.0 0.0 0.29287805389048 0.0 0.17006802721088435 0.0
0.7636476661772275 0.0 0.3333333333333333 0.0 1.0 0.0 1.0 0.0
1.0 0.0 0.5 0.0 0.009751322014906378 0.0 0.9387755102040817 0.0
0.023096478934433718 0.0 0.3333333333333333 0.0 1.0 0.0 1.0 0.0
1.0 0.0 1.0 0.0 0.19252644839014468 0.0 1.0 0.0
1.0 0.0 0.6666666666666666 0.0 0.2152829660685538 0.0 1.0 0.0
0.4184214806612108 0.0 0.16666666666666666 0.0 1.0 0.0 0.7619047619047619 0.0
0.7047010670368282 0.0 0.0 0.0 1.0 0.0 0.54421768707483 0.0
0.8205087642292002 0.0 1.0 0.0 1.0 0.0 1.0 0.0
0.45939845770955834 0.0 1.0 0.0 1.0 0.0 1.0 0.0
1.0 0.0 0.0 0.0 0.18604871512009583 0.0 1.0 0.0
1.0 0.0 0.3333333333333333 0.0 1.0 0.0 0.7278911564625851 0.0
0.5485981912288637 0.0 1.0 0.0 0.2920567877163769 0.0 1.0 0.0
0.6310289586085964 0.0 1.0 0.0 1.0 0.0 1.0 0.0
0.7044626603953094 0.0 0.6666666666666666 0.0 1.0 0.0 1.0 0.0
0.0920806661126126 0.0 0.3333333333333333 0.0 1.0 0.0 0.3129251700680272 0.0
0.2643706844498711 0.0 0.6666666666666666 0.0 0.47536245615965816 0.0 1.0 0.0
0.43862143030616313 0.0 1.0 0.0 1.0 0.0 0.8095238095238095 0.0
1.0 0.0 0.16666666666666666 0.0 0.13182101870550678 0.0 0.6122448979591837 0.0
1.0 0.0 0.16666666666666666 0.0 0.40130578673385886 0.0 1.0 0.0
0.5443469774716865 0.0 1.0 0.0 0.34722462939297216 0.0 0.16326530612244897 0.0
0.5163041177505999 0.0 1.0 0.0 1.0 0.0 1.0 0.0
0.012891783437645523 0.0 0.5 0.0 1.0 0.0 1.0 0.0
1.0 0.0 1.0 0.0 0.10178227412752607 0.0 0.10884353741496598 0.0
1.0 0.0 0.8333333333333334 0.0 0.27227754382857167 0.0 1.0 0.0
0.4327281072517953 0.0 0.3333333333333333 0.0 0.4630917213956758 0.0 1.0 0.0
1.0 0.0 1.0 0.0 0.4347178725586752 0.0 1.0 0.0
1.0 0.0 1.0 0.0 0.13534207604671714 0.0 1.0 0.0
0.28990470418637604 0.0 1.0 0.0 0.08963983461682533 0.0 0.5782312925170068 0.0
1.0 0.0 1.0 0.0 0.06718757678220792 0.0 1.0 0.0
0.016900134354397044 0.0 0.3333333333333333 0.0 0.5099077186367393 0.0 1.0 0.0
0.042492084676691626 0.0 1.0 0.0 0.5772444827891623 0.0 0.6394557823129252 0.0
0.46704083883488223 0.0 1.0 0.0 1.0 0.0 0.7142857142857143 0.0
1.0 0.0 1.0 0.0 0.6541783792484194 0.0 1.0 0.0
0.035059144899991755 0.0 1.0 0.0 0.5436764417252651 0.0 0.41496598639455784 0.0
0.5735996951959947 0.0 0.16666666666666666 0.0 1.0 0.0 1.0 0.0
1.0 0.0 1.0 0.0 0.609283279744563 0.0 1.0 0.0
0.60298609888751 0.0 1.0 0.0 0.23703519085831584 0.0 0.7687074829931972 0.0
0.6853945852727082 0.0 1.0 0.0 0.5977531852386306 0.0 1.0 0.0
0.056616007112093455 0.0 1.0 0.0 1.0 0.0 1.0 0.0
1.0 0.0 0.6666666666666666 0.0 0.35288874712328794 0.0 0.3401360544217687 0.0
1.0 0.0 0.5 0.0 0.19807610086007843 0.0 1.0 0.0
0.7593897681216899 0.0 0.3333333333333333 0.0 1.0 0.0 0.6122448979591837 0.0
0.8367649778415509 0.0 0.3333333333333333 0.0 0.05030880608613849 0.0 1.0 0.0
1.0 0.0 1.0 0.0 0.6306871064153218 0.0 1.0 0.0
0.49489431010242574 0.0 0.8333333333333334 0.0 0.5283675223508869 0.0 1.0 0.0
0.3686323702744796 0.0 1.0 0.0 1.0 0.0 0.782312925170068 0.0
1.0 0.0 1.0 0.0 0.4432789324187098 0.0 1.0 0.0
0.7770652810858866 0.0 0.0 0.0 1.0 0.0 0.21768707482993196 0.0
0.8396436823354048 0.0 1.0 0.0 1.0 0.0 1.0 0.0
1.0 0.0 0.6666666666666666 0.0 0.19647623551124335 0.0 0.24489795918367346 0.0
0.6219271723412646 0.0 1.0 0.0 0.6344729934078015 0.0 1.0 0.0
0.49116669971680854 0.0 0.3333333333333333 0.0 0.7173287751246097 0.0 1.0 0.0
0.06508055693573939 0.0 0.16666666666666666 0.0 0.6243726847635557 0.0 1.0 0.0
0.022947196271052756 0.0 0.6666666666666666 0.0 0.5944993115900343 0.0 1.0 0.0
1.0 0.0 1.0 0.0 0.1507410375025269 0.0 1.0 0.0
1.0 0.0 1.0 0.0 0.38171986849148026 0.0 1.0 0.0
0.050958862599791 0.0 0.3333333333333333 0.0 0.6450979590167287 0.0 1.0 0.0
0.07682709725431304 0.0 1.0 0.0 1.0 0.0 0.3741496598639456 0.0
1.0 0.0 1.0 0.0 0.29270797440333146 0.0 0.1360544217687075 0.0
0.41684398624817015 0.0 0.6666666666666666 0.0 1.0 0.0 0.3401360544217687 0.0
1.0 0.0 0.0 0.0 0.41663677524584286 0.0 0.08843537414965986 0.0
1.0 0.0 0.6666666666666666 0.0 0.23471116354084307 0.0 1.0 0.0
0.0372137170714752 0.0 1.0 0.0 1.0 0.0 0.7210884353741497 0.0
1.0 0.0 1.0 0.0 0.4597227939763613 0.0 0.1564625850340136 0.0
0.21406465498994012 0.0 1.0 0.0 1.0 0.0 1.0 0.0
0.4167637746678461 0.0 1.0 0.0 0.7271304147732572 0.0 1.0 0.0
0.010407452547051891 0.0 1.0 0.0 1.0 0.0 1.0 0.0
1.0 0.0 1.0 0.0 0.08473283543397193 0.0 1.0 0.0
0.17970290521887736 0.0 1.0 0.0 1.0 0.0 0.4489795918367347 0.0
1.0 0.0 1.0 0.0 0.5524593699820298 0.0 1.0 0.0
0.45369229500928004 0.0 0.5 0.0 0.28632557980773954 0.0 1.0 0.0
0.16967422957891148 0.0 0.8333333333333334 0.0 1.0 0.0 0.23809523809523808 0.0
0.18314309077499982 0.0 1.0 0.0 0.1261539584235103 0.0 1.0 0.0
0.8027240743917845 0.0 1.0 0.0 0.15100527864346014 0.0 1.0 0.0
1.0 0.0 1.0 0.0 0.1065965829324352 0.0 1.0 0.0
1.0 0.0 1.0 0.0 1.0 0.0 0.19727891156462585 0.0
0.7251305109254856 0.0 1.0 0.0 0.5834370828013445 0.0 1.0 0.0
1.0 0.0 1.0 0.0 0.6791565234458105 0.0 1.0 0.0
0.14585584642156088 0.0 1.0 0.0 1.0 0.0 1.0 0.0
0.5133028677868066 0.0 0.6666666666666666 0.0 1.0 0.0 0.7482993197278912 0.0
0.2770619389367064 0.0 1.0 0.0 1.0 0.0 0.9319727891156463 0.0
0.025032697359479338 0.0 0.0 0.0 1.0 0.0 0.3197278911564626 0.0
0.522926029326245 0.0 1.0 0.0 0.13604358036741288 0.0 1.0 0.0
0.2009366930102292 0.0 1.0 0.0 0.006632217233289323 0.0 0.5918367346938775 0.0
0.8197066484259592 0.0 0.16666666666666666 0.0 0.6271592812052457 0.0 1.0 0.0
1.0 0.0 0.16666666666666666 0.0 0.4069566629816111 0.0 1.0 0.0
0.351186351553988 0.0 0.6666666666666666 0.0 0.003529296485916506 0.0 1.0 0.0
0.7841105315576866 0.0 0.16666666666666666 0.0 1.0 0.0 1.0 0.0
0.4714769848466956 0.0 0.8333333333333334 0.0 1.0 0.0 1.0 0.0
0.6061254910174171 0.0 0.5 0.0 1.0 0.0 1.0 0.0
1.0 0.0 1.0 0.0 1.0 0.0 0.1292517006802721 0.0
0.16278494606885274 0.0 1.0 0.0 0.6550481975252552 0.0 1.0 0.0
1.0 0.0 1.0 0.0 0.5541948869633485 0.0 0.30612244897959184 0.0
0.5912440147678432 0.0 0.16666666666666666 0.0 1.0 0.0 1.0 0.0
1.0 0.0 1.0 0.0 0.09551728734399695 0.0 1.0 0.0
1.0 0.0 0.16666666666666666 0.0 0.6698050942043208 0.0 0.4013605442176871 0.0
1.0 0.0 1.0 0.0 0.338394031798979 0.0 1.0 0.0
0.3337648419274843 0.0 1.0 0.0 1.0 0.0 1.0 0.0
0.4334455552758053 0.0 0.16666666666666666 0.0 1.0 0.0 0.3741496598639456 0.0
0.7924614483092067 0.0 1.0 0.0 0.5405420356749081 0.0 0.9183673469387755 0.0
1.0 0.0 0.0 0.0 0.44568535118324415 0.0 0.8435374149659864 0.0
0.7104829851185237 0.0 1.0 0.0 1.0 0.0 1.0 0.0
0.5247552989775252 0.0 1.0 0.0 1.0 0.0 0.24489795918367346 0.0
0.6436221767194801 0.0 1.0 0.0 0.07060152524223821 0.0 1.0 0.0
0.3715600929563092 0.0 1.0 0.0 0.07377447871961337 0.0 1.0 0.0
1.0 0.0 0.8333333333333334 0.0 0.5919651860825544 0.0 0.8367346938775511 0.0
0.598971063672398 0.0 0.0 0.0 1.0 0.0 0.4557823129251701 0.0
1.0 0.0 0.0 0.0 0.5488774018210275 0.0 0.4557823129251701 0.0
1.0 0.0 0.6666666666666666 0.0 0.22197697688713933 0.0 1.0 0.0
0.023642363300528282 0.0 1.0 0.0 0.07753770806415115 0.0 0.8707482993197279 0.0
0.47646124332405704 0.0 0.5 0.0 1.0 0.0 0.3877551020408163 0.0
0.6966264346175356 0.0 0.6666666666666666 0.0 1.0 0.0 1.0 0.0
0.7699286785364952 0.0 0.16666666666666666 0.0 0.6234145899362967 0.0 1.0 0.0
0.3825691323557918 0.0 1.0 0.0 1.0 0.0 1.0 0.0
0.6431208543424545 0.0 0.0 0.0 0.2073845688470288 0.0 1.0 0.0
0.03343708849788219 0.0 1.0 0.0 0.12734716313006283 0.0 1.0 0.0
0.29390859890422066 0.0 0.16666666666666666 0.0 0.37224779463107904 0.0 1.0 0.0
1.0 0.0 0.16666666666666666 0.0 0.4923118480960661 0.0 1.0 0.0
0.2517061671564772 0.0 1.0 0.0 0.11332737564703033 0.0 1.0 0.0
0.5804733820098794 0.0 1.0 0.0 1.0 0.0 1.0 0.0
1.0 0.0 0.0 0.0 0.028345600340865185 0.0 1.0 0.0
1.0 0.0 0.5 0.0 0.4334867089354407 0.0 0.5374149659863946 0.0
1.0 0.0 1.0 0.0 0.3089134892748405 0.0 0.9591836734693877 0.0
0.7093043205076501 0.0 0.5 0.0 1.0 0.0 1.0 0.0
0.301597770118067 0.0 1.0 0.0 0.3973921929984337 0.0 1.0 0.0
0.34673906504490737 0.0 0.3333333333333333 0.0 0.17590161990412578 0.0 1.0 0.0
1.0 0.0 1.0 0.0 0.4282566175780387 0.0 1.0 0.0
0.6149732739470559 0.0 1.0 0.0 1.0 0.0 0.891156462585034 0.0
0.3590470864257497 0.0 0.5 0.0 1.0 0.0 1.0 0.0
0.12500974793510883 0.0 1.0 0.0 1.0 0.0 1.0 0.0
0.04519699741317654 0.0 1.0 0.0 1.0 0.0 1.0 0.0
0.8307580217150573 0.0 1.0 0.0 1.0 0.0 0.6530612244897959 0.0
0.6827320064258389 0.0 0.3333333333333333 0.0 1.0 0.0 1.0 0.0
0.30288115540325256 0.0 0.16666666666666666 0.0 1.0 0.0 0.20408163265306123 0.0
1.0 0.0 0.0 0.0 0.7276621338619725 0.0 0.8027210884353742 0.0
0.7351970642561602 0.0 1.0 0.0 0.14825546409777982 0.0 1.0 0.0
0.5766143137565088 0.0 1.0 0.0 0.6037842391635385 0.0 0.272108843537415 0.0
0.31199853836675856 0.0 1.0 0.0 1.0 0.0 1.0 0.0
1.0 0.0 0.16666666666666666 0.0 0.3538338947231515 0.0 1.0 0.0
0.5552936300864726 0.0 1.0 0.0 1.0 0.0 1.0 0.0
0.6542167896206215 0.0 1.0 0.0 1.0 0.0 1.0 0.0
0.13051315358512341 0.0 1.0 0.0 0.1680108733169708 0.0 1.0 0.0
0.5494671500157081 0.0 0.0 0.0 1.0 0.0 0.782312925170068 0.0
0.09242824962735037 0.0 1.0 0.0 0.6287344291199622 0.0 1.0 0.0
0.8401895667014992 0.0 1.0 0.0 1.0 0.0 0.8367346938775511 0.0
0.12410291145755582 0.0 1.0 0.0 0.17967573668988243 0.0 0.6122448979591837 0.0
0.4699462805221774 0.0 1.0 0.0 0.3089290847987486 0.0 0.46938775510204084 0.0
0.11698858990269889 0.0 1.0 0.0 1.0 0.0 1.0 0.0
1.0 0.0 1.0 0.0 0.20307579042087612 0.0 1.0 0.0
0.06187432182222886 0.0 1.0 0.0 0.26972605726617527 0.0 0.19047619047619047 0.0
1.0 0.0 1.0 0.0 0.3886963642714198 0.0 0.3129251700680272 0.0
0.513051092548567 0.0 1.0 0.0 0.7096701958650675 0.0 0.29931972789115646 0.0
0.5332064802044504 0.0 0.6666666666666666 0.0 0.27154985079791705 0.0 1.0 0.0
0.7088965783076694 0.0 1.0 0.0 1.0 0.0 1.0 0.0
0.20685229705913152 0.0 1.0 0.0 0.6277810423753925 0.0 0.891156462585034 0.0
0.3616873842780846 0.0 1.0 0.0 1.0 0.0 1.0 0.0
0.19195522411338353 0.0 1.0 0.0 0.3311465270092405 0.0 0.19727891156462585 0.0
0.3295559620599225 0.0 0.6666666666666666 0.0 0.7275467858360863 0.0 1.0 0.0
0.4292455878060573 0.0 1.0 0.0 1.0 0.0 1.0 0.0
0.4569631450069405 0.0 0.16666666666666666 0.0 0.4688214580284727 0.0 1.0 0.0
0.5449396519263033 0.0 1.0 0.0 0.17318682172344663 0.0 0.38095238095238093 0.0
0.36603217821230666 0.0 0.8333333333333334 0.0 0.14839140998543143 0.0 1.0 0.0
0.4832524904581641 0.0 0.16666666666666666 0.0 0.22378105532261988 0.0 1.0 0.0
0.5412031291428724 0.0 1.0 0.0 0.46820116813416623 0.0 1.0 0.0
1.0 0.0 0.5 0.0 0.2766242811714063 0.0 0.6462585034013606 0.0
0.13803521733996119 0.0 0.0 0.0 1.0 0.0 0.14285714285714285 0.0
0.1637318883365678 0.0 1.0 0.0 0.2871103583410011 0.0 0.7687074829931972 0.0
0.5247107369884563 0.0 1.0 0.0 1.0 0.0 1.0 0.0
0.6293957617092196 0.0 0.5 0.0 1.0 0.0 1.0 0.0
0.760252042610174 0.0 1.0 0.0 0.521007906342111 0.0 1.0 0.0
0.5524483470844205 0.0 1.0 0.0 0.31579729467683576 0.0 0.6530612244897959 0.0
1.0 0.0 0.6666666666666666 0.0 0.7170598259009873 0.0 1.0 0.0
1.0 0.0 0.16666666666666666 0.0 1.0 0.0 0.4217687074829932 0.0
1.0 0.0 0.0 0.0 0.38784714385634933 0.0 0.6122448979591837 0.0
0.22799027657398516 0.0 1.0 0.0 0.2930490161431328 0.0 0.1360544217687075 0.0
0.3117757284214138 0.0 1.0 0.0 0.1106817274308493 0.0 0.17006802721088435 0.0
0.6542970012009456 0.0 1.0 0.0 1.0 0.0 1.0 0.0
0.09924846205435225 0.0 0.16666666666666666 0.0 0.5929265177166623 0.0 1.0 0.0
1.0 0.0 1.0 0.0 0.716085547039484 0.0 1.0 0.0
1.0 0.0 1.0 0.0 0.19526419847393384 0.0 1.0 0.0
1.0 0.0 1.0 0.0 0.5798042084962649 0.0 0.11564625850340136 0.0
0.42342133583474634 0.0 1.0 0.0 0.6560342465934815 0.0 1.0 0.0
0.2644041059416728 0.0 0.0 0.0 0.08277721558693166 0.0 1.0 0.0
0.7231853801026262 0.0 0.0 0.0 1.0 0.0 1.0 0.0
0.23062834632686666 0.0 0.3333333333333333 0.0 1.0 0.0 1.0 0.0
0.5201520455067032 0.0 0.6666666666666666 0.0 0.4242565128231988 0.0 1.0 0.0
1.0 0.0 0.16666666666666666 0.0 0.27317590485671095 0.0 0.5850340136054422 0.0
1.0 0.0 0.16666666666666666 0.0 0.19777978590582482 0.0 0.2857142857142857 0.0
0.07805032385425556 0.0 0.16666666666666666 0.0 0.28399802142824987 0.0 1.0 0.0
0.4488016167089634 0.0 0.5 0.0 1.0 0.0 1.0 0.0
1.0 0.0 0.5 0.0 0.5974015503127785 0.0 1.0 0.0
1.0 0.0 0.3333333333333333 0.0 0.40273969216789846 0.0 0.14285714285714285 0.0
0.3959109918830337 0.0 0.16666666666666666 0.0 1.0 0.0 0.5714285714285714 0.0
0.8129064888940383 0.0 1.0 0.0 0.31367247810815113 0.0 0.4897959183673469 0.0
1.0 0.0 1.0 0.0 0.319806521341886 0.0 0.4965986394557823 0.0
0.04212222016741939 0.0 1.0 0.0 1.0 0.0 1.0 0.0
0.49741874678318143 0.0 1.0 0.0 0.024642399050615126 0.0 0.7959183673469388 0.0
0.2993429334711784 0.0 0.6666666666666666 0.0 1.0 0.0 1.0 0.0
0.5311521725083721 0.0 0.8333333333333334 0.0 1.0 0.0 0.7074829931972789 0.0
0.2444336505404255 0.0 1.0 0.0 0.6478568954726194 0.0 0.2108843537414966 0.0
0.8069997972429498 0.0 0.5 0.0 1.0 0.0 0.5238095238095238 0.0
0.16964972048492358 0.0 1.0 0.0 0.698437004823725 0.0 0.4557823129251701 0.0
0.5957960219512358 0.0 1.0 0.0 1.0 0.0 0.9047619047619048 0.0
1.0 0.0 0.8333333333333334 0.0 0.458645231550863 0.0 1.0 0.0
0.655399910430402 0.0 1.0 0.0 0.2128706622006579 0.0 1.0 0.0
0.40601987910332366 0.0 1.0 0.0 0.44485466884376257 0.0 1.0 0.0
1.0 0.0 0.3333333333333333 0.0 1.0 0.0 0.4489795918367347 0.0
1.0 0.0 1.0 0.0 0.7231579700042167 0.0 1.0 0.0
0.512228923850245 0.0 1.0 0.0 0.47851422326493176 0.0 0.7142857142857143 0.0
1.0 0.0 1.0 0.0 0.6304010903919508 0.0 1.0 0.0
0.627105275471076 0.0 0.6666666666666666 0.0 1.0 0.0 1.0 0.0
0.16242845015630117 0.0 0.8333333333333334 0.0 1.0 0.0 0.19727891156462585 0.0
0.6371027577186935 0.0 0.6666666666666666 0.0 1.0 0.0 0.782312925170068 0.0
0.6854168662672427 0.0 0.16666666666666666 0.0 1.0 0.0 1.0 0.0
0.3377041217611789 0.0 0.16666666666666666 0.0 1.0 0.0 0.2585034013605442 0.0
