0.45844589523910867
0.799926166703348
0.3569829259520496
0.0
0.7406036403287248
0.7658471537290965
0.0
0.8176596808013372
0.561882802622175
0.6976096264046304
0.5976482856823551
0.7774039577803498
0.5420704962160141
0.23879162468852153
0.5931598367362263
0.3988119270837586
0.24872985432876354
0.5909266149776623
0.6133849672664863
0.6941590544971222
0.6382406392312597
0.7138221725074239
0.6320257587433395
0.6120517352528435
0.6755739163281198
0.7274844715743255
0.0
0.6118110302858322
0.7799184361678932
0.7698310949661299
0.0
0.0
0.8400420989272538
0.7853301132414768
0.35485440590600176
0.6676616587005014
0.49419741797287425
0.25736782570641836
0.8408333233155241
0.46848307768794967
0.7231339781844022
0.8260687371981538
0.6018808611411822
0.65823042415492
0.6832480644592389
0.8097654490626135
0.8081454026982848
0.6075993117806022
0.18736167198576847
0.3836966962444277
0.0
0.4529318319595259
0.8309414388065417
0.7347763525940566
0.6954274055774161
0.5858736872198652
0.6404583048517285
0.5331097501841912
0.4951671994169399
0.4735499586431597
0.10643285259952334
0.7869655386029524
0.5288668176425992
0.41727773207841556
0.5289335150254643
0.0
0.0
0.7902635074826367
0.5695727623664165
0.5499445028956557
0.5870098811788528
0.6436316972906048
0.0
0.43341456203352197
0.6602621272118366
0.5302753064150547
0.0458381346234955
0.39369065770860595
0.604978028825441
0.7129878413536885
0.7714073190597346
0.589812055108853
0.619007259050401
0.666024361560401
0.6292281390837676
0.0
0.7750206776966512
0.7012264437341897
0.5163410363678247
0.6659824156959347
0.7184681464580259
0.0
0.8202656083886223
0.7782647347746
0.21016612835173495
0.0458381346234955
0.6492857096270497
0.10643285259952334
0.6567000223929712
0.5294205844817782
0.817542725727515
0.0
0.0
0.6248642032229548
0.7328171972499619
0.6372287031218291
0.6563191078846855
0.6492208652523445
0.11848985910474394
0.39351866684571696
0.6368690974721257
0.834529006685182
0.6659152469234701
0.6281960585045036
0.60059268577485
0.7170567645233493
0.6943287297810227
0.5684942941211157
0.5724308045862658
0.7745196665964453
0.5707166689335454
0.6195965497931624
0.6846634030327606
0.7432463183644813
0.5960006102656772
0.6242781870181581
0.5899976535520421
0.39369065770860595
0.2790379412327595
0.6697949541564094
0.0
0.0458381346234955
0.0
0.6803051196420925
0.6491018185064151
0.6830409076249407
0.0
0.6379933744981585
0.8109930572307402
0.22036018210020017
0.8338243303019903
0.10643285259952334
0.6897066939860184
0.6654910712289972
0.5269027377595467
0.0
0.6437727422034936
0.6495659694902213
0.12868391285320918
0.8247746434090407
0.27185393649579886
0.6552091271027652
0.8070931382918377
0.0458381346234955
0.7598270004305606
0.42498657042984195
0.8393765876976214
0.3738016503128494
0.6460046210280221
0.8041997329519577
0.5722117339403512
0.7478276289022572
0.4320823928227456
0.5556729925259086
0.8440562032397528
0.6510093887954681
0.5152842273458444
0.6644686785461406
0.8215729623176626
0.6756609650877062
0.0
0.632898780656689
0.5404102303663809
0.7984052673167661
0.7373812880128363
0.7571631131323933
0.33479168519543673
0.5782769296595034
0.19114158358599237
0.0
0.3108448794788923
0.6160151053994702
0.6734446161217988
0.0458381346234955
0.5704681246696841
0.6394591047303173
0.0
0.36271208665493093
0.46190242991375524
0.0
0.6679528209071746
0.7383126052243829
0.07265172448124844
0.6706085061981141
0.7086901912535214
0.6165016226538894
0.7744187901715512
0.7309094012032773
0.7737976785691333
0.6675005613016989
0.10643285259952334
0.0458381346234955
0.6015704236783758
0.6042207881584417
0.39369065770860595
0.4614724115415618
0.0458381346234955
0.8398476481372229
0.2013356373344576
0.48393444243650824
0.7816321214027906
0.5967618901302103
0.10643285259952334
0.6585441960925211
0.6162410097077133
0.3860517385596275
0.6826702943856834
0.10643285259952334
0.7637173950359405
0.382078745217846
0.6281663325003298
0.4299332082745139
0.8279773656046406
0.6640178036882086
0.8016347859089118
0.2770637513606173
0.0
0.6336464918281676
0.5315477071617469
0.7450528189316328
0.6696177988509756
0.0
0.6331428302198695
0.5852887086773053
0.7923053364686546
0.6604448754384105
0.8201463807461232
0.6504704655340812
0.1585738922558734
0.6159078281507204
0.5766447863625676
0.7287773846010898
0.8080341688750666
0.0
0.5091341116033458
0.0
0.8147751714533155
0.7502102911231713
0.35990952959033096
0.8093154891463001
0.7154665232418191
0.7128640504638325
0.7014427868187764
0.0458381346234955
0.0
0.6267792272024831
0.6305509852925891
0.6721552466105238
0.44767946691661537
0.6231438279932735
0.6467271597303248
0.21795517344374532
0.653450971396374
0.0
0.5303405989490784
0.695659969752493
0.5207851779600385
0.759818201942749
0.5540515518118811
0.7571243498856141
0.6166197444134452
0.6539830080265466
0.39369065770860595
0.6702056055087348
0.5598955190699287
0.5559246363979049
0.0
0.7024946887998241
0.8302460407130843
0.6160924753262692
0.0458381346234955
0.6940292237674577
0.7990639863681706
0.7456223750559888
0.7874178895272412
0.6453620375063045
0.4380524110643017
0.3581691541615436
0.6743011275817221
0.0458381346234955
0.6354906897098193
0.5328379951491444
0.573470092171824
0.6779222990808969
0.7850400092933506
0.6959130702670885
0.6653754264732589
0.6670451874270986
0.5409868178847762
0.3709568913007388
0.48493610817128424
0.0
0.6532172767015175
0.6099446325312883
0.0
0.3704706358047339
0.7951147667995576
0.6892006211605664
0.7036552519830566
0.786500578083583
0.6785220520658922
0.6429694806633846
0.6135644258555991
0.3714395974549201
0.0458381346234955
0.572534322138588
0.4239077463495551
0.42657250853457024
0.615308653538907
0.8385690726350618
0.0
0.8328712076574544
0.3388500412049441
0.6191550747659266
0.0
0.6538151044947583
0.6070014569221133
0.6853890814170002
0.7870373336914339
0.7671854292258452
0.7555592194868995
0.5987398293191413
0.7348385948814284
0.0458381346234955
0.7874254694338783
0.7856184919050658
0.8139948769837493
0.44472949769218684
0.5522645499644793
0.3102409442357567
0.8344123364423798
0.6746651854319335
0.0
0.6129809546166928
0.10643285259952334
0.6715845904530301
0.6864567259046899
0.5676335286281644
0.3277310709878048
0.6453582165934331
0.507156287990365
0.22036018210020017
0.2013356373344576
0.7955384975164839
0.6860779897254118
0.672368931892557
0.8155425777263848
0.6448056874303262
0.10643285259952334
0.7472056094744067
0.5120659059536313
0.770091206815874
0.11848985910474394
0.5765150551792165
0.0458381346234955
0.0
0.8115157737669734
0.091676269246991
0.7886293886383323
0.3714395974549201
0.7000889047306261
0.601459199035621
0.6325611555002144
0.10643285259952334
0.8222249764026295
0.7157847475533976
0.0
0.6626787902600275
0.6066936342584573
0.6870757170695895
0.5505402042169011
0.6994562492814942
0.3873877526757514
0.0
0.3507099374315827
0.8188867411883464
0.7611542566699672
0.736360473072353
0.091676269246991
0.5057515289024455
0.7198277337329804
0.0
0.6747509879585735
0.7036932198035367
0.6748586962843721
0.612045412123374
0.5958311380343466
0.6673555113201595
0.6254347439733047
0.31982549643920155
0.46460200676106694
0.0
0.798450569128409
0.4241249237188177
0.5399039122439186
0.5614629253417763
0.5762765516601837
0.6560921004302431
0.7288325586736495
0.2249227117042673
0.6118617778754726
0.5767095566415014
0.7346625844301478
0.6647029509153712
0.6815148703317828
0.6102637106970328
0.6701767327406263
0.6322963267048116
0.6461859971531624
0.10643285259952334
0.8379641143488593
0.6341599260465548
0.39369065770860595
0.5748937537448424
0.586843468663931
0.7581658398729229
0.0
0.42657250853457024
0.6454384094393856
0.8045031372120224
0.5835507340428873
0.5163947791172311
0.0
0.7309471169956588
0.10643285259952334
0.7007519513161912
0.7713737957294429
0.4216958194346578
0.0
0.7388231522841092
0.709743459271496
0.5909179118849993
0.6867822653930653
0.0
0.8383029280494179
0.8216341215869292
0.6091103957828519
0.6346918575472525
0.5181442236894188
0.5849847474434903
0.6451055469756843
0.722721322935096
0.6709337407052198
0.8453760215209575
0.8308356052932384
0.695190423666835
0.6532749303702162
0.5491963393138343
0.8310102090709127
0.12868391285320918
0.56555912146574
0.6391534390191949
0.0
0.6597600232386864
0.6659991972345558
0.6575666169276491
0.7367300146581185
0.7306595152667911
0.0458381346234955
0.6535084217738832
0.5664093183658532
0.7132169301077558
0.6045969537902294
0.545044953432629
0.618378202988746
0.8215974328132015
0.6321565159772496
0.8157195318424124
0.6616713621644671
0.37785171877932877
0.7975695689730957
0.8259640155717893
0.6649136573697697
0.6878881108793639
0.6503784456269601
0.0
0.4320823928227456
0.6518425448266554
0.0458381346234955
0.6025266141147677
0.6780552715437882
0.4267811221129474
0.7291895346586874
0.5212111001149142
0.7968922403752751
0.6959130702670885
0.582688959733596
0.7914042780848451
0.2249227117042673
0.6259286794487972
0.8238805026491037
0.6744292683050122
0.7645890089368559
0.39369065770860595
0.7454005282652717
0.7166016519427855
0.5972856669793706
0.598367611922755
0.0458381346234955
0.7886924029477218
0.0
0.5809916781008491
0.6513278542538885
0.4738061792252268
0.8015091505266011
0.4528616670197819
0.8028414675644692
0.1585738922558734
0.4142013425335043
0.6912211832053072
0.614050839808806
0.5404475816520421
0.33603555477267316
0.49887507460436153
0.8020299318313397
0.7876786734682227
0.8350053662428991
0.5944512440325362
0.6250878191580174
0.5966662106592082
0.40297050798266254
0.800580579917027
0.6271526469862572
0.6418750039321198
0.5684820760241748
0.8243523009036329
0.518639389959787
0.7607350427005792
0.7444125579567018
0.6013923743462156
0.5319523062472407
0.6541672108613402
0.6427750783860778
0.6545440615644101
0.7381249450876549
0.6395759725079017
0.8439388869597365
0.8308277418992537
0.6589623298987828
0.39720283432974496
0.7498783807670071
0.6568447104403685
0.7421953474406938
0.2930119065814486
0.6287042823301813
0.11848985910474394
0.8082753189606217
0.5915416252279182
0.0458381346234955
0.0458381346234955
0.0458381346234955
0.519567551855768
0.47835165830721804
0.49634157788407274
0.75762790772401
0.4474512995269385
0.8236924342198063
0.6158958977069744
0.5714333779865419
0.7292013648889949
0.5245706749022847
0.3943741826517296
0.5006027185609039
0.7744182474090913
0.6763365196787003
0.7522199228503967
0.7953501123658187
0.0
0.8404584919160055
0.6397716803059807
0.0
0.45694509048325116
0.5947886660115056
0.5312265290194708
0.5860519238751186
0.7761332066985528
0.6666420695812821
0.716537867832221
0.523542038019603
0.6466597560953226
0.6502614664303312
0.8387174500021345
0.8234355825325009
0.5840064401386494
0.789134871210219
0.0
0.0
0.4870208044528248
0.6257233211609394
0.5650205342577368
0.6307847884890287
0.0
0.5603530751113751
0.4368113206262026
0.7177304164516888
0.784491852848424
0.6840000053025648
0.4868950412779867
0.690224435610096
0.7542594219022082
0.7785738289443691
0.5649947775097948
0.6630687339663714
0.6364244773904598
0.6635115864595137
0.0
0.8050593743916948
0.10643285259952334
0.7698979624168676
0.6782019307016293
0.5040254549505462
0.4588959826804985
0.8205755702707049
0.6983476162913843
0.0
0.6926550591313675
0.6479765850651196
0.5057515289024455
0.6089780554354935
0.45588059346230425
0.0
0.0
0.8424090900081632
0.6073621755465117
0.8329046128196698
0.8029124110600021
0.6097157732795233
0.8294497990736045
0.41202453876041506
0.8172800955391055
0.8222736916727194
0.7754816123063789
0.7986307139629738
0.765952108998955
0.3601951907235268
0.6206375550071282
0.6731465896951019
0.27076084632776276
0.6635696363662477
0.6905011041220442
0.681035404714642
0.7268089011343144
0.5584040031556337
0.42067579227864854
0.19471707323207757
0.5410978371321793
0.7182730675075635
0.33309593973257806
0.2546119915613668
0.6128249055341715
0.8260610317579026
0.0
0.6332943318886634
0.10643285259952334
0.8430716362727175
0.8295981770887151
0.6466597560953226
0.6612520363819978
0.8054848709664533
0.5950590045525742
0.6777820386101225
0.7951488922962913
0.695808026387509
0.5678806070007902
0.0
0.46781452490542846
0.0
0.550476062165796
0.0
0.5554501558009447
0.7750443385422504
0.726606778173491
0.32584150102420795
0.6398962980240855
0.0
0.6404500745530863
0.6627610749698455
0.7612960538085201
0.6089581815211427
0.0
0.552808836572027
0.4125432116114595
0.8372182688108163
0.518639389959787
0.4997099782706161
0.2249227117042673
0.7628929608700857
0.1585738922558734
0.7197793895874927
0.7137176055329425
0.7493087741143675
0.6635319097237077
0.24558019004006193
0.48710451389375525
0.8132300181081429
0.8418877343980911
0.527699911432888
0.6353752555289731
0.2013356373344576
0.7317476732647972
0.5813044476112766
0.7447415404053179
0.7290204539374456
0.0
0.0
0.6519567627826475
0.0
0.5392037120748056
0.830884383695907
0.6129310589625254
0.5484065161466586
0.406459516614871
0.0458381346234955
0.8218453502897008
0.6256873178043018
0.792814415555908
0.6902767624393084
0.6351705309104445
0.3459355642416419
0.7002423784222952
0.0458381346234955
0.7422103659449643
0.8137722440035069
0.12868391285320918
0.7681937254023248
0.0458381346234955
0.24394725647000987
0.0
0.478399388695075
0.8162980114735988
0.8337809915902018
0.6650953501417586
0.0458381346234955
0.4550028921214408
0.8398296855022168
0.31823191452131033
0.46787049651224416
0.6564484774168322
0.5696448391577533
0.6627316993254815
0.7255390710345069
0.6277288089469044
0.0458381346234955
0.49738813889999506
0.6067279076199423
0.6576396453992939
0.10643285259952334
0.5544002059922346
0.645005744792409
0.7627189307171953
0.0
0.24872985432876354
0.7277653087582954
0.3396326592087874
0.8352249547882107
0.8215391675101955
0.4921366370997249
0.07265172448124844
0.5501705349255388
0.5792600668957183
0.8429922109141033
0.6453811387598688
0.8335472251971906
0.8368005515346502
0.6710944655146105
0.7137597238109367
0.39351866684571696
0.621924351401851
0.7410132689486841
0.0
0.7371223110309525
0.6865305734271656
0.5438853568595523
0.07265172448124844
0.0
0.6321658458939561
0.0
0.6846865967117827
0.5418332403126888
0.0458381346234955
0.6884660398333335
0.6484231420749534
0.0
0.7262872607453701
0.11848985910474394
0.6332071460493969
0.5597422941578714
0.819170948926369
0.5008070352512529
0.6276888901653377
0.5519985570253431
0.6516656372268722
0.8263086475146129
0.6888610748366897
0.6410237359316028
0.6517905622880127
0.6128686364078576
0.6702292193099159
0.5863043840101724
0.49612296462877026
0.6636826873298786
0.5706457515546259
0.7571187097018557
0.7282645575943978
0.7860350572886966
0.8233928924363257
0.5236384029903961
0.0
0.40589064902521665
0.0
0.10643285259952334
0.7389364864155418
0.8360969435969049
0.267368797713326
0.6507739300577162
0.72531249724163
0.6773005582402303
0.595009934219253
0.6679175143972264
0.6315472304174063
0.5508918777285584
0.5664723297565232
0.0
0.40130771193772735
0.0
0.5947804566576989
0.4192908107782029
0.6645802042706421
0.4453615737060806
0.5965384223112222
0.7531472857938745
0.7022688387295801
0.8446732717022104
0.674389866829501
0.642240510702724
0.4358195706899768
0.6620761769107106
0.7685896959399455
0.3960527105665352
0.0
0.6302923635642705
0.5773324203028116
0.5523113790348925
0.6081180374690295
0.6661332964557101
0.6376722587389851
0.6484669032651496
0.6684397527034395
0.5958553749594868
0.343778945427589
0.10643285259952334
0.4545254138774171
0.7011936026491632
0.4418908451900307
0.5959280324831903
0.6768416621253035
0.7526497851512989
0.39369065770860595
0.672690698214659
0.7134397689825087
0.6255276383300101
0.39944475918097194
0.8370022615464611
0.6513138879498228
0.5669367573333216
0.5792600668957183
0.6622628648360434
0.5081373789490033
0.6722443660715856
0.7939309667038531
0.6648311631968764
0.11848985910474394
0.3423011085198666
0.38104704801368544
0.0
0.5898828207116518
0.4503577814186352
0.7658211979228496
0.0458381346234955
0.10643285259952334
0.821571898177642
0.6653754264732589
0.32584150102420795
0.5641391275277892
0.679511988888922
0.781534227912998
0.6491379159142464
0.6246032303132122
0.39369065770860595
0.7120578925298996
0.6571906756039002
0.5946654185704054
0.6786861504258438
0.5543850852766079
0.6648453936738965
0.5037983695439182
0.767317900065801
0.4541822348534766
0.5090741293321088
0.28551742968029514
0.6695171113933812
0.6401241557106103
0.6585567160564935
0.5161795455683904
0.6723740112312058
0.5700159895724988
0.0458381346234955
0.0458381346234955
0.6512510030546468
0.5597422941578714
0.0
0.5300134897107935
0.7225824045930578
0.6632643042846629
0.8481906394309456
0.46047888375374
0.10643285259952334
0.5402980497635598
0.6126622229195217
0.3223989904084634
0.6471859216327002
0.6974047052049003
0.592372711323493
0.41031019381789363
0.7195956075421275
0.6759430848057322
0.7317311150388287
0.6573916559230375
0.5601038916281229
0.6669680673606267
0.6803321447546489
0.10643285259952334
0.6413127734144048
0.0
0.6721858153858777
0.0
0.6916343154249213
0.8300148702959864
0.324876075856255
0.6790338002899833
0.6725996477477503
0.6227039580344423
0.6693232542998808
0.5046379275423005
0.65823042415492
0.6573980262582225
0.0
0.6683642428434232
0.5824717499400636
0.8391561088917198
0.7549981127912039
0.44850940929241073
0.6955956492064725
0.5827776130641508
0.4705029017443292
0.3947133139052325
0.5950017522892079
0.6702056055087348
0.6520155254366764
0.6496053979281791
0.0
0.0
0.5432799581018725
0.6130681815271223
0.7474655636138914
0.5070016691462431
0.6777024254256906
0.7628173237299115
0.7608930589830978
0.6073825348620314
0.7473242687792114
0.48273888115853136
0.8184603570519
0.0
0.30649671132509804
0.12868391285320918
0.40084687070340297
0.6098008706279215
0.6718180541566049
0.0458381346234955
0.5845740869673962
0.6574903272254697
0.7108682463744685
0.5983520573067819
0.758190818324402
0.608419315664408
0.7954252147958936
0.8037362521862823
0.28551742968029514
0.6179863176967225
0.586723020876719
0.6733771143811921
0.3965480720550782
0.0458381346234955
0.6802623072808311
0.0
0.8038163347710634
0.3714395974549201
0.5571106676144051
0.6131490750534231
0.6741653233811811
0.8364528698565804
0.4344427593462023
0.6846887048247431
0.7414739915019072
0.761081915854403
0.7344880898068915
0.6369732809509483
0.6667057377390961
0.0458381346234955
0.7501962011620482
0.5081982165333354
0.6675278935812801
0.07265172448124844
0.8148853476522239
0.6191096281877237
0.7102724596886013
0.6736068382700519
0.620787315787143
0.5558359302149127
0.6703759604713774
0.611134922192929
0.6197092753799986
0.651390666146695
0.6789395858977008
0.07265172448124844
0.6506541221023606
0.5418332403126888
0.5656994581528333
0.6654064729706838
0.7158282028827456
0.6590151882433506
0.6432619888069546
0.0458381346234955
0.8299340389614295
0.7907838254004095
0.4236898534028243
0.0458381346234955
0.5297286803112926
0.6244199345528104
0.0
0.815467637078059
0.49271554756213676
0.8011746413259794
0.760958288866211
0.6382491491334082
0.26379330806724083
0.6491812068106732
0.5531024411063251
0.6325054901353916
0.38228316717198474
0.43284691520477525
0.7702601949208127
0.4847196416948456
0.5307093772187061
0.528263494607903
0.5757312777141691
0.0
0.56963283181328
0.8312786047852772
0.5157469654519009
0.7465445999322936
0.4761179652913791
0.5916191773959752
0.7423973696082606
0.49442247927747107
0.5670492347384097
0.6496627064510787
0.5283532238611603
0.11848985910474394
0.6812000578485012
0.6118744586903733
0.2770637513606173
0.6166787262667174
0.5027832251067467
0.5408013706249841
0.6711617501602806
0.57563264913585
0.6016370687817763
0.0458381346234955
0.6079971408183475
0.3542334581559325
0.7469010324577294
0.10643285259952334
0.7413568744313658
0.0458381346234955
0.0
0.7863054220606059
0.5094332095781812
0.4539064035901621
0.5529635277525161
0.0458381346234955
0.5122663447936063
0.6517107762821316
0.7790911916752928
0.0
0.0
0.71827433611206
0.47028749292355915
0.7388212927284113
0.5572990529381558
0.0458381346234955
0.6933891576824831
0.3616052750531897
0.6759430848057322
0.3958867620490755
0.7776220145598685
0.7933387709689753
0.0
0.40502806571513705
0.6335597693433926
0.6325657921662641
0.8248301278222999
0.6140324335973857
0.6496806051843748
0.6801382202914265
0.4855384716678866
0.0458381346234955
0.8080008602024047
0.6036847951974519
0.0
0.4412245377949601
0.4843718147285834
0.6731365486307787
0.551684248213586
0.6614680217118624
0.8287592165589689
0.6383341879794414
0.12868391285320918
0.6542741477881828
0.6738307986141345
0.5842956829798637
0.0
0.6200631102144442
0.8304315138479955
0.10643285259952334
0.7894460902181221
0.6606271200407197
0.6526208427019331
0.6768416621253035
0.5670117635222754
0.5842956829798637
0.4413081942887285
0.5911091158411869
0.5373711921071308
0.4880183914330128
0.4479068497750371
0.6246450552490707
0.5806977419842148
0.8129745004826308
0.7380676026045522
0.8243905523938567
0.8370041575697852
0.091676269246991
0.7502439383279048
0.5834143825523037
0.7703191233912393
0.0
0.7853954299967794
0.6970069478528856
0.6410645219508461
0.6610745210216109
0.0
0.5680407143224216
0.47007138015114347
0.0
0.6971851877306193
0.7595713678089071
0.768715836401721
0.8373732661373383
0.6602499260218564
0.45870346304087595
0.439956822625785
0.5736850403621936
0.7747431069923156
0.5642304049052961
0.6642048446595701
0.5326912016382482
0.5176980153517321
0.39369065770860595
0.7528591613863621
0.78528960285027
0.0
0.7387077608366929
0.5863323757352485
0.6506893822735532
0.0458381346234955
0.2770637513606173
0.6260618211762183
0.7814835196103694
0.8455260144602544
0.7375909625809502
0.6351972700911465
0.7119630578397611
0.8232856576263733
0.5770217217911295
0.39369065770860595
0.4541133848217448
0.44783114232600724
0.0
0.6747068748495004
0.7039552354366048
0.7649889427141099
0.6382831777953824
0.0
0.5855063210546017
0.615937644846976
0.0
0.8343597347152565
0.42303183355078167
0.5942529269042623
0.5998668841423498
0.5985229571891743
0.7440870826683471
0.7215413737276487
0.8439187763697114
0.8053081968285781
0.39369065770860595
0.8048771067633841
0.6278235195906582
0.8264862201933069
0.8321133942526273
0.4291340390380715
0.6520397066549329
0.7620882101789841
0.35638173590700933
0.6419233184179254
0.0
0.8130849931467079
0.5518730127076091
0.0
0.6141672936635065
0.6497450005419698
0.6558447496737182
0.5799725417420016
0.3058515310905124
0.5423431994870139
0.570999580378956
0.4510829032616726
0.7448383887981006
0.6813753849253041
0.0
0.8104926043015196
0.6769483911084889
0.5051174833022913
0.6744809471406351
0.6629458420731582
0.0458381346234955
0.5928308917903115
0.7490352675672437
0.5112580195595982
0.6794138877090559
0.6590276193631776
0.742064453806333
0.657065952423051
0.5535174388974446
0.8454261188025235
0.0458381346234955
0.6782182061045957
0.7366656858889996
0.6636537183222729
0.5937294970318373
0.5868527247979659
0.6484741939822625
0.6469252279648415
0.24227297844752957
0.0
0.6100685395287916
0.0
0.6049850651024605
0.5020865848849255
0.0
0.753805098087468
0.7515790449766457
0.5499283281494566
0.5553906056397798
0.5724423145418263
0.6719101863766996
0.6170139220065304
0.44865919519904063
0.5715967784037855
0.5854779774084052
0.5688719397885817
0.5418332403126888
0.6735170413272344
0.700770136962599
0.727746623338095
0.761212602585227
0.7635282481082659
0.0
0.5772575576528608
0.0
0.6696416234432532
0.6428783017778187
0.3846881758284396
0.8310346537437866
0.8058141929019179
0.8220437568659318
0.27076084632776276
0.6796327044100089
0.0458381346234955
0.8125065739695183
0.5616122193907264
0.2818929363643093
0.6399170448319434
0.783849756861763
0.6278683352277443
0.646772057349818
0.21795517344374532
0.8343930540002565
0.5872771125096322
0.5422160778917703
0.542288748722715
0.6102182222516158
0.6874912443949062
0.10643285259952334
0.6002383406157301
0.49108165334522486
0.6459629855091151
0.8313610223556592
0.6689953274335128
0.7930502963705296
0.35728148379326546
0.5711875178397405
0.6360560616771272
0.6563093949597204
0.5653928841465345
0.8208961818274665
0.39351866684571696
0.3516896657140079
0.6242729312701318
0.8325801613361286
0.6482587792150686
0.58133463727147
0.6549320023391035
0.8074590408795034
0.7862695884628206
0.7172245330584953
0.6476525960217707
0.7704927146593039
0.8269898735563128
0.4632359947086133
0.6874467760773976
0.5841512196962326
0.0
0.7793234216608178
0.6348040077106594
0.81793542835867
0.8289072455840228
0.5887863414185847
0.7662186862006678
0.6774065497585738
0.8153461520936
0.36823712503195893
0.0
0.7127317509333468
0.6038281519618182
0.0
0.0458381346234955
0.5045094564975152
0.6117094181279281
0.8342434241326518
0.6425242899248627
0.7892542438109976
0.0
0.7482981893972467
0.8007429940745434
0.6508407871438159
0.0
0.5723962626949061
0.598211900879529
0.6596277407612186
0.4376118334886329
0.18736167198576847
0.5196954390538236
0.8141623283684472
0.8246079103078519
0.6672705230641716
0.4539064035901621
0.7430049962969557
0.7145267284133682
0.12868391285320918
0.0
0.0
0.8289155787489901
0.6650783376348247
0.7457573035625996
0.6009077361528486
0.0
0.6800206871627283
0.2953325113342887
0.8189130568043009
0.7527025682633626
0.6436787456944424
0.3787190157941665
0.0458381346234955
0.6148556828000892
0.8016308296952257
0.6675852546240785
0.0
0.6866534696704983
0.10643285259952334
0.19114158358599237
0.6428227399733698
0.3826901250686113
0.7738146607295152
0.7546367532884377
0.0
0.725893877557608
0.5449752507126003
0.8092257698927688
0.6507739300577162
0.6047030284258768
0.6556390052514169
0.7234115707460236
0.7526339419988869
0.5249965612011066
0.6794047546151623
0.8243622484197717
0.4026712746689152
0.7836933253473928
0.8222771135588207
0.5505882699606318
