0.015108742393825491 0.0 0.0 0.0 0.2965112224507277 0.0 1.0 0.0
0.0824797855677086 0.0 1.0 0.0 1.0 0.0 1.0 0.0
1.0 0.0 1.0 0.0 1.0 0.0 0.19047619047619047 0.0
1.0 0.0 1.0 0.0 0.2044932175655034 0.0 1.0 0.0
1.0 0.0 0.8333333333333334 0.0 0.6309075035362115 0.0 1.0 0.0
0.6541610871342853 0.0 0.8333333333333334 0.0 1.0 0.0 1.0 0.0
1.0 0.0 0.3333333333333333 0.0 1.0 0.0 0.4013605442176871 0.0
1.0 0.0 1.0 0.0 0.023336788869857118 0.0 0.23809523809523808 0.0
0.36333172167472866 0.0 1.0 0.0 1.0 0.0 1.0 0.0
1.0 0.0 1.0 0.0 0.025192067704583113 0.0 0.9183673469387755 0.0
0.363044296845234 0.0 1.0 0.0 0.44639450613830994 0.0 0.8639455782312925 0.0
1.0 0.0 0.16666666666666666 0.0 1.0 0.0 0.6462585034013606 0.0
0.03763037166926983 0.0 0.6666666666666666 0.0 1.0 0.0 1.0 0.0
0.335063823908844 0.0 1.0 0.0 1.0 0.0 1.0 0.0
0.25769975468625017 0.0 1.0 0.0 1.0 0.0 1.0 0.0
0.7935866385331976 0.0 1.0 0.0 1.0 0.0 0.7210884353741497 0.0
1.0 0.0 0.8333333333333334 0.0 1.0 0.0 0.3129251700680272 0.0
0.7717780010828563 0.0 0.5 0.0 1.0 0.0 1.0 0.0
1.0 0.0 1.0 0.0 0.5054441619921781 0.0 0.2108843537414966 0.0
0.15873426126248572 0.0 1.0 0.0 1.0 0.0 1.0 0.0
1.0 0.0 0.0 0.0 1.0 0.0 0.8843537414965986 0.0
0.03118225185099362 0.0 1.0 0.0 0.6065811345361112 0.0 1.0 0.0
1.0 0.0 0.0 0.0 1.0 0.0 0.32653061224489793 0.0
0.18684619206662909 0.0 0.0 0.0 1.0 0.0 0.20408163265306123 0.0
0.4787071675731318 0.0 1.0 0.0 0.6486346118818471 0.0 0.35374149659863946 0.0
0.5728621942769038 0.0 0.6666666666666666 0.0 0.21092769532584493 0.0 1.0 0.0
0.40931523819497206 0.0 0.6666666666666666 0.0 1.0 0.0 0.29931972789115646 0.0
0.6843384661317743 0.0 0.3333333333333333 0.0 1.0 0.0 1.0 0.0
1.0 0.0 0.6666666666666666 0.0 0.23007811591946942 0.0 0.09523809523809523 0.0
1.0 0.0 1.0 0.0 0.3666851949337499 0.0 0.36054421768707484 0.0
0.4012071842838777 0.0 1.0 0.0 1.0 0.0 1.0 0.0
0.6666406721730431 0.0 0.8333333333333334 0.0 1.0 0.0 1.0 0.0
0.6846102942650948 0.0 1.0 0.0 0.2728581092751877 0.0 1.0 0.0
0.35487608424889655 0.0 1.0 0.0 0.2950308247001319 0.0 0.1360544217687075 0.0
0.026316082644664927 0.0 1.0 0.0 0.5683665101131088 0.0 0.8503401360544217 0.0
1.0 0.0 1.0 0.0 0.3864932758280267 0.0 0.8775510204081632 0.0
0.20485814804829627 0.0 1.0 0.0 1.0 0.0 1.0 0.0
0.16381209991689188 0.0 1.0 0.0 0.16771338134204486 0.0 0.7074829931972789 0.0
1.0 0.0 1.0 0.0 0.26076863569474085 0.0 1.0 0.0
0.503953762480142 0.0 0.5 0.0 1.0 0.0 0.3741496598639456 0.0
0.08624750174348782 0.0 1.0 0.0 1.0 0.0 1.0 0.0
0.7803873773709763 0.0 1.0 0.0 1.0 0.0 0.5714285714285714 0.0
1.0 0.0 0.8333333333333334 0.0 0.08110702325292615 0.0 1.0 0.0
1.0 0.0 0.6666666666666666 0.0 0.13191488610412336 0.0 1.0 0.0
1.0 0.0 1.0 0.0 0.10858280531695548 0.0 1.0 0.0
0.6908534289336539 0.0 0.8333333333333334 0.0 1.0 0.0 0.2857142857142857 0.0
1.0 0.0 1.0 0.0 1.0 0.0 0.2653061224489796 0.0
1.0 0.0 0.0 0.0 0.6049377194224006 0.0 0.3877551020408163 0.0
1.0 0.0 0.16666666666666666 0.0 0.25821950317368914 0.0 0.3741496598639456 0.0
1.0 0.0 1.0 0.0 0.7355761266074057 0.0 1.0 0.0
0.5760038145062643 0.0 0.6666666666666666 0.0 1.0 0.0 0.6462585034013606 0.0
0.6431565039337096 0.0 0.16666666666666666 0.0 0.33870270547029185 0.0 1.0 0.0
1.0 0.0 0.0 0.0 1.0 0.0 0.782312925170068 0.0
0.4224855340642985 0.0 1.0 0.0 0.030788801001409186 0.0 1.0 0.0
0.738833322564186 0.0 1.0 0.0 0.5340089824332607 0.0 1.0 0.0
0.7333900755994145 0.0 0.8333333333333334 0.0 0.0032730002345213688 0.0 1.0 0.0
1.0 0.0 0.3333333333333333 0.0 0.5536940646672812 0.0 0.8707482993197279 0.0
0.015984385479030243 0.0 1.0 0.0 1.0 0.0 1.0 0.0
1.0 0.0 0.16666666666666666 0.0 0.47598863115732615 0.0 1.0 0.0
1.0 0.0 0.3333333333333333 0.0 0.6394179515073368 0.0 0.14285714285714285 0.0
1.0 0.0 1.0 0.0 0.5972453008185296 0.0 1.0 0.0
0.24964517516203855 0.0 0.8333333333333334 0.0 0.3720315170825424 0.0 1.0 0.0
0.017573020389338098 0.0 0.16666666666666666 0.0 1.0 0.0 0.5850340136054422 0.0
0.6578530479286473 0.0 1.0 0.0 0.4380397191510974 0.0 0.48299319727891155 0.0
1.0 0.0 1.0 0.0 0.4209870436506944 0.0 1.0 0.0
0.025750145383489336 0.0 1.0 0.0 1.0 0.0 1.0 0.0
0.5611423911517714 0.0 1.0 0.0 0.4935847959531675 0.0 1.0 0.0
1.0 0.0 1.0 0.0 0.2656353219195677 0.0 1.0 0.0
1.0 0.0 0.8333333333333334 0.0 0.4043525047441289 0.0 0.3877551020408163 0.0
1.0 0.0 0.5 0.0 1.0 0.0 0.5034013605442177 0.0
0.6648002620244957 0.0 0.3333333333333333 0.0 1.0 0.0 1.0 0.0
0.3232370720099462 0.0 1.0 0.0 0.5692525124241888 0.0 0.19047619047619047 0.0
0.6375929395984519 0.0 1.0 0.0 0.3656964975690109 0.0 1.0 0.0
1.0 0.0 0.16666666666666666 0.0 0.1760902374668632 0.0 1.0 0.0
1.0 0.0 1.0 0.0 0.2575171160874891 0.0 0.9115646258503401 0.0
1.0 0.0 1.0 0.0 0.6927602341211819 0.0 1.0 0.0
0.016946924442919436 0.0 0.6666666666666666 0.0 1.0 0.0 0.7959183673469388 0.0
0.705596763017114 0.0 0.3333333333333333 0.0 1.0 0.0 0.6054421768707483 0.0
0.3653949417686208 0.0 1.0 0.0 1.0 0.0 1.0 0.0
0.2688647610474741 0.0 1.0 0.0 1.0 0.0 0.7482993197278912 0.0
0.3862878303435952 0.0 0.6666666666666666 0.0 0.4771630035331218 0.0 1.0 0.0
0.5001258876191198 0.0 1.0 0.0 0.36213718705595055 0.0 1.0 0.0
0.3728724435343896 0.0 0.0 0.0 0.14995773024510572 0.0 1.0 0.0
0.5884343813570463 0.0 0.8333333333333334 0.0 0.19539249372721545 0.0 1.0 0.0
0.3906794143663397 0.0 1.0 0.0 0.1685343532609799 0.0 1.0 0.0
1.0 0.0 0.16666666666666666 0.0 1.0 0.0 0.7278911564625851 0.0
1.0 0.0 0.6666666666666666 0.0 0.24923706991296815 0.0 0.7619047619047619 0.0
1.0 0.0 1.0 0.0 0.029454648069347705 0.0 1.0 0.0
0.5031828400692493 0.0 1.0 0.0 0.7117202716210606 0.0 0.5782312925170068 0.0
1.0 0.0 1.0 0.0 0.4462565004644818 0.0 1.0 0.0
0.05715520717982768 0.0 0.8333333333333334 0.0 1.0 0.0 0.3469387755102041 0.0
1.0 0.0 1.0 0.0 0.7049165036247823 0.0 1.0 0.0
1.0 0.0 1.0 0.0 0.412396264018684 0.0 0.4489795918367347 0.0
1.0 0.0 0.3333333333333333 0.0 1.0 0.0 0.6122448979591837 0.0
0.8146956527551564 0.0 1.0 0.0 1.0 0.0 1.0 0.0
1.0 0.0 0.5 0.0 0.5242476557426398 0.0 0.673469387755102 0.0
0.13469084006033694 0.0 1.0 0.0 1.0 0.0 1.0 0.0
0.0559386648782455 0.0 1.0 0.0 0.19633499303056634 0.0 0.2789115646258503 0.0
1.0 0.0 1.0 0.0 0.4795538267737481 0.0 0.9115646258503401 0.0
0.23479712040426637 0.0 1.0 0.0 1.0 0.0 1.0 0.0
1.0 0.0 1.0 0.0 0.37550873040370925 0.0 0.5578231292517006 0.0
1.0 0.0 0.8333333333333334 0.0 0.4653774955412986 0.0 0.8367346938775511 0.0
1.0 0.0 1.0 0.0 0.4478769636750823 0.0 1.0 0.0
0.13878831495522634 0.0 1.0 0.0 0.2803675011645148 0.0 0.2789115646258503 0.0
1.0 0.0 1.0 0.0 0.1515425885803689 0.0 1.0 0.0
0.3876180057173032 0.0 1.0 0.0 1.0 0.0 1.0 0.0
0.5750724689347234 0.0 1.0 0.0 1.0 0.0 1.0 0.0
0.38785418425936863 0.0 0.5 0.0 1.0 0.0 0.7346938775510204 0.0
0.2797066929879482 0.0 1.0 0.0 1.0 0.0 1.0 0.0
1.0 0.0 0.3333333333333333 0.0 0.7055035426850961 0.0 1.0 0.0
0.746829971502608 0.0 1.0 0.0 0.57913624926473 0.0 1.0 0.0
0.7156276667565333 0.0 0.5 0.0 1.0 0.0 1.0 0.0
0.4569631450069405 0.0 0.16666666666666666 0.0 0.4688214580284727 0.0 1.0 0.0
0.005463299859852545 0.0 0.6666666666666666 0.0 0.03869720289864881 0.0 1.0 0.0
0.2662244631951392 0.0 0.3333333333333333 0.0 1.0 0.0 0.4557823129251701 0.0
1.0 0.0 1.0 0.0 0.2892257587443073 0.0 1.0 0.0
0.46747531822830446 0.0 1.0 0.0 1.0 0.0 0.22448979591836735 0.0
0.8364886935093235 0.0 0.8333333333333334 0.0 1.0 0.0 1.0 0.0
1.0 0.0 1.0 0.0 0.6789752622622749 0.0 0.9455782312925171 0.0
0.5720422536780352 0.0 0.0 0.0 0.5972350018876469 0.0 1.0 0.0
1.0 0.0 1.0 0.0 0.4095720029154802 0.0 1.0 0.0
1.0 0.0 0.6666666666666666 0.0 1.0 0.0 0.38095238095238093 0.0
0.663670615601598 0.0 1.0 0.0 0.0019665072882591307 0.0 1.0 0.0
0.6296408526490989 0.0 0.16666666666666666 0.0 1.0 0.0 0.11564625850340136 0.0
1.0 0.0 0.3333333333333333 0.0 0.326361349465971 0.0 1.0 0.0
1.0 0.0 0.6666666666666666 0.0 0.14323605944072096 0.0 0.6326530612244898 0.0
0.7022323328424087 0.0 1.0 0.0 1.0 0.0 0.25170068027210885 0.0
0.36628618154999965 0.0 1.0 0.0 1.0 0.0 1.0 0.0
0.66018809615586 0.0 1.0 0.0 1.0 0.0 1.0 0.0
0.655480122010726 0.0 1.0 0.0 1.0 0.0 1.0 0.0
0.7217326592589787 0.0 0.8333333333333334 0.0 0.5337865255261944 0.0 1.0 0.0
1.0 0.0 1.0 0.0 0.46359960581577686 0.0 1.0 0.0
1.0 0.0 0.5 0.0 0.4426921876135641 0.0 0.19727891156462585 0.0
0.08046558366179232 0.0 1.0 0.0 0.5527406779227115 0.0 0.47619047619047616 0.0
1.0 0.0 1.0 0.0 0.5198923849999308 0.0 1.0 0.0
1.0 0.0 1.0 0.0 0.2678242861148931 0.0 0.3673469387755102 0.0
1.0 0.0 0.3333333333333333 0.0 0.32565219451090527 0.0 0.7074829931972789 0.0
0.39657942171906785 0.0 1.0 0.0 1.0 0.0 0.9455782312925171 0.0
1.0 0.0 0.0 0.0 1.0 0.0 0.7755102040816326 0.0
1.0 0.0 0.3333333333333333 0.0 0.13260432596292795 0.0 0.8775510204081632 0.0
0.5565213128853219 0.0 1.0 0.0 1.0 0.0 1.0 0.0
1.0 0.0 0.16666666666666666 0.0 1.0 0.0 0.12244897959183673 0.0
0.637169600702297 0.0 1.0 0.0 1.0 0.0 0.22448979591836735 0.0
1.0 0.0 0.16666666666666666 0.0 0.6491277835435443 0.0 0.23809523809523808 0.0
1.0 0.0 1.0 0.0 0.1523050037208566 0.0 1.0 0.0
0.34820069828636874 0.0 1.0 0.0 1.0 0.0 1.0 0.0
0.176383037033241 0.0 1.0 0.0 0.6245018627823415 0.0 1.0 0.0
0.36771662139911276 0.0 1.0 0.0 1.0 0.0 1.0 0.0
1.0 0.0 1.0 0.0 0.304479358147087 0.0 1.0 0.0
0.06804392920882417 0.0 1.0 0.0 0.19617727226047704 0.0 0.11564625850340136 0.0
0.09088417670611146 0.0 1.0 0.0 0.3890353462250446 0.0 0.8707482993197279 0.0
0.7643562018034237 0.0 1.0 0.0 1.0 0.0 1.0 0.0
0.09662821709709835 0.0 1.0 0.0 1.0 0.0 0.7414965986394558 0.0
1.0 0.0 1.0 0.0 1.0 0.0 0.1360544217687075 0.0
1.0 0.0 1.0 0.0 0.542316982848749 0.0 0.4557823129251701 0.0
1.0 0.0 1.0 0.0 0.49466000433732116 0.0 0.3333333333333333 0.0
0.13076047262445606 0.0 0.8333333333333334 0.0 1.0 0.0 0.7346938775510204 0.0
1.0 0.0 0.8333333333333334 0.0 0.21491220455677668 0.0 1.0 0.0
0.26208242631118084 0.0 0.8333333333333334 0.0 0.14209346662307767 0.0 1.0 0.0
1.0 0.0 1.0 0.0 0.2659866625902517 0.0 0.891156462585034 0.0
1.0 0.0 0.5 0.0 0.7169235857581676 0.0 0.9319727891156463 0.0
0.7985664408116521 0.0 1.0 0.0 1.0 0.0 0.1360544217687075 0.0
1.0 0.0 0.6666666666666666 0.0 0.34454425906695807 0.0 0.5714285714285714 0.0
1.0 0.0 1.0 0.0 0.01344128182259297 0.0 0.5918367346938775 0.0
0.5422280548914581 0.0 1.0 0.0 0.5405979441568427 0.0 1.0 0.0
0.8155445586469198 0.0 0.3333333333333333 0.0 1.0 0.0 1.0 0.0
0.7815036551971534 0.0 0.16666666666666666 0.0 1.0 0.0 1.0 0.0
1.0 0.0 1.0 0.0 0.49277824253746827 0.0 1.0 0.0
1.0 0.0 0.0 0.0 0.685392673222868 0.0 0.23809523809523808 0.0
0.8354637677607377 0.0 1.0 0.0 0.03602065788981968 0.0 0.4217687074829932 0.0
1.0 0.0 1.0 0.0 0.30382787720496435 0.0 0.1360544217687075 0.0
1.0 0.0 0.0 0.0 0.023899404751220498 0.0 1.0 0.0
0.3533008179353094 0.0 0.5 0.0 1.0 0.0 1.0 0.0
0.5432908583307524 0.0 1.0 0.0 1.0 0.0 1.0 0.0
0.2971749927029743 0.0 1.0 0.0 0.5506138015678503 0.0 0.8571428571428571 0.0
1.0 0.0 1.0 0.0 0.3248718298051648 0.0 1.0 0.0
1.0 0.0 0.0 0.0 1.0 0.0 0.5918367346938775 0.0
1.0 0.0 1.0 0.0 0.30825788876036475 0.0 1.0 0.0
1.0 0.0 0.6666666666666666 0.0 0.30621546363874175 0.0 0.32653061224489793 0.0
1.0 0.0 1.0 0.0 1.0 0.0 0.564625850340136 0.0
0.15226386044967502 0.0 1.0 0.0 1.0 0.0 1.0 0.0
0.7470973434370216 0.0 0.6666666666666666 0.0 0.010257440903998957 0.0 1.0 0.0
0.2526397408274716 0.0 1.0 0.0 0.2868361125243533 0.0 0.10884353741496598 0.0
0.6095166583855637 0.0 0.8333333333333334 0.0 0.6135114322546625 0.0 1.0 0.0
0.11847473223814818 0.0 1.0 0.0 1.0 0.0 1.0 0.0
1.0 0.0 1.0 0.0 0.6177875483571587 0.0 1.0 0.0
0.8196286649450885 0.0 1.0 0.0 1.0 0.0 0.41496598639455784 0.0
1.0 0.0 1.0 0.0 0.6791565234458105 0.0 1.0 0.0
1.0 0.0 0.8333333333333334 0.0 0.08794610186937366 0.0 0.36054421768707484 0.0
0.48476091378814784 0.0 1.0 0.0 0.02131260756865488 0.0 0.47619047619047616 0.0
0.6317486347320599 0.0 0.5 0.0 1.0 0.0 0.3129251700680272 0.0
0.48388527070294307 0.0 1.0 0.0 0.002744517952654932 0.0 1.0 0.0
1.0 0.0 1.0 0.0 0.07646691350751866 0.0 1.0 0.0
0.45734637811293344 0.0 1.0 0.0 0.2867110540779205 0.0 1.0 0.0
0.6424034063184444 0.0 1.0 0.0 0.16602111987043355 0.0 0.23129251700680273 0.0
1.0 0.0 1.0 0.0 1.0 0.0 0.6666666666666666 0.0
0.5339484373224483 0.0 1.0 0.0 1.0 0.0 0.6258503401360545 0.0
0.7345821088070087 0.0 1.0 0.0 1.0 0.0 0.6530612244897959 0.0
0.8400180030435839 0.0 1.0 0.0 0.026719840537239317 0.0 1.0 0.0
1.0 0.0 0.3333333333333333 0.0 0.48970033347938197 0.0 1.0 0.0
0.17772658100366967 0.0 0.3333333333333333 0.0 1.0 0.0 0.9115646258503401 0.0
0.4861868974383541 0.0 1.0 0.0 1.0 0.0 0.43537414965986393 0.0
0.4842016608253326 0.0 0.5 0.0 0.7102069172916401 0.0 1.0 0.0
0.6695416576614314 0.0 1.0 0.0 1.0 0.0 0.40816326530612246 0.0
0.6029437649978945 0.0 1.0 0.0 1.0 0.0 1.0 0.0
0.34908970996829414 0.0 0.5 0.0 0.6788175414921856 0.0 1.0 0.0
1.0 0.0 0.0 0.0 0.07520338181579568 0.0 0.5170068027210885 0.0
0.6573361288554476 0.0 1.0 0.0 1.0 0.0 1.0 0.0
0.6874600334660538 0.0 1.0 0.0 0.11622137522506842 0.0 0.673469387755102 0.0
1.0 0.0 1.0 0.0 1.0 0.0 0.673469387755102 0.0
0.45353187184863186 0.0 1.0 0.0 1.0 0.0 1.0 0.0
0.6791091167145337 0.0 1.0 0.0 0.663800817499708 0.0 1.0 0.0
0.18083032354232165 0.0 0.16666666666666666 0.0 1.0 0.0 0.24489795918367346 0.0
1.0 0.0 0.5 0.0 0.5439062550115333 0.0 0.5374149659863946 0.0
0.4000463444686317 0.0 1.0 0.0 1.0 0.0 0.6802721088435374 0.0
1.0 0.0 0.5 0.0 1.0 0.0 0.3741496598639456 0.0
1.0 0.0 0.8333333333333334 0.0 0.5004288769074724 0.0 1.0 0.0
0.39133447560565315 0.0 1.0 0.0 1.0 0.0 1.0 0.0
0.17246381009462738 0.0 1.0 0.0 0.7017364880233733 0.0 1.0 0.0
0.042492084676691626 0.0 1.0 0.0 0.5772444827891623 0.0 0.6394557823129252 0.0
0.12673875311098387 0.0 0.5 0.0 1.0 0.0 0.6802721088435374 0.0
0.21318232760637504 0.0 1.0 0.0 1.0 0.0 0.35374149659863946 0.0
0.36083847838632127 0.0 0.3333333333333333 0.0 1.0 0.0 0.6870748299319728 0.0
0.4942904951505415 0.0 1.0 0.0 0.5468802919952884 0.0 0.5918367346938775 0.0
1.0 0.0 1.0 0.0 0.3892195499602608 0.0 1.0 0.0
0.602538250897367 0.0 0.6666666666666666 0.0 1.0 0.0 0.20408163265306123 0.0
1.0 0.0 0.16666666666666666 0.0 0.25287524081107315 0.0 1.0 0.0
0.47233257503681936 0.0 0.3333333333333333 0.0 1.0 0.0 0.2857142857142857 0.0
0.3707111870645458 0.0 1.0 0.0 0.7341707639246695 0.0 1.0 0.0
1.0 0.0 1.0 0.0 0.43321393439463324 0.0 0.3673469387755102 0.0
1.0 0.0 0.0 0.0 1.0 0.0 0.5782312925170068 0.0
0.07795228747830388 0.0 1.0 0.0 1.0 0.0 0.7346938775510204 0.0
1.0 0.0 1.0 0.0 0.034536434822038886 0.0 0.5850340136054422 0.0
1.0 0.0 1.0 0.0 0.2832959285972179 0.0 0.6462585034013606 0.0
1.0 0.0 0.6666666666666666 0.0 0.5546286190810941 0.0 1.0 0.0
1.0 0.0 0.3333333333333333 0.0 1.0 0.0 0.2857142857142857 0.0
1.0 0.0 0.3333333333333333 0.0 0.6629774915394283 0.0 0.5918367346938775 0.0
0.48547390561325093 0.0 1.0 0.0 0.05352766336973368 0.0 0.7074829931972789 0.0
1.0 0.0 1.0 0.0 0.2802256701735017 0.0 0.7074829931972789 0.0
1.0 0.0 1.0 0.0 0.13071991586656234 0.0 0.5714285714285714 0.0
1.0 0.0 0.0 0.0 0.20681312531062312 0.0 1.0 0.0
1.0 0.0 0.6666666666666666 0.0 0.7395500426522866 0.0 0.22448979591836735 0.0
1.0 0.0 0.0 0.0 0.6329234456927075 0.0 0.5986394557823129 0.0
0.2057649845258493 0.0 0.6666666666666666 0.0 0.08302056461093141 0.0 1.0 0.0
1.0 0.0 0.16666666666666666 0.0 0.03510964388945304 0.0 1.0 0.0
0.23006686526459796 0.0 1.0 0.0 1.0 0.0 0.5238095238095238 0.0
0.1303371337283011 0.0 1.0 0.0 1.0 0.0 1.0 0.0
1.0 0.0 1.0 0.0 0.583160188688184 0.0 0.9387755102040817 0.0
0.7611967567784356 0.0 0.3333333333333333 0.0 0.6846058349034299 0.0 1.0 0.0
0.17859999598942097 0.0 1.0 0.0 1.0 0.0 0.14285714285714285 0.0
0.06428512543085874 0.0 0.6666666666666666 0.0 1.0 0.0 1.0 0.0
0.7139343111719134 0.0 0.3333333333333333 0.0 0.4718784749696255 0.0 1.0 0.0
0.1890988006140642 0.0 1.0 0.0 0.11310344746412368 0.0 0.25170068027210885 0.0
1.0 0.0 0.6666666666666666 0.0 0.4802379700395273 0.0 1.0 0.0
0.10702230104742955 0.0 1.0 0.0 1.0 0.0 0.3197278911564626 0.0
0.7011271955134989 0.0 0.8333333333333334 0.0 0.709286487125895 0.0 1.0 0.0
0.6149732739470559 0.0 1.0 0.0 1.0 0.0 0.891156462585034 0.0
1.0 0.0 1.0 0.0 1.0 0.0 0.7482993197278912 0.0
0.5859210851735578 0.0 1.0 0.0 0.6653877356211476 0.0 1.0 0.0
0.5164355756183533 0.0 1.0 0.0 1.0 0.0 1.0 0.0
0.7964163248390755 0.0 1.0 0.0 0.5413062163464043 0.0 1.0 0.0
1.0 0.0 0.16666666666666666 0.0 0.43461488324984826 0.0 0.5374149659863946 0.0
0.22354967436326487 0.0 0.6666666666666666 0.0 0.44263363083511675 0.0 1.0 0.0
1.0 0.0 1.0 0.0 0.26511419601690317 0.0 1.0 0.0
0.3746905726884025 0.0 0.16666666666666666 0.0 0.21121282858371163 0.0 1.0 0.0
0.014179624921738007 0.0 0.0 0.0 1.0 0.0 0.3945578231292517 0.0
1.0 0.0 0.6666666666666666 0.0 0.07358644966721212 0.0 0.7687074829931972 0.0
1.0 0.0 0.6666666666666666 0.0 1.0 0.0 0.5510204081632653 0.0
0.1689723782510756 0.0 1.0 0.0 1.0 0.0 1.0 0.0
0.07456334820961068 0.0 0.0 0.0 1.0 0.0 1.0 0.0
1.0 0.0 0.16666666666666666 0.0 0.27317590485671095 0.0 0.5850340136054422 0.0
0.7331605813557094 0.0 0.16666666666666666 0.0 1.0 0.0 0.17687074829931973 0.0
0.3708671540262871 0.0 1.0 0.0 0.5007463782338275 0.0 0.7619047619047619 0.0
1.0 0.0 1.0 0.0 0.3677115569600028 0.0 0.9455782312925171 0.0
1.0 0.0 0.8333333333333334 0.0 0.31267877840555486 0.0 0.9115646258503401 0.0
1.0 0.0 0.3333333333333333 0.0 1.0 0.0 0.54421768707483 0.0
0.7392455209630737 0.0 1.0 0.0 1.0 0.0 1.0 0.0
0.6787258836085408 0.0 0.3333333333333333 0.0 1.0 0.0 0.9523809523809523 0.0
0.30469260025890516 0.0 0.6666666666666666 0.0 1.0 0.0 1.0 0.0
0.8337481311815834 0.0 1.0 0.0 0.17369382337804345 0.0 0.4013605442176871 0.0
1.0 0.0 1.0 0.0 0.5410275567022352 0.0 0.09523809523809523 0.0
0.8008056807623665 0.0 1.0 0.0 0.03919214009135446 0.0 1.0 0.0
0.6818920129318893 0.0 0.5 0.0 0.4235367646820823 0.0 1.0 0.0
0.6195163687326347 0.0 0.0 0.0 1.0 0.0 0.7551020408163265 0.0
1.0 0.0 0.16666666666666666 0.0 1.0 0.0 1.0 0.0
0.2573142934808038 0.0 1.0 0.0 1.0 0.0 0.5986394557823129 0.0
1.0 0.0 0.8333333333333334 0.0 0.539163744467635 0.0 1.0 0.0
1.0 0.0 1.0 0.0 0.5566245518861609 0.0 1.0 0.0
1.0 0.0 0.5 0.0 0.6302842710902242 0.0 1.0 0.0
0.7907213026360644 0.0 0.8333333333333334 0.0 0.7107039142705223 0.0 1.0 0.0
0.42492753106527664 0.0 0.16666666666666666 0.0 1.0 0.0 0.4965986394557823 0.0
1.0 0.0 1.0 0.0 0.23771580306207812 0.0 0.7142857142857143 0.0
0.36761190072480077 0.0 1.0 0.0 1.0 0.0 0.38095238095238093 0.0
1.0 0.0 1.0 0.0 1.0 0.0 0.5306122448979592 0.0
0.6114528768106093 0.0 1.0 0.0 1.0 0.0 0.2653061224489796 0.0
0.23154186710278 0.0 1.0 0.0 0.35316446421577613 0.0 0.24489795918367346 0.0
1.0 0.0 1.0 0.0 0.3496078019992285 0.0 0.11564625850340136 0.0
0.7608915071533133 0.0 0.8333333333333334 0.0 0.03716207368679068 0.0 1.0 0.0
1.0 0.0 0.8333333333333334 0.0 0.13731917652102704 0.0 1.0 0.0
1.0 0.0 1.0 0.0 0.3148695081318887 0.0 1.0 0.0
0.33777096474478235 0.0 1.0 0.0 1.0 0.0 1.0 0.0
0.7296468685176232 0.0 1.0 0.0 1.0 0.0 1.0 0.0
0.672090603436175 0.0 1.0 0.0 1.0 0.0 1.0 0.0
0.0939544977529617 0.0 1.0 0.0 0.6554092486164858 0.0 0.7142857142857143 0.0
0.8390131301900792 0.0 1.0 0.0 1.0 0.0 1.0 0.0
0.7817643428332067 0.0 1.0 0.0 1.0 0.0 0.3129251700680272 0.0
0.7251305109254856 0.0 1.0 0.0 0.5834370828013445 0.0 1.0 0.0
0.8236459282596538 0.0 0.3333333333333333 0.0 0.1642617682205007 0.0 1.0 0.0
1.0 0.0 1.0 0.0 0.6059246512561312 0.0 1.0 0.0
0.7518431952728643 0.0 1.0 0.0 1.0 0.0 1.0 0.0
0.22068879466503866 0.0 1.0 0.0 1.0 0.0 0.7278911564625851 0.0
0.6851806877251773 0.0 0.8333333333333334 0.0 1.0 0.0 1.0 0.0
1.0 0.0 0.3333333333333333 0.0 0.235161373948001 0.0 0.3129251700680272 0.0
0.3123327532847756 0.0 0.3333333333333333 0.0 1.0 0.0 1.0 0.0
1.0 0.0 0.8333333333333334 0.0 1.0 0.0 0.1360544217687075 0.0
1.0 0.0 1.0 0.0 0.12956937815938097 0.0 1.0 0.0
1.0 0.0 0.0 0.0 0.40846207242149346 0.0 0.48299319727891155 0.0
0.7669630781639569 0.0 0.16666666666666666 0.0 1.0 0.0 1.0 0.0
0.7638571075258516 0.0 1.0 0.0 1.0 0.0 1.0 0.0
0.6071236795725614 0.0 1.0 0.0 0.569047122316871 0.0 0.9183673469387755 0.0
1.0 0.0 0.8333333333333334 0.0 1.0 0.0 0.9251700680272109 0.0
0.7724954491068663 0.0 1.0 0.0 0.23791059998334516 0.0 0.6462585034013606 0.0
0.5379166824490378 0.0 1.0 0.0 0.4439413008020513 0.0 0.32653061224489793 0.0
0.121204154068621 0.0 0.3333333333333333 0.0 0.517736083128262 0.0 1.0 0.0
1.0 0.0 0.5 0.0 0.2836484462885743 0.0 0.4421768707482993 0.0
0.6227560253379469 0.0 1.0 0.0 1.0 0.0 0.8979591836734694 0.0
1.0 0.0 0.6666666666666666 0.0 0.6855200857106454 0.0 0.891156462585034 0.0
0.2584038341135395 0.0 0.3333333333333333 0.0 0.6488014545621469 0.0 1.0 0.0
0.5592641033125154 0.0 0.6666666666666666 0.0 1.0 0.0 0.5306122448979592 0.0
0.5043124864921471 0.0 1.0 0.0 1.0 0.0 0.8095238095238095 0.0
1.0 0.0 1.0 0.0 0.1387857442787232 0.0 1.0 0.0
0.19557588572523524 0.0 0.5 0.0 1.0 0.0 1.0 0.0
0.7986421961930693 0.0 1.0 0.0 1.0 0.0 1.0 0.0
1.0 0.0 1.0 0.0 0.11312139702937637 0.0 1.0 0.0
0.7076867203044475 0.0 0.16666666666666666 0.0 1.0 0.0 0.8775510204081632 0.0
0.506404671878934 0.0 0.5 0.0 1.0 0.0 0.6938775510204082 0.0
0.11808704293324837 0.0 1.0 0.0 0.30392115609324477 0.0 0.48299319727891155 0.0
0.6735054465891139 0.0 1.0 0.0 1.0 0.0 1.0 0.0
0.23982148467178982 0.0 0.0 0.0 1.0 0.0 0.19727891156462585 0.0
0.06178965404299786 0.0 0.5 0.0 0.2186401232811452 0.0 1.0 0.0
0.22731293434013722 0.0 1.0 0.0 1.0 0.0 1.0 0.0
0.2663559210628926 0.0 1.0 0.0 0.3870308800201035 0.0 1.0 0.0
1.0 0.0 0.6666666666666666 0.0 0.44690150779290677 0.0 0.3469387755102041 0.0
0.5637871452030133 0.0 1.0 0.0 1.0 0.0 0.16326530612244897 0.0
1.0 0.0 1.0 0.0 0.4885921685164037 0.0 1.0 0.0
0.31160193666404495 0.0 1.0 0.0 0.6573216129538187 0.0 1.0 0.0
0.5527112628199272 0.0 0.5 0.0 1.0 0.0 1.0 0.0
0.8314687854407069 0.0 1.0 0.0 0.5616274782538074 0.0 1.0 0.0
0.3114504259012105 0.0 1.0 0.0 0.3094543302737662 0.0 1.0 0.0
1.0 0.0 1.0 0.0 0.23712405591907512 0.0 0.5714285714285714 0.0
1.0 0.0 0.16666666666666666 0.0 0.7316022105625246 0.0 0.35374149659863946 0.0
1.0 0.0 0.0 0.0 0.38005350147465977 0.0 0.5102040816326531 0.0
1.0 0.0 1.0 0.0 0.32814571280519045 0.0 1.0 0.0
0.347175772537783 0.0 1.0 0.0 1.0 0.0 1.0 0.0
0.03939948263530691 0.0 0.16666666666666666 0.0 0.6647159510724276 0.0 1.0 0.0
0.05218654539864041 0.0 1.0 0.0 1.0 0.0 0.17006802721088435 0.0
0.5049630915325537 0.0 1.0 0.0 0.14823280644983788 0.0 0.8435374149659864 0.0
0.3002609104459987 0.0 0.5 0.0 0.5610707474758057 0.0 1.0 0.0
1.0 0.0 1.0 0.0 0.34424441305068754 0.0 1.0 0.0
1.0 0.0 1.0 0.0 0.3302078530230746 0.0 1.0 0.0
0.4048412144924501 0.0 0.0 0.0 1.0 0.0 0.1292517006802721 0.0
0.21880382252742234 0.0 0.6666666666666666 0.0 1.0 0.0 1.0 0.0
0.3538244213068695 0.0 0.16666666666666666 0.0 0.011276740806217964 0.0 1.0 0.0
0.45082918721160037 0.0 1.0 0.0 0.6897929650062926 0.0 0.10884353741496598 0.0
1.0 0.0 0.6666666666666666 0.0 0.06653992115727027 0.0 1.0 0.0
0.650567162715875 0.0 0.8333333333333334 0.0 1.0 0.0 0.8639455782312925 0.0
0.833491899744437 0.0 1.0 0.0 1.0 0.0 0.7482993197278912 0.0
1.0 0.0 1.0 0.0 0.628290692326502 0.0 1.0 0.0
0.34394948452919144 0.0 1.0 0.0 1.0 0.0 0.2857142857142857 0.0
0.6393063480781528 0.0 0.16666666666666666 0.0 1.0 0.0 0.38095238095238093 0.0
0.23373877316387895 0.0 1.0 0.0 0.21919155746612168 0.0 0.43537414965986393 0.0
1.0 0.0 0.6666666666666666 0.0 0.041645933937949235 0.0 0.6802721088435374 0.0
0.43239612043323167 0.0 1.0 0.0 1.0 0.0 0.35374149659863946 0.0
0.7074505417623821 0.0 1.0 0.0 1.0 0.0 0.1564625850340136 0.0
0.04508113624159728 0.0 0.3333333333333333 0.0 0.12938164336214777 0.0 1.0 0.0
0.3834937936289724 0.0 1.0 0.0 1.0 0.0 1.0 0.0
0.8402965154752647 0.0 1.0 0.0 0.35102934871620883 0.0 1.0 0.0
0.7741442427024172 0.0 0.0 0.0 1.0 0.0 1.0 0.0
0.5723296785075299 0.0 1.0 0.0 0.6695382047668749 0.0 0.6666666666666666 0.0
1.0 0.0 1.0 0.0 0.7310949146527598 0.0 0.9251700680272109 0.0
1.0 0.0 1.0 0.0 0.5615297855380058 0.0 0.7551020408163265 0.0
0.6159536377065726 0.0 0.5 0.0 0.44538933048415863 0.0 1.0 0.0
1.0 0.0 0.8333333333333334 0.0 1.0 0.0 0.25170068027210885 0.0
1.0 0.0 1.0 0.0 0.3589733554887858 0.0 1.0 0.0
0.4750686811656525 0.0 1.0 0.0 1.0 0.0 1.0 0.0
0.0308413526346162 0.0 1.0 0.0 0.029246609665517207 0.0 1.0 0.0
0.45319097263225444 0.0 1.0 0.0 1.0 0.0 1.0 0.0
0.09524011113760074 0.0 0.8333333333333334 0.0 1.0 0.0 0.5374149659863946 0.0
0.4568561962331751 0.0 0.5 0.0 1.0 0.0 1.0 0.0
0.608810350858821 0.0 1.0 0.0 1.0 0.0 0.6394557823129252 0.0
0.09954257118220729 0.0 0.8333333333333334 0.0 0.5259690484758907 0.0 1.0 0.0
0.7162960965925675 0.0 1.0 0.0 0.059720851892252 0.0 1.0 0.0
0.08208541196444845 0.0 1.0 0.0 0.24392900093602568 0.0 1.0 0.0
1.0 0.0 1.0 0.0 0.27799815855115817 0.0 0.1292517006802721 0.0
1.0 0.0 0.8333333333333334 0.0 1.0 0.0 0.673469387755102 0.0
1.0 0.0 1.0 0.0 0.29284774560816806 0.0 0.6530612244897959 0.0
0.5934097274365938 0.0 0.6666666666666666 0.0 0.5430208412107894 0.0 1.0 0.0
1.0 0.0 0.5 0.0 0.3675085208940296 0.0 0.35374149659863946 0.0
0.20203291794132522 0.0 1.0 0.0 0.32531939191581005 0.0 0.5374149659863946 0.0
1.0 0.0 0.3333333333333333 0.0 0.05560098528400479 0.0 0.1292517006802721 0.0
0.04745851835842545 0.0 1.0 0.0 1.0 0.0 1.0 0.0
0.6080327441495679 0.0 0.16666666666666666 0.0 0.5718434291791076 0.0 1.0 0.0
0.24900793871835264 0.0 0.0 0.0 1.0 0.0 0.9115646258503401 0.0
1.0 0.0 1.0 0.0 0.4624061068540562 0.0 0.3197278911564626 0.0
1.0 0.0 0.6666666666666666 0.0 0.4588329663480962 0.0 0.5986394557823129 0.0
0.46625877592672227 0.0 0.3333333333333333 0.0 1.0 0.0 0.6598639455782312 0.0
0.2410669922662668 0.0 1.0 0.0 1.0 0.0 1.0 0.0
0.38528741368899744 0.0 1.0 0.0 0.3209741258488158 0.0 0.5986394557823129 0.0
1.0 0.0 0.5 0.0 0.5897047178813863 0.0 1.0 0.0
0.5270747505085637 0.0 0.8333333333333334 0.0 1.0 0.0 0.6802721088435374 0.0
0.6904835644243816 0.0 0.16666666666666666 0.0 0.7149732625041527 0.0 1.0 0.0
0.6616541855962282 0.0 0.5 0.0 0.4375506670617533 0.0 1.0 0.0
0.05628847649243671 0.0 1.0 0.0 1.0 0.0 0.8503401360544217 0.0
1.0 0.0 0.16666666666666666 0.0 0.06863531220914716 0.0 0.3741496598639456 0.0
0.08485271148562987 0.0 1.0 0.0 1.0 0.0 1.0 0.0
1.0 0.0 1.0 0.0 0.12150972910574971 0.0 1.0 0.0
0.7306651099678485 0.0 1.0 0.0 0.09094603330791949 0.0 0.9251700680272109 0.0
1.0 0.0 0.6666666666666666 0.0 0.4388386219324267 0.0 1.0 0.0
0.12330525185322172 0.0 1.0 0.0 0.6993883317821181 0.0 0.3945578231292517 0.0
1.0 0.0 0.6666666666666666 0.0 0.40780970871386657 0.0 1.0 0.0
1.0 0.0 0.16666666666666666 0.0 0.016690447388500097 0.0 0.8571428571428571 0.0
0.3289699719036659 0.0 0.16666666666666666 0.0 1.0 0.0 1.0 0.0
0.30668452117028694 0.0 1.0 0.0 0.7181856461740501 0.0 1.0 0.0
0.14369236185226364 0.0 1.0 0.0 1.0 0.0 0.8571428571428571 0.0
0.04729363899887035 0.0 1.0 0.0 0.5682390976253313 0.0 0.35374149659863946 0.0
1.0 0.0 1.0 0.0 0.36596691806847376 0.0 1.0 0.0
1.0 0.0 1.0 0.0 0.25779518722132194 0.0 0.47619047619047616 0.0
0.5680428151590975 0.0 1.0 0.0 0.5771306060391165 0.0 1.0 0.0
0.6799468821090299 0.0 1.0 0.0 1.0 0.0 0.6258503401360545 0.0
0.5235565814715706 0.0 1.0 0.0 1.0 0.0 1.0 0.0
1.0 0.0 0.5 0.0 0.12361924440569431 0.0 0.8843537414965986 0.0
1.0 0.0 1.0 0.0 0.5063584127993936 0.0 1.0 0.0
0.14446774046206326 0.0 1.0 0.0 1.0 0.0 1.0 0.0
1.0 0.0 1.0 0.0 0.6158690046612961 0.0 1.0 0.0
0.7650335440372716 0.0 0.5 0.0 1.0 0.0 1.0 0.0
0.6214726400527614 0.0 0.5 0.0 0.10064733194425277 0.0 1.0 0.0
1.0 0.0 1.0 0.0 0.34582397479292526 0.0 0.6666666666666666 0.0
1.0 0.0 0.6666666666666666 0.0 0.5694005227737317 0.0 0.9319727891156463 0.0
0.6199285671315224 0.0 0.6666666666666666 0.0 0.7309368996275024 0.0 1.0 0.0
1.0 0.0 0.5 0.0 0.4243341961875712 0.0 1.0 0.0
1.0 0.0 0.0 0.0 0.6946549431484302 0.0 1.0 0.0
0.8223892801679096 0.0 1.0 0.0 0.4284617134301884 0.0 1.0 0.0
0.07432939776699873 0.0 0.5 0.0 1.0 0.0 1.0 0.0
1.0 0.0 1.0 0.0 0.7072040433014135 0.0 0.9183673469387755 0.0
0.48674392230171587 0.0 0.3333333333333333 0.0 0.46367787769048535 0.0 1.0 0.0
0.5908719221591175 0.0 0.3333333333333333 0.0 1.0 0.0 0.7619047619047619 0.0
0.49334578098227994 0.0 1.0 0.0 1.0 0.0 0.7346938775510204 0.0
1.0 0.0 1.0 0.0 0.0808766214563218 0.0 0.3469387755102041 0.0
1.0 0.0 1.0 0.0 0.27396186041064485 0.0 0.6394557823129252 0.0
1.0 0.0 1.0 0.0 0.5642357560636427 0.0 1.0 0.0
0.6512868388393385 0.0 1.0 0.0 1.0 0.0 1.0 0.0
1.0 0.0 0.3333333333333333 0.0 0.6887033381189032 0.0 1.0 0.0
0.24943796191286793 0.0 1.0 0.0 0.2513874866812755 0.0 0.9591836734693877 0.0
0.6727211555815006 0.0 1.0 0.0 1.0 0.0 0.564625850340136 0.0
0.10828563343753411 0.0 1.0 0.0 1.0 0.0 0.2585034013605442 0.0
0.5643419419669217 0.0 1.0 0.0 1.0 0.0 1.0 0.0
1.0 0.0 1.0 0.0 0.505607767865629 0.0 1.0 0.0
1.0 0.0 1.0 0.0 1.0 0.0 0.8775510204081632 0.0
0.11861064630480846 0.0 1.0 0.0 1.0 0.0 1.0 0.0
0.7348071468518069 0.0 0.6666666666666666 0.0 1.0 0.0 1.0 0.0
0.5377896807801913 0.0 0.16666666666666666 0.0 1.0 0.0 0.9387755102040817 0.0
1.0 0.0 1.0 0.0 0.5985223682479841 0.0 0.4421768707482993 0.0
0.5888443516564805 0.0 0.5 0.0 0.24978497303592767 0.0 1.0 0.0
1.0 0.0 0.3333333333333333 0.0 0.1990574418456155 0.0 0.25170068027210885 0.0
0.3899575101434228 0.0 1.0 0.0 1.0 0.0 0.8639455782312925 0.0
0.5530231967434098 0.0 1.0 0.0 0.0018752881861552355 0.0 0.3673469387755102 0.0
0.5820842979147217 0.0 1.0 0.0 0.3516958366719034 0.0 0.08843537414965986 0.0
0.5989198173849688 0.0 1.0 0.0 0.5463880030990954 0.0 0.7482993197278912 0.0
0.5502826344156698 0.0 0.3333333333333333 0.0 1.0 0.0 0.46938775510204084 0.0
1.0 0.0 1.0 0.0 0.4974780860819954 0.0 1.0 0.0
0.3100422670466319 0.0 1.0 0.0 0.5095619688142488 0.0 0.6394557823129252 0.0
0.09040290722416686 0.0 0.6666666666666666 0.0 1.0 0.0 0.2653061224489796 0.0
1.0 0.0 1.0 0.0 0.6142135250856945 0.0 1.0 0.0
1.0 0.0 1.0 0.0 0.396889605171358 0.0 1.0 0.0
0.3995873559812216 0.0 0.6666666666666666 0.0 0.696127690264656 0.0 1.0 0.0
0.14936510306074022 0.0 1.0 0.0 1.0 0.0 1.0 0.0
0.1903821858992498 0.0 1.0 0.0 0.15170384041247512 0.0 1.0 0.0
0.7546260914902198 0.0 0.6666666666666666 0.0 1.0 0.0 0.41496598639455784 0.0
0.8361433380940392 0.0 0.16666666666666666 0.0 1.0 0.0 1.0 0.0
0.215314618783324 0.0 1.0 0.0 1.0 0.0 0.8163265306122449 0.0
0.7044537479974956 0.0 0.8333333333333334 0.0 1.0 0.0 0.9455782312925171 0.0
0.6188345702998799 0.0 0.6666666666666666 0.0 0.033475056430784855 0.0 1.0 0.0
0.45292805689674764 0.0 1.0 0.0 0.5810150685129021 0.0 1.0 0.0
0.10122701436901338 0.0 0.8333333333333334 0.0 1.0 0.0 0.7687074829931972 0.0
1.0 0.0 0.16666666666666666 0.0 0.12509375705292855 0.0 1.0 0.0
0.5416264680390274 0.0 1.0 0.0 0.30945462452893424 0.0 0.42857142857142855 0.0
0.8193501525134076 0.0 1.0 0.0 1.0 0.0 1.0 0.0
0.4187868889715761 0.0 0.8333333333333334 0.0 0.6995348708558206 0.0 1.0 0.0
1.0 0.0 1.0 0.0 0.3729531242689598 0.0 0.8775510204081632 0.0
0.8278592643261224 0.0 1.0 0.0 0.31015053800143655 0.0 0.17687074829931973 0.0
1.0 0.0 0.6666666666666666 0.0 0.11258496985797185 0.0 1.0 0.0
1.0 0.0 0.8333333333333334 0.0 0.6649528264827297 0.0 0.43537414965986393 0.0
0.14890834267278355 0.0 1.0 0.0 0.2681250148966679 0.0 1.0 0.0
1.0 0.0 1.0 0.0 0.6541783792484194 0.0 1.0 0.0
0.8404547105364595 0.0 1.0 0.0 1.0 0.0 1.0 0.0
1.0 0.0 0.6666666666666666 0.0 1.0 0.0 0.5578231292517006 0.0
0.5234696855928861 0.0 1.0 0.0 1.0 0.0 1.0 0.0
1.0 0.0 0.16666666666666666 0.0 1.0 0.0 0.42857142857142855 0.0
0.6061254910174171 0.0 0.5 0.0 1.0 0.0 1.0 0.0
0.5369920211758572 0.0 1.0 0.0 1.0 0.0 1.0 0.0
0.03417458941697322 0.0 1.0 0.0 1.0 0.0 0.4897959183673469 0.0
0.7495393404379997 0.0 0.5 0.0 1.0 0.0 0.16326530612244897 0.0
0.7732284938270505 0.0 1.0 0.0 1.0 0.0 0.9047619047619048 0.0
0.45609641431954956 0.0 1.0 0.0 0.16230703113896466 0.0 1.0 0.0
1.0 0.0 0.3333333333333333 0.0 0.3842201546546312 0.0 1.0 0.0
0.3104232720531714 0.0 0.3333333333333333 0.0 1.0 0.0 0.41496598639455784 0.0
0.5761753781641797 0.0 1.0 0.0 0.6717042170590902 0.0 1.0 0.0
0.7446419778393228 0.0 1.0 0.0 0.03574140973531453 0.0 1.0 0.0
0.6462179125827461 0.0 1.0 0.0 0.09079037232400672 0.0 1.0 0.0
1.0 0.0 0.6666666666666666 0.0 1.0 0.0 0.5170068027210885 0.0
1.0 0.0 1.0 0.0 0.6610624789055827 0.0 1.0 0.0
1.0 0.0 1.0 0.0 0.6032313337027216 0.0 1.0 0.0
0.4928667395997888 0.0 1.0 0.0 1.0 0.0 1.0 0.0
0.39793856238567066 0.0 0.0 0.0 1.0 0.0 1.0 0.0
0.6426284443632426 0.0 0.6666666666666666 0.0 0.14384722742481706 0.0 1.0 0.0
1.0 0.0 0.5 0.0 0.28631616364236107 0.0 1.0 0.0
1.0 0.0 0.5 0.0 0.6348025591960478 0.0 0.17687074829931973 0.0
0.3408279171949119 0.0 0.3333333333333333 0.0 0.10989371209073888 0.0 1.0 0.0
0.04654722568196554 0.0 0.16666666666666666 0.0 1.0 0.0 1.0 0.0
0.6624852666923641 0.0 1.0 0.0 0.3713938661333194 0.0 0.5510204081632653 0.0
1.0 0.0 1.0 0.0 0.3570353909518301 0.0 1.0 0.0
0.6943983351640883 0.0 0.8333333333333334 0.0 1.0 0.0 0.5714285714285714 0.0
1.0 0.0 0.6666666666666666 0.0 0.5453598755418341 0.0 1.0 0.0
0.6468150432362699 0.0 0.3333333333333333 0.0 0.09592895032413679 0.0 1.0 0.0
0.20485814804829627 0.0 1.0 0.0 1.0 0.0 0.6462585034013606 0.0
1.0 0.0 1.0 0.0 0.688500007797762 0.0 1.0 0.0
0.5523659074046429 0.0 1.0 0.0 0.19615549737803933 0.0 1.0 0.0
1.0 0.0 1.0 0.0 0.44802821083147387 0.0 0.5034013605442177 0.0
1.0 0.0 0.3333333333333333 0.0 1.0 0.0 0.2857142857142857 0.0
0.803722262946929 0.0 1.0 0.0 1.0 0.0 1.0 0.0
0.8289554892572185 0.0 0.16666666666666666 0.0 1.0 0.0 0.5238095238095238 0.0
1.0 0.0 1.0 0.0 0.740070874299783 0.0 1.0 0.0
0.19195522411338353 0.0 1.0 0.0 0.3311465270092405 0.0 0.19727891156462585 0.0
0.77061047696925 0.0 1.0 0.0 1.0 0.0 1.0 0.0
1.0 0.0 0.3333333333333333 0.0 0.7062000446679345 0.0 0.25170068027210885 0.0
1.0 0.0 0.6666666666666666 0.0 0.6070837223631868 0.0 0.4897959183673469 0.0
1.0 0.0 0.16666666666666666 0.0 1.0 0.0 0.6190476190476191 0.0
0.6001051662942027 0.0 1.0 0.0 0.7084675749931365 0.0 0.9591836734693877 0.0
0.5020888432376067 0.0 0.6666666666666666 0.0 1.0 0.0 1.0 0.0
0.056711815388591685 0.0 1.0 0.0 1.0 0.0 1.0 0.0
0.28295526199107424 0.0 0.0 0.0 0.0670004304953109 0.0 1.0 0.0
0.829949221613456 0.0 0.3333333333333333 0.0 1.0 0.0 0.6190476190476191 0.0
0.5230329781000105 0.0 0.0 0.0 0.6245336423404938 0.0 1.0 0.0
0.4967079830575318 0.0 1.0 0.0 1.0 0.0 0.8639455782312925 0.0
0.5803864861311949 0.0 0.8333333333333334 0.0 1.0 0.0 0.6394557823129252 0.0
0.8148360230207236 0.0 0.6666666666666666 0.0 0.16074306492063498 0.0 1.0 0.0
1.0 0.0 0.3333333333333333 0.0 0.10556051048563579 0.0 0.5714285714285714 0.0
0.33516854458315604 0.0 0.0 0.0 0.047847067350005636 0.0 1.0 0.0
1.0 0.0 0.16666666666666666 0.0 0.40130578673385886 0.0 1.0 0.0
1.0 0.0 0.8333333333333334 0.0 0.07952187066249491 0.0 0.23129251700680273 0.0
0.25538698745357197 0.0 1.0 0.0 0.0965539483011325 0.0 0.3129251700680272 0.0
0.4892549903857509 0.0 1.0 0.0 1.0 0.0 1.0 0.0
1.0 0.0 1.0 0.0 0.2859171536344486 0.0 0.9183673469387755 0.0
0.21035486939995054 0.0 1.0 0.0 1.0 0.0 1.0 0.0
1.0 0.0 1.0 0.0 0.5620156008205011 0.0 0.1836734693877551 0.0
0.4614037472176608 0.0 0.8333333333333334 0.0 0.5366605157528033 0.0 1.0 0.0
1.0 0.0 1.0 0.0 0.029805400229695585 0.0 1.0 0.0
0.31299449882244945 0.0 0.5 0.0 1.0 0.0 0.9523809523809523 0.0
0.5501199831555681 0.0 0.8333333333333334 0.0 0.461156993665569 0.0 1.0 0.0
0.5501199831555681 0.0 1.0 0.0 0.22279706604057015 0.0 1.0 0.0
0.4123075757609517 0.0 0.3333333333333333 0.0 1.0 0.0 0.6802721088435374 0.0
0.044145334471149454 0.0 1.0 0.0 1.0 0.0 1.0 0.0
0.7852691432734792 0.0 1.0 0.0 0.0762865350894874 0.0 1.0 0.0
0.8113178539837305 0.0 1.0 0.0 1.0 0.0 1.0 0.0
0.610430179161477 0.0 0.6666666666666666 0.0 1.0 0.0 0.09523809523809523 0.0
0.6157976707448314 0.0 1.0 0.0 0.023662529340918448 0.0 0.36054421768707484 0.0
0.7402682186122059 0.0 1.0 0.0 0.3438465800634473 0.0 1.0 0.0
0.05814225523770479 0.0 0.6666666666666666 0.0 1.0 0.0 1.0 0.0
0.0370956278004425 0.0 0.5 0.0 1.0 0.0 0.10204081632653061 0.0
0.17554304353929143 0.0 0.16666666666666666 0.0 0.5499629091360639 0.0 1.0 0.0
1.0 0.0 0.3333333333333333 0.0 0.1828575178222999 0.0 0.6666666666666666 0.0
0.5907048147001089 0.0 1.0 0.0 0.22560072928200856 0.0 0.25170068027210885 0.0
0.4436703036676745 0.0 0.5 0.0 1.0 0.0 1.0 0.0
0.5718417247272249 0.0 0.5 0.0 1.0 0.0 0.2108843537414966 0.0
1.0 0.0 0.3333333333333333 0.0 1.0 0.0 0.3197278911564626 0.0
0.6378558553339587 0.0 0.8333333333333334 0.0 0.7396180155961124 0.0 1.0 0.0
0.16872951541064987 0.0 0.6666666666666666 0.0 1.0 0.0 0.14285714285714285 0.0
1.0 0.0 0.6666666666666666 0.0 0.3664268388961782 0.0 1.0 0.0
1.0 0.0 0.3333333333333333 0.0 0.20277506163910133 0.0 1.0 0.0
1.0 0.0 1.0 0.0 0.3446481311412893 0.0 1.0 0.0
1.0 0.0 0.6666666666666666 0.0 0.17398660727028015 0.0 0.2653061224489796 0.0
0.5328878619826074 0.0 1.0 0.0 0.18253413139258318 0.0 0.6258503401360545 0.0
1.0 0.0 0.5 0.0 0.09339865013384197 0.0 0.9319727891156463 0.0
1.0 0.0 1.0 0.0 0.5586087144845047 0.0 1.0 0.0
1.0 0.0 0.0 0.0 0.6775319406628568 0.0 0.19727891156462585 0.0
0.8323355161280979 0.0 1.0 0.0 0.06848936164578093 0.0 0.10204081632653061 0.0
0.036716850893356474 0.0 1.0 0.0 1.0 0.0 1.0 0.0
1.0 0.0 0.3333333333333333 0.0 0.4174883497022579 0.0 0.19727891156462585 0.0
0.425208271596411 0.0 0.3333333333333333 0.0 1.0 0.0 0.2108843537414966 0.0
0.32488586560549715 0.0 1.0 0.0 0.40181955625732146 0.0 1.0 0.0
1.0 0.0 1.0 0.0 0.10614637252527725 0.0 1.0 0.0
0.6093317261309276 0.0 0.5 0.0 1.0 0.0 0.2857142857142857 0.0
0.6806576458346795 0.0 1.0 0.0 1.0 0.0 1.0 0.0
0.5885591549264393 0.0 0.0 0.0 0.7043441773228724 0.0 1.0 0.0
0.4643738037891059 0.0 0.16666666666666666 0.0 1.0 0.0 0.272108843537415 0.0
0.12035970437576451 0.0 1.0 0.0 1.0 0.0 1.0 0.0
0.26063861786534703 0.0 1.0 0.0 1.0 0.0 1.0 0.0
0.8401895667014992 0.0 1.0 0.0 1.0 0.0 0.8367346938775511 0.0
0.7243506761167792 0.0 0.8333333333333334 0.0 1.0 0.0 1.0 0.0
0.5707187626026875 0.0 1.0 0.0 1.0 0.0 1.0 0.0
0.7583135960856748 0.0 0.6666666666666666 0.0 1.0 0.0 0.7414965986394558 0.0
0.5563185558350583 0.0 0.16666666666666666 0.0 0.2708106818157074 0.0 1.0 0.0
1.0 0.0 0.5 0.0 1.0 0.0 0.7210884353741497 0.0
1.0 0.0 1.0 0.0 0.0959351296826664 0.0 0.19047619047619047 0.0
0.43995383377932457 0.0 0.16666666666666666 0.0 0.32258017055618055 0.0 1.0 0.0
0.5370900575518088 0.0 1.0 0.0 1.0 0.0 1.0 0.0
0.7960130388380016 0.0 1.0 0.0 0.08157400620466447 0.0 0.3741496598639456 0.0
1.0 0.0 1.0 0.0 0.23338878081550465 0.0 1.0 0.0
1.0 0.0 0.3333333333333333 0.0 1.0 0.0 0.9319727891156463 0.0
1.0 0.0 1.0 0.0 0.037819145477106804 0.0 1.0 0.0
1.0 0.0 1.0 0.0 0.00021333499685588354 0.0 1.0 0.0
0.4057681038650841 0.0 0.5 0.0 1.0 0.0 0.6666666666666666 0.0
0.3335865939712085 0.0 1.0 0.0 0.15776873368171185 0.0 0.6802721088435374 0.0
1.0 0.0 1.0 0.0 0.5459539767261817 0.0 0.21768707482993196 0.0
1.0 0.0 1.0 0.0 0.4854942501068882 0.0 1.0 0.0
0.5481325184430932 0.0 1.0 0.0 1.0 0.0 1.0 0.0
1.0 0.0 1.0 0.0 0.6315689891540488 0.0 0.36054421768707484 0.0
0.5001882744038163 0.0 1.0 0.0 1.0 0.0 0.8775510204081632 0.0
1.0 0.0 1.0 0.0 0.3805069486886666 0.0 1.0 0.0
1.0 0.0 1.0 0.0 0.3218480636980047 0.0 1.0 0.0
0.5401737471953798 0.0 0.6666666666666666 0.0 1.0 0.0 1.0 0.0
1.0 0.0 1.0 0.0 0.319806521341886 0.0 0.4965986394557823 0.0
0.33685967206832246 0.0 1.0 0.0 1.0 0.0 1.0 0.0
0.10835916071949787 0.0 1.0 0.0 1.0 0.0 0.54421768707483 0.0
0.28122848491465263 0.0 1.0 0.0 0.6227545755942998 0.0 0.3129251700680272 0.0
0.5287458250986491 0.0 1.0 0.0 0.5859988682946236 0.0 0.7959183673469388 0.0
0.29772978946688267 0.0 0.8333333333333334 0.0 1.0 0.0 0.7006802721088435 0.0
1.0 0.0 0.3333333333333333 0.0 0.2337080476728683 0.0 0.9591836734693877 0.0
0.15485068391512724 0.0 1.0 0.0 1.0 0.0 1.0 0.0
0.24698482441462258 0.0 0.8333333333333334 0.0 1.0 0.0 1.0 0.0
0.46102497031057477 0.0 0.16666666666666666 0.0 1.0 0.0 1.0 0.0
1.0 0.0 1.0 0.0 0.6312915065305521 0.0 0.7891156462585034 0.0
0.5037019872419025 0.0 1.0 0.0 1.0 0.0 1.0 0.0
1.0 0.0 1.0 0.0 0.2657895116276401 0.0 0.2108843537414966 0.0
0.4810956901872272 0.0 0.6666666666666666 0.0 1.0 0.0 0.54421768707483 0.0
0.4926996321407802 0.0 1.0 0.0 0.3053600638651417 0.0 1.0 0.0
0.035163865574303774 0.0 1.0 0.0 1.0 0.0 0.4965986394557823 0.0
0.2553335130666892 0.0 1.0 0.0 1.0 0.0 1.0 0.0
0.7932568798140874 0.0 0.8333333333333334 0.0 1.0 0.0 0.7959183673469388 0.0
1.0 0.0 1.0 0.0 0.5562281901747611 0.0 1.0 0.0
0.5211881117525562 0.0 1.0 0.0 1.0 0.0 1.0 0.0
0.1996198862332419 0.0 0.3333333333333333 0.0 0.531364216982584 0.0 1.0 0.0
0.668523416211206 0.0 1.0 0.0 1.0 0.0 1.0 0.0
1.0 0.0 1.0 0.0 0.3462076835320978 0.0 1.0 0.0
0.7343347897676761 0.0 0.8333333333333334 0.0 1.0 0.0 0.9115646258503401 0.0
0.6419221368364998 0.0 1.0 0.0 1.0 0.0 0.7755102040816326 0.0
1.0 0.0 1.0 0.0 0.22672919785158416 0.0 0.6666666666666666 0.0
1.0 0.0 1.0 0.0 0.6620811902974655 0.0 0.3741496598639456 0.0
1.0 0.0 1.0 0.0 0.42859177421447847 0.0 1.0 0.0
0.615750880656309 0.0 1.0 0.0 1.0 0.0 1.0 0.0
1.0 0.0 0.16666666666666666 0.0 0.559163679731498 0.0 0.891156462585034 0.0
0.19374438797450164 0.0 1.0 0.0 0.36346957445700356 0.0 1.0 0.0
0.6000160423160649 0.0 1.0 0.0 0.11985012995779498 0.0 0.2653061224489796 0.0
0.029705021913358123 0.0 0.5 0.0 0.5651511838915305 0.0 1.0 0.0
1.0 0.0 1.0 0.0 0.6484527621879755 0.0 1.0 0.0
1.0 0.0 1.0 0.0 0.6812731008697889 0.0 0.8435374149659864 0.0
0.7156922816406833 0.0 1.0 0.0 1.0 0.0 1.0 0.0
1.0 0.0 1.0 0.0 0.7236505531555777 0.0 1.0 0.0
1.0 0.0 1.0 0.0 0.3594256256821203 0.0 0.5986394557823129 0.0
1.0 0.0 1.0 0.0 0.4252949393113429 0.0 0.22448979591836735 0.0
0.16040087965366423 0.0 1.0 0.0 0.1327105520786038 0.0 0.30612244897959184 0.0
1.0 0.0 0.0 0.0 0.6581917254858226 0.0 1.0 0.0
0.18458912732028707 0.0 1.0 0.0 0.3684098244738497 0.0 0.54421768707483 0.0
1.0 0.0 1.0 0.0 0.08421229804164358 0.0 1.0 0.0
1.0 0.0 1.0 0.0 0.7420965268768257 0.0 1.0 0.0
0.743452172731182 0.0 0.0 0.0 0.1314996920619666 0.0 1.0 0.0
1.0 0.0 1.0 0.0 0.29231632077462083 0.0 0.14965986394557823 0.0
1.0 0.0 1.0 0.0 0.5477810070647723 0.0 0.14285714285714285 0.0
0.27759445470608024 0.0 1.0 0.0 1.0 0.0 1.0 0.0
1.0 0.0 0.0 0.0 1.0 0.0 0.272108843537415 0.0
1.0 0.0 1.0 0.0 0.38635115058184544 0.0 1.0 0.0
0.7135377094691999 0.0 1.0 0.0 1.0 0.0 1.0 0.0
0.6086766648916141 0.0 1.0 0.0 0.6097540880134863 0.0 0.5102040816326531 0.0
0.6294091303059404 0.0 1.0 0.0 0.3784474567672951 0.0 1.0 0.0
0.80504798212173 0.0 0.5 0.0 1.0 0.0 1.0 0.0
1.0 0.0 0.16666666666666666 0.0 0.012496134222729388 0.0 0.9183673469387755 0.0
0.7940010650315388 0.0 0.6666666666666666 0.0 0.32590996203814077 0.0 1.0 0.0
1.0 0.0 0.8333333333333334 0.0 0.6148629462416406 0.0 0.782312925170068 0.0
0.6047774908480815 0.0 0.3333333333333333 0.0 1.0 0.0 0.3741496598639456 0.0
0.14935173446401953 0.0 0.0 0.0 1.0 0.0 0.9183673469387755 0.0
0.21102998353434504 0.0 1.0 0.0 0.38358456349158476 0.0 0.40816326530612246 0.0
0.5481436589403604 0.0 1.0 0.0 1.0 0.0 0.3877551020408163 0.0
0.6472985408176679 0.0 0.0 0.0 1.0 0.0 0.6394557823129252 0.0
0.04556017762408843 0.0 1.0 0.0 1.0 0.0 0.5578231292517006 0.0
0.29124379195789785 0.0 1.0 0.0 0.3190805938422398 0.0 0.23809523809523808 0.0
0.4909171525780225 0.0 1.0 0.0 1.0 0.0 1.0 0.0
1.0 0.0 0.6666666666666666 0.0 0.496003279179593 0.0 0.3129251700680272 0.0
0.5199893942466016 0.0 1.0 0.0 1.0 0.0 0.14965986394557823 0.0
0.21477987491449668 0.0 1.0 0.0 1.0 0.0 0.6598639455782312 0.0
1.0 0.0 0.8333333333333334 0.0 0.6822350210142328 0.0 1.0 0.0
0.014569542326091268 0.0 1.0 0.0 1.0 0.0 1.0 0.0
1.0 0.0 0.6666666666666666 0.0 1.0 0.0 0.08843537414965986 0.0
0.8134211798677846 0.0 1.0 0.0 0.10566997340816046 0.0 0.2925170068027211 0.0
0.6110986089975112 0.0 1.0 0.0 1.0 0.0 1.0 0.0
0.010641402989663847 0.0 0.5 0.0 1.0 0.0 0.2653061224489796 0.0
1.0 0.0 0.3333333333333333 0.0 0.5219127409839481 0.0 1.0 0.0
0.3411153420244066 0.0 1.0 0.0 0.26786724736943235 0.0 0.25170068027210885 0.0
0.3975887507714794 0.0 0.5 0.0 1.0 0.0 0.12244897959183673 0.0
0.47989028838291226 0.0 1.0 0.0 0.4423982267006551 0.0 1.0 0.0
0.5336699248907675 0.0 1.0 0.0 1.0 0.0 0.8775510204081632 0.0
0.09181775037710584 0.0 0.0 0.0 1.0 0.0 1.0 0.0
1.0 0.0 1.0 0.0 0.10590537754262212 0.0 1.0 0.0
1.0 0.0 0.16666666666666666 0.0 0.39440403176661093 0.0 0.08843537414965986 0.0
0.08081762337543699 0.0 0.5 0.0 1.0 0.0 0.30612244897959184 0.0
0.11098608997511213 0.0 1.0 0.0 0.27364347631878544 0.0 0.7074829931972789 0.0
0.03583452350979138 0.0 1.0 0.0 1.0 0.0 1.0 0.0
0.027537081145153994 0.0 1.0 0.0 0.1757859776230715 0.0 0.8503401360544217 0.0
1.0 0.0 1.0 0.0 0.032857709088159145 0.0 1.0 0.0
0.31520700157972253 0.0 1.0 0.0 0.5241122983653242 0.0 1.0 0.0
0.14987979403448654 0.0 1.0 0.0 1.0 0.0 1.0 0.0
1.0 0.0 0.0 0.0 0.5765135529516588 0.0 1.0 0.0
0.3964635605474886 0.0 1.0 0.0 1.0 0.0 1.0 0.0
0.4043688574083193 0.0 0.6666666666666666 0.0 1.0 0.0 0.30612244897959184 0.0
1.0 0.0 1.0 0.0 1.0 0.0 0.48299319727891155 0.0
1.0 0.0 0.16666666666666666 0.0 0.26030753784636407 0.0 1.0 0.0
0.5147578167299075 0.0 1.0 0.0 0.45580890598576806 0.0 1.0 0.0
0.003277534296020837 0.0 0.0 0.0 0.5990299584129171 0.0 1.0 0.0
1.0 0.0 0.6666666666666666 0.0 0.3477051480824421 0.0 0.9319727891156463 0.0
0.5796378447148367 0.0 1.0 0.0 1.0 0.0 0.3741496598639456 0.0
0.7106835140693339 0.0 1.0 0.0 0.2416538199764537 0.0 0.5374149659863946 0.0
1.0 0.0 1.0 0.0 0.05148317846193412 0.0 0.3945578231292517 0.0
0.5713158932562113 0.0 1.0 0.0 1.0 0.0 1.0 0.0
0.018760597398025457 0.0 0.0 0.0 1.0 0.0 0.8435374149659864 0.0
0.5618019085899918 0.0 0.8333333333333334 0.0 0.5001872934144811 0.0 1.0 0.0
0.5066185694264649 0.0 1.0 0.0 0.6206703662388099 0.0 0.5034013605442177 0.0
0.6019188392493088 0.0 1.0 0.0 1.0 0.0 1.0 0.0
0.026104413196587444 0.0 1.0 0.0 1.0 0.0 1.0 0.0
0.6562042543330964 0.0 1.0 0.0 0.3822654175730952 0.0 0.8163265306122449 0.0
0.2339860922032116 0.0 1.0 0.0 1.0 0.0 0.9387755102040817 0.0
0.7674332071486343 0.0 1.0 0.0 1.0 0.0 1.0 0.0
1.0 0.0 0.8333333333333334 0.0 1.0 0.0 0.23129251700680273 0.0
0.8108633216952272 0.0 0.16666666666666666 0.0 1.0 0.0 0.12244897959183673 0.0
0.10410571886286717 0.0 1.0 0.0 1.0 0.0 1.0 0.0
1.0 0.0 0.8333333333333334 0.0 0.23649729241107093 0.0 1.0 0.0
1.0 0.0 1.0 0.0 0.2762117354257622 0.0 0.09523809523809523 0.0
1.0 0.0 0.3333333333333333 0.0 0.24698660638751463 0.0 1.0 0.0
0.054592892808363394 0.0 0.16666666666666666 0.0 1.0 0.0 0.17006802721088435 0.0
1.0 0.0 0.6666666666666666 0.0 0.28725042380100585 0.0 0.14965986394557823 0.0
0.45132828148917253 0.0 1.0 0.0 0.2991662868322872 0.0 0.10884353741496598 0.0
0.20268797918063872 0.0 1.0 0.0 1.0 0.0 0.2585034013605442 0.0
1.0 0.0 1.0 0.0 0.004981151485208822 0.0 1.0 0.0
0.7091884593360709 0.0 0.8333333333333334 0.0 0.21644762802380288 0.0 1.0 0.0
0.627105275471076 0.0 0.6666666666666666 0.0 1.0 0.0 1.0 0.0
0.8136462179125827 0.0 0.0 0.0 0.29715534701364843 0.0 1.0 0.0
0.602413477327974 0.0 1.0 0.0 1.0 0.0 0.24489795918367346 0.0
1.0 0.0 1.0 0.0 0.5058502341241244 0.0 0.24489795918367346 0.0
0.1542958871512189 0.0 0.8333333333333334 0.0 1.0 0.0 1.0 0.0
0.7017711162555452 0.0 0.8333333333333334 0.0 1.0 0.0 1.0 0.0
1.0 0.0 1.0 0.0 0.5301871963102756 0.0 1.0 0.0
0.3145029221524332 0.0 1.0 0.0 1.0 0.0 1.0 0.0
1.0 0.0 0.16666666666666666 0.0 0.3467146851866946 0.0 0.5782312925170068 0.0
0.2781871291606972 0.0 1.0 0.0 0.4548564020067025 0.0 0.3741496598639456 0.0
0.6733962697158951 0.0 1.0 0.0 1.0 0.0 0.3401360544217687 0.0
0.6133690423405739 0.0 0.3333333333333333 0.0 0.044768569781583216 0.0 1.0 0.0
1.0 0.0 0.6666666666666666 0.0 0.6397381011302047 0.0 1.0 0.0
0.20527925884499781 0.0 1.0 0.0 0.19005588199896953 0.0 0.48299319727891155 0.0
0.2472120905588742 0.0 0.5 0.0 1.0 0.0 0.6326530612244898 0.0
0.779453803699982 0.0 1.0 0.0 0.5150006870858175 0.0 0.54421768707483 0.0
0.033847058797316476 0.0 0.6666666666666666 0.0 1.0 0.0 0.36054421768707484 0.0
0.40189789511444635 0.0 0.0 0.0 0.11689610232546917 0.0 1.0 0.0
0.49205348329928056 0.0 0.3333333333333333 0.0 0.5270095347502112 0.0 1.0 0.0
0.21897315808588433 0.0 1.0 0.0 1.0 0.0 0.5170068027210885 0.0
0.6098263642095929 0.0 1.0 0.0 0.5285843884097597 0.0 1.0 0.0
1.0 0.0 0.16666666666666666 0.0 0.23736917047408332 0.0 1.0 0.0
1.0 0.0 1.0 0.0 0.6366905003544303 0.0 0.3469387755102041 0.0
0.07110756595731407 0.0 0.8333333333333334 0.0 1.0 0.0 1.0 0.0
1.0 0.0 1.0 0.0 0.40407796467231305 0.0 1.0 0.0
0.23657068756921035 0.0 0.16666666666666666 0.0 1.0 0.0 1.0 0.0
0.01361145956110897 0.0 1.0 0.0 0.5670350054775599 0.0 1.0 0.0
1.0 0.0 0.0 0.0 0.21257934958426158 0.0 1.0 0.0
0.004429461713453041 0.0 1.0 0.0 0.7382097103616955 0.0 1.0 0.0
0.40915927123323076 0.0 1.0 0.0 1.0 0.0 1.0 0.0
1.0 0.0 1.0 0.0 0.28562348697670764 0.0 0.3877551020408163 0.0
1.0 0.0 1.0 0.0 0.4597227939763613 0.0 0.1564625850340136 0.0
0.5680628680541785 0.0 0.5 0.0 1.0 0.0 1.0 0.0
0.5925274000530287 0.0 1.0 0.0 1.0 0.0 1.0 0.0
1.0 0.0 0.16666666666666666 0.0 1.0 0.0 0.8367346938775511 0.0
0.27669207442743415 0.0 1.0 0.0 0.6507055797547736 0.0 1.0 0.0
1.0 0.0 1.0 0.0 0.23265196587463965 0.0 1.0 0.0
0.4428837845606077 0.0 1.0 0.0 0.6792839359335878 0.0 0.2925170068027211 0.0
0.7151709063685767 0.0 1.0 0.0 0.7328939907503831 0.0 1.0 0.0
1.0 0.0 1.0 0.0 0.592429226482612 0.0 1.0 0.0
0.16618502583481315 0.0 1.0 0.0 0.7287444043701601 0.0 0.42857142857142855 0.0
1.0 0.0 0.0 0.0 0.7422042242683419 0.0 0.5782312925170068 0.0
1.0 0.0 1.0 0.0 0.4130830555809759 0.0 1.0 0.0
1.0 0.0 0.3333333333333333 0.0 1.0 0.0 0.9387755102040817 0.0
0.29792363411933254 0.0 0.5 0.0 0.4603118928228516 0.0 1.0 0.0
0.07462350689485375 0.0 0.6666666666666666 0.0 1.0 0.0 1.0 0.0
1.0 0.0 1.0 0.0 0.5281650747952499 0.0 0.23129251700680273 0.0
0.07472822756916578 0.0 1.0 0.0 0.37894239396000073 0.0 0.9115646258503401 0.0
0.7517429307974591 0.0 0.3333333333333333 0.0 1.0 0.0 1.0 0.0
1.0 0.0 0.16666666666666666 0.0 0.16465665865606013 0.0 1.0 0.0
0.7483072014402435 0.0 1.0 0.0 0.4478316483791984 0.0 0.9387755102040817 0.0
1.0 0.0 0.16666666666666666 0.0 0.11278418060676004 0.0 0.2108843537414966 0.0
0.1002511068084035 0.0 1.0 0.0 1.0 0.0 1.0 0.0
0.23242642258579854 0.0 0.8333333333333334 0.0 1.0 0.0 0.9047619047619048 0.0
0.46710322561957873 0.0 1.0 0.0 0.5974297988089139 0.0 0.46258503401360546 0.0
0.2535532616033849 0.0 1.0 0.0 0.40185810368433955 0.0 1.0 0.0
0.6274484027869068 0.0 1.0 0.0 1.0 0.0 1.0 0.0
0.6385421099656204 0.0 0.8333333333333334 0.0 0.03305633132661117 0.0 1.0 0.0
1.0 0.0 0.8333333333333334 0.0 0.7108204393170808 0.0 0.8843537414965986 0.0
0.031373868403990084 0.0 0.0 0.0 1.0 0.0 0.9591836734693877 0.0
0.14369458995171708 0.0 1.0 0.0 1.0 0.0 1.0 0.0
1.0 0.0 1.0 0.0 0.6984152299412872 0.0 0.891156462585034 0.0
1.0 0.0 0.3333333333333333 0.0 0.5605631573108727 0.0 0.4217687074829932 0.0
0.45540347538952747 0.0 1.0 0.0 1.0 0.0 0.23809523809523808 0.0
1.0 0.0 0.16666666666666666 0.0 1.0 0.0 0.7142857142857143 0.0
0.5578314353639489 0.0 1.0 0.0 0.06051269254954742 0.0 1.0 0.0
1.0 0.0 1.0 0.0 0.609283279744563 0.0 1.0 0.0
0.17441785331530058 0.0 0.8333333333333334 0.0 1.0 0.0 0.5238095238095238 0.0
0.10550050912072512 0.0 1.0 0.0 1.0 0.0 0.564625850340136 0.0
0.48482552867229783 0.0 1.0 0.0 0.42980439976212415 0.0 1.0 0.0
0.24024482356794477 0.0 0.6666666666666666 0.0 1.0 0.0 1.0 0.0
1.0 0.0 0.0 0.0 0.6265896031998484 0.0 1.0 0.0
0.5333334818732969 0.0 1.0 0.0 1.0 0.0 1.0 0.0
0.7251104580304046 0.0 1.0 0.0 0.10989636038725158 0.0 1.0 0.0
1.0 0.0 1.0 0.0 0.5552177179275843 0.0 1.0 0.0
1.0 0.0 0.16666666666666666 0.0 0.5434554560940392 0.0 0.09523809523809523 0.0
0.2504138694734778 0.0 1.0 0.0 0.2510326149485745 0.0 0.6326530612244898 0.0
0.45350067845628356 0.0 1.0 0.0 1.0 0.0 0.8571428571428571 0.0
1.0 0.0 0.5 0.0 0.695780174911157 0.0 1.0 0.0
1.0 0.0 0.5 0.0 0.2104298155814585 0.0 0.5850340136054422 0.0
0.1434740081058258 0.0 1.0 0.0 0.543229173869788 0.0 0.6462585034013606 0.0
0.4749171704028181 0.0 1.0 0.0 0.16243267809573356 0.0 1.0 0.0
0.3527148277790527 0.0 1.0 0.0 1.0 0.0 1.0 0.0
0.25230329781000105 0.0 1.0 0.0 0.20621990689177971 0.0 0.3197278911564626 0.0
0.5932337075797716 0.0 1.0 0.0 1.0 0.0 0.564625850340136 0.0
1.0 0.0 0.0 0.0 0.46166340680982965 0.0 0.6666666666666666 0.0
1.0 0.0 0.3333333333333333 0.0 0.5546424490739937 0.0 0.7006802721088435 0.0
0.808445833788237 0.0 0.8333333333333334 0.0 1.0 0.0 1.0 0.0
0.317127623308594 0.0 0.3333333333333333 0.0 1.0 0.0 0.8639455782312925 0.0
0.7110355537829787 0.0 1.0 0.0 1.0 0.0 1.0 0.0
0.6415411318299603 0.0 1.0 0.0 1.0 0.0 0.9455782312925171 0.0
0.05134432380523737 0.0 1.0 0.0 0.5578571867852358 0.0 1.0 0.0
0.6070234150971563 0.0 1.0 0.0 0.6570526637301962 0.0 0.14965986394557823 0.0
0.3011499221279241 0.0 1.0 0.0 1.0 0.0 0.19727891156462585 0.0
1.0 0.0 0.8333333333333334 0.0 0.4810621787653112 0.0 0.3673469387755102 0.0
1.0 0.0 1.0 0.0 0.33925855348278944 0.0 1.0 0.0
0.6336692564609314 0.0 1.0 0.0 0.48453939208647806 0.0 1.0 0.0
0.37248921042839667 0.0 0.8333333333333334 0.0 1.0 0.0 0.9047619047619048 0.0
0.051972647851109485 0.0 1.0 0.0 1.0 0.0 1.0 0.0
0.3995606187877802 0.0 0.5 0.0 1.0 0.0 0.3401360544217687 0.0
1.0 0.0 0.16666666666666666 0.0 0.29386439721387436 0.0 0.5714285714285714 0.0
1.0 0.0 0.16666666666666666 0.0 0.2430418216042733 0.0 0.19047619047619047 0.0
1.0 0.0 1.0 0.0 0.6238998167084558 0.0 1.0 0.0
1.0 0.0 0.8333333333333334 0.0 0.7229561109589158 0.0 0.3401360544217687 0.0
1.0 0.0 1.0 0.0 0.10486224297178888 0.0 1.0 0.0
0.10255050544436102 0.0 0.16666666666666666 0.0 1.0 0.0 0.21768707482993196 0.0
0.7401835508329749 0.0 0.5 0.0 0.41980855170254566 0.0 1.0 0.0
1.0 0.0 1.0 0.0 0.126637713919829 0.0 0.9115646258503401 0.0
0.1470411953307948 0.0 1.0 0.0 0.23635281312354509 0.0 0.30612244897959184 0.0
0.44923163990347875 0.0 1.0 0.0 1.0 0.0 1.0 0.0
0.16433124708954508 0.0 1.0 0.0 0.537972599547259 0.0 0.6326530612244898 0.0
1.0 0.0 1.0 0.0 0.3583686611183874 0.0 0.21768707482993196 0.0
1.0 0.0 1.0 0.0 0.2481977606593199 0.0 1.0 0.0
0.7322626572759702 0.0 1.0 0.0 1.0 0.0 1.0 0.0
0.24016238388816724 0.0 0.16666666666666666 0.0 1.0 0.0 1.0 0.0
0.0513220428107029 0.0 0.5 0.0 0.45455331918358316 0.0 1.0 0.0
0.41253929810411016 0.0 1.0 0.0 1.0 0.0 1.0 0.0
0.17845294142549348 0.0 0.6666666666666666 0.0 1.0 0.0 0.24489795918367346 0.0
1.0 0.0 0.16666666666666666 0.0 0.18871496119804226 0.0 0.19727891156462585 0.0
1.0 0.0 0.6666666666666666 0.0 0.5666424690833451 0.0 0.5714285714285714 0.0
0.3953873885114736 0.0 1.0 0.0 1.0 0.0 0.54421768707483 0.0
1.0 0.0 1.0 0.0 0.2803051190688825 0.0 1.0 0.0
0.8144438775169168 0.0 1.0 0.0 1.0 0.0 1.0 0.0
0.09048089070503751 0.0 1.0 0.0 0.7224502863249913 0.0 0.8435374149659864 0.0
0.6136341861755341 0.0 1.0 0.0 0.324662614380662 0.0 0.10884353741496598 0.0
0.3668164692199201 0.0 1.0 0.0 1.0 0.0 0.4217687074829932 0.0
0.29467283701675306 0.0 1.0 0.0 1.0 0.0 1.0 0.0
1.0 0.0 0.5 0.0 0.1753790227256209 0.0 1.0 0.0
0.5268965025522879 0.0 1.0 0.0 0.6377910146830387 0.0 1.0 0.0
0.39861367652006513 0.0 1.0 0.0 1.0 0.0 1.0 0.0
1.0 0.0 1.0 0.0 0.5811212946285779 0.0 1.0 0.0
1.0 0.0 1.0 0.0 0.5088798853346461 0.0 1.0 0.0
1.0 0.0 1.0 0.0 0.4827532632162502 0.0 1.0 0.0
0.6527952621693222 0.0 0.6666666666666666 0.0 0.541690807851081 0.0 1.0 0.0
0.27254780944402235 0.0 1.0 0.0 1.0 0.0 0.14285714285714285 0.0
0.7680927245868546 0.0 0.0 0.0 0.5957304752132688 0.0 1.0 0.0
0.6043073618634042 0.0 1.0 0.0 0.03810280745913311 0.0 1.0 0.0
0.4714769848466956 0.0 0.8333333333333334 0.0 1.0 0.0 1.0 0.0
1.0 0.0 1.0 0.0 0.30067287329284187 0.0 1.0 0.0
1.0 0.0 1.0 0.0 0.5602921483010737 0.0 0.1564625850340136 0.0
0.7292391263176423 0.0 1.0 0.0 0.11709237052257658 0.0 0.7006802721088435 0.0
0.22761372776635258 0.0 0.3333333333333333 0.0 1.0 0.0 1.0 0.0
0.3768629696555135 0.0 0.6666666666666666 0.0 0.6287832754778631 0.0 1.0 0.0
1.0 0.0 0.6666666666666666 0.0 1.0 0.0 0.8775510204081632 0.0
0.3850133574562234 0.0 1.0 0.0 1.0 0.0 0.8775510204081632 0.0
0.1226479625144548 0.0 0.5 0.0 1.0 0.0 0.11564625850340136 0.0
1.0 0.0 0.8333333333333334 0.0 0.47797867885903145 0.0 0.20408163265306123 0.0
0.21143995383377934 0.0 0.3333333333333333 0.0 1.0 0.0 0.4217687074829932 0.0
0.41718265736509413 0.0 0.6666666666666666 0.0 0.36846220189376744 0.0 1.0 0.0
1.0 0.0 0.0 0.0 1.0 0.0 0.1836734693877551 0.0
0.6184045471053646 0.0 1.0 0.0 0.5179717815178917 0.0 1.0 0.0
0.03198882385314151 0.0 0.3333333333333333 0.0 1.0 0.0 1.0 0.0
0.8019620643787057 0.0 1.0 0.0 1.0 0.0 0.17687074829931973 0.0
1.0 0.0 0.5 0.0 1.0 0.0 0.7619047619047619 0.0
0.22935387343949484 0.0 0.3333333333333333 0.0 0.17803879518986962 0.0 1.0 0.0
0.35614832903681487 0.0 0.6666666666666666 0.0 1.0 0.0 1.0 0.0
1.0 0.0 1.0 0.0 0.4352778401435259 0.0 1.0 0.0
1.0 0.0 1.0 0.0 0.424146461390338 0.0 0.36054421768707484 0.0
0.372540456715826 0.0 1.0 0.0 1.0 0.0 0.30612244897959184 0.0
1.0 0.0 1.0 0.0 0.06090728872993879 0.0 1.0 0.0
0.6519753215704536 0.0 1.0 0.0 0.17527426788578546 0.0 1.0 0.0
0.8284073767916704 0.0 1.0 0.0 1.0 0.0 1.0 0.0
0.10032240599091381 0.0 1.0 0.0 0.023149642582960095 0.0 0.46258503401360546 0.0
1.0 0.0 1.0 0.0 0.05924386426479905 0.0 1.0 0.0
0.10955787822545247 0.0 1.0 0.0 1.0 0.0 1.0 0.0
0.3471067014547261 0.0 0.16666666666666666 0.0 1.0 0.0 1.0 0.0
1.0 0.0 1.0 0.0 0.5027052348877167 0.0 1.0 0.0
0.37216167980873993 0.0 0.8333333333333334 0.0 1.0 0.0 1.0 0.0
0.22844258076303495 0.0 0.6666666666666666 0.0 0.7295921535093901 0.0 1.0 0.0
0.009166401151481797 0.0 1.0 0.0 0.3178773844599726 0.0 0.7959183673469388 0.0
0.1920153827986266 0.0 1.0 0.0 0.3568864978367831 0.0 0.5170068027210885 0.0
0.6135227812028617 0.0 1.0 0.0 0.10433640898643513 0.0 0.25170068027210885 0.0
1.0 0.0 0.6666666666666666 0.0 0.3430520911096392 0.0 0.5714285714285714 0.0
1.0 0.0 0.3333333333333333 0.0 0.24092995226298408 0.0 1.0 0.0
0.1446192512248977 0.0 1.0 0.0 1.0 0.0 1.0 0.0
0.6260224191367005 0.0 1.0 0.0 0.2131069491006238 0.0 0.8027210884353742 0.0
1.0 0.0 1.0 0.0 0.023810539690461218 0.0 1.0 0.0
0.6667721300407965 0.0 1.0 0.0 1.0 0.0 0.3197278911564626 0.0
1.0 0.0 0.8333333333333334 0.0 0.33478616918318593 0.0 0.9455782312925171 0.0
0.7460746457878894 0.0 1.0 0.0 1.0 0.0 0.5238095238095238 0.0
1.0 0.0 0.5 0.0 0.4260014459698959 0.0 1.0 0.0
1.0 0.0 0.0 0.0 0.4471551557477892 0.0 0.8231292517006803 0.0
0.25899205236924955 0.0 1.0 0.0 1.0 0.0 0.42857142857142855 0.0
0.034622437407116104 0.0 1.0 0.0 1.0 0.0 0.1564625850340136 0.0
0.18704226481853245 0.0 1.0 0.0 1.0 0.0 1.0 0.0
0.49148754603810496 0.0 0.0 0.0 0.4864788278992741 0.0 1.0 0.0
1.0 0.0 0.6666666666666666 0.0 0.7040246162103406 0.0 0.7210884353741497 0.0
0.7605305550418548 0.0 0.5 0.0 1.0 0.0 1.0 0.0
1.0 0.0 1.0 0.0 0.7357859305422446 0.0 1.0 0.0
0.2519534861958098 0.0 1.0 0.0 0.605565365695909 0.0 0.23809523809523808 0.0
0.1470790730215034 0.0 1.0 0.0 1.0 0.0 0.8707482993197279 0.0
0.566396249663 0.0 0.6666666666666666 0.0 1.0 0.0 0.43537414965986393 0.0
0.11102396766582073 0.0 1.0 0.0 1.0 0.0 1.0 0.0
0.1811823632559663 0.0 0.8333333333333334 0.0 1.0 0.0 0.6394557823129252 0.0
0.8420010115571519 0.0 0.6666666666666666 0.0 0.49016908196212877 0.0 1.0 0.0
0.7382562448057431 0.0 1.0 0.0 1.0 0.0 1.0 0.0
0.7124526250353711 0.0 0.16666666666666666 0.0 1.0 0.0 0.1292517006802721 0.0
0.5594334388709774 0.0 1.0 0.0 0.14699310942672913 0.0 1.0 0.0
0.8040520216660391 0.0 1.0 0.0 1.0 0.0 1.0 0.0
0.3059782136435442 0.0 1.0 0.0 0.6054844455246878 0.0 0.7687074829931972 0.0
1.0 0.0 1.0 0.0 0.010929813963055087 0.0 0.6870748299319728 0.0
0.2620066709297636 0.0 0.6666666666666666 0.0 1.0 0.0 1.0 0.0
1.0 0.0 0.8333333333333334 0.0 0.006335313768699548 0.0 1.0 0.0
0.7688034883125043 0.0 1.0 0.0 1.0 0.0 1.0 0.0
1.0 0.0 0.0 0.0 1.0 0.0 0.8231292517006803 0.0
0.27210887385169324 0.0 1.0 0.0 1.0 0.0 0.30612244897959184 0.0
1.0 0.0 1.0 0.0 0.07657843621621988 0.0 0.7142857142857143 0.0
0.008188265491418475 0.0 1.0 0.0 1.0 0.0 1.0 0.0
1.0 0.0 1.0 0.0 0.6634821391526805 0.0 0.25170068027210885 0.0
0.7255070597331182 0.0 0.8333333333333334 0.0 0.030488660729970564 0.0 1.0 0.0
1.0 0.0 0.6666666666666666 0.0 0.08641832903671745 0.0 0.3945578231292517 0.0
0.25989888884680257 0.0 1.0 0.0 0.09941793385202673 0.0 1.0 0.0
1.0 0.0 0.6666666666666666 0.0 0.3120308285254491 0.0 1.0 0.0
0.1848832364481421 0.0 0.0 0.0 1.0 0.0 0.7891156462585034 0.0
0.5915648610891395 0.0 0.0 0.0 1.0 0.0 1.0 0.0
0.605283269424014 0.0 1.0 0.0 1.0 0.0 0.8163265306122449 0.0
0.10829008963644102 0.0 1.0 0.0 0.5777044036168668 0.0 0.673469387755102 0.0
1.0 0.0 1.0 0.0 0.05565277419358636 0.0 1.0 0.0
1.0 0.0 0.16666666666666666 0.0 0.48426338073882175 0.0 1.0 0.0
0.20072947976105862 0.0 0.16666666666666666 0.0 0.5241390755856192 0.0 1.0 0.0
1.0 0.0 1.0 0.0 0.6217240939956938 0.0 1.0 0.0
1.0 0.0 1.0 0.0 0.36510945850869714 0.0 1.0 0.0
0.3295180843692139 0.0 1.0 0.0 1.0 0.0 0.7142857142857143 0.0
0.6980301372732073 0.0 1.0 0.0 0.0029622667770319716 0.0 1.0 0.0
1.0 0.0 0.16666666666666666 0.0 1.0 0.0 0.30612244897959184 0.0
1.0 0.0 0.6666666666666666 0.0 0.5592428343717107 0.0 0.891156462585034 0.0
1.0 0.0 0.3333333333333333 0.0 0.5896464553581071 0.0 0.3741496598639456 0.0
0.36970854231049455 0.0 1.0 0.0 1.0 0.0 1.0 0.0
1.0 0.0 1.0 0.0 0.3383069322692282 0.0 0.3197278911564626 0.0
0.059405587627809356 0.0 1.0 0.0 0.5498758096063131 0.0 0.673469387755102 0.0
0.5536938546788974 0.0 0.0 0.0 1.0 0.0 0.891156462585034 0.0
1.0 0.0 0.16666666666666666 0.0 0.06041499983374583 0.0 0.5918367346938775 0.0
0.00890125731652158 0.0 1.0 0.0 0.5265484369018344 0.0 0.41496598639455784 0.0
0.2875607435613496 0.0 1.0 0.0 0.3272346988048238 0.0 1.0 0.0
1.0 0.0 1.0 0.0 0.6946517063415814 0.0 0.3129251700680272 0.0
1.0 0.0 0.0 0.0 1.0 0.0 0.5238095238095238 0.0
0.43451058681455307 0.0 1.0 0.0 0.19443587017579686 0.0 1.0 0.0
0.0751493383658673 0.0 0.6666666666666666 0.0 1.0 0.0 0.35374149659863946 0.0
0.5947176218157674 0.0 0.3333333333333333 0.0 0.6828997434389189 0.0 1.0 0.0
1.0 0.0 1.0 0.0 0.062042230913212086 0.0 1.0 0.0
0.2779308977235508 0.0 1.0 0.0 0.23651377070048327 0.0 1.0 0.0
0.4909617145670914 0.0 1.0 0.0 1.0 0.0 0.6258503401360545 0.0
0.16507988850590335 0.0 1.0 0.0 0.5959026144865939 0.0 0.9591836734693877 0.0
0.2407171806520756 0.0 1.0 0.0 1.0 0.0 0.10204081632653061 0.0
0.3368128819798 0.0 1.0 0.0 0.6733299768627161 0.0 0.8163265306122449 0.0
1.0 0.0 1.0 0.0 0.5676176307103525 0.0 1.0 0.0
0.017900551008994837 0.0 0.5 0.0 0.37382323680096374 0.0 1.0 0.0
0.4650533741224073 0.0 1.0 0.0 0.7409633502245608 0.0 0.7959183673469388 0.0
1.0 0.0 1.0 0.0 0.580174970008042 0.0 0.4489795918367347 0.0
1.0 0.0 1.0 0.0 0.6922102712120458 0.0 0.6598639455782312 0.0
0.754298560870563 0.0 1.0 0.0 0.583545662958365 0.0 0.7482993197278912 0.0
1.0 0.0 0.0 0.0 0.5461543644956423 0.0 0.10884353741496598 0.0
0.6146791648192008 0.0 1.0 0.0 0.2624773754557645 0.0 1.0 0.0
1.0 0.0 0.3333333333333333 0.0 1.0 0.0 0.8163265306122449 0.0
0.7245512050675894 0.0 1.0 0.0 0.6914925828571059 0.0 0.8639455782312925 0.0
0.6285513120163632 0.0 1.0 0.0 0.015034379302562286 0.0 0.4421768707482993 0.0
1.0 0.0 0.16666666666666666 0.0 0.046921046336067064 0.0 0.9387755102040817 0.0
0.6322766943025269 0.0 0.6666666666666666 0.0 1.0 0.0 0.272108843537415 0.0
0.5479453580890037 0.0 0.6666666666666666 0.0 0.5895781881591132 0.0 1.0 0.0
0.003874664949544688 0.0 1.0 0.0 0.545027367201907 0.0 1.0 0.0
1.0 0.0 0.3333333333333333 0.0 1.0 0.0 0.7210884353741497 0.0
0.49403203561394166 0.0 1.0 0.0 1.0 0.0 1.0 0.0
0.7584004919643593 0.0 1.0 0.0 1.0 0.0 0.7278911564625851 0.0
0.5752195234986509 0.0 1.0 0.0 1.0 0.0 0.1564625850340136 0.0
1.0 0.0 1.0 0.0 0.1065965829324352 0.0 1.0 0.0
1.0 0.0 1.0 0.0 0.40044450185689723 0.0 1.0 0.0
0.4320997832059232 0.0 1.0 0.0 1.0 0.0 1.0 0.0
0.24541178620048884 0.0 0.8333333333333334 0.0 1.0 0.0 1.0 0.0
1.0 0.0 1.0 0.0 0.7027896272699211 0.0 1.0 0.0
0.6412425665031984 0.0 1.0 0.0 0.6245239319199473 0.0 0.46938775510204084 0.0
0.33016868940962046 0.0 1.0 0.0 0.047143503243133336 0.0 1.0 0.0
1.0 0.0 0.5 0.0 1.0 0.0 0.6666666666666666 0.0
0.8414707238872314 0.0 0.6666666666666666 0.0 0.08439797305270022 0.0 1.0 0.0
0.5445898403121122 0.0 0.6666666666666666 0.0 0.3541958285798863 0.0 1.0 0.0
0.48190003408992166 0.0 0.5 0.0 1.0 0.0 1.0 0.0
1.0 0.0 1.0 0.0 0.3374123965582739 0.0 0.14965986394557823 0.0
1.0 0.0 1.0 0.0 0.16124535849254254 0.0 0.24489795918367346 0.0
0.8016969205437454 0.0 1.0 0.0 1.0 0.0 1.0 0.0
1.0 0.0 0.6666666666666666 0.0 0.050837876878341084 0.0 0.7210884353741497 0.0
0.001102909229456366 0.0 1.0 0.0 1.0 0.0 1.0 0.0
1.0 0.0 1.0 0.0 0.6906177622424127 0.0 0.9387755102040817 0.0
1.0 0.0 0.16666666666666666 0.0 1.0 0.0 0.3197278911564626 0.0
1.0 0.0 1.0 0.0 0.17667580525133658 0.0 0.23129251700680273 0.0
0.5921330264497686 0.0 0.5 0.0 1.0 0.0 0.17687074829931973 0.0
0.2189063151022809 0.0 1.0 0.0 0.535880445302231 0.0 0.21768707482993196 0.0
0.7192795217607333 0.0 1.0 0.0 1.0 0.0 0.3877551020408163 0.0
1.0 0.0 0.8333333333333334 0.0 0.14747627641271172 0.0 1.0 0.0
1.0 0.0 1.0 0.0 1.0 0.0 0.7210884353741497 0.0
0.7889343668743998 0.0 1.0 0.0 0.2315202604982152 0.0 1.0 0.0
1.0 0.0 1.0 0.0 0.7073997229881848 0.0 1.0 0.0
1.0 0.0 1.0 0.0 0.6465097953131625 0.0 1.0 0.0
0.15321303081684354 0.0 1.0 0.0 0.674432845232669 0.0 0.5034013605442177 0.0
1.0 0.0 1.0 0.0 0.18190295405705784 0.0 1.0 0.0
0.301682437897298 0.0 0.5 0.0 1.0 0.0 1.0 0.0
0.641763941775305 0.0 1.0 0.0 1.0 0.0 0.14965986394557823 0.0
0.40059000073527284 0.0 1.0 0.0 0.6730630874252702 0.0 0.35374149659863946 0.0
0.3619837215053931 0.0 1.0 0.0 1.0 0.0 0.5170068027210885 0.0
1.0 0.0 0.6666666666666666 0.0 0.052262954657338385 0.0 0.3741496598639456 0.0
1.0 0.0 0.8333333333333334 0.0 0.5656625993736485 0.0 1.0 0.0
0.5847981230490205 0.0 0.6666666666666666 0.0 1.0 0.0 0.5510204081632653 0.0
1.0 0.0 0.16666666666666666 0.0 0.3058164536308292 0.0 1.0 0.0
1.0 0.0 1.0 0.0 0.3744838396532968 0.0 0.891156462585034 0.0
1.0 0.0 1.0 0.0 0.04917003858568019 0.0 1.0 0.0
0.08192944500270714 0.0 1.0 0.0 1.0 0.0 1.0 0.0
1.0 0.0 0.3333333333333333 0.0 0.19381204921947345 0.0 0.20408163265306123 0.0
0.7680236535037978 0.0 0.16666666666666666 0.0 0.41960492712623637 0.0 1.0 0.0
0.42525951788384025 0.0 1.0 0.0 0.5485610775153447 0.0 1.0 0.0
1.0 0.0 0.5 0.0 0.06705751599791784 0.0 0.17006802721088435 0.0
1.0 0.0 0.3333333333333333 0.0 0.31364275833617533 0.0 1.0 0.0
0.5982313346538536 0.0 0.0 0.0 0.4802279653638127 0.0 1.0 0.0
0.09463852428516999 0.0 1.0 0.0 1.0 0.0 1.0 0.0
1.0 0.0 0.5 0.0 1.0 0.0 0.19727891156462585 0.0
0.4933346404850127 0.0 1.0 0.0 1.0 0.0 0.9387755102040817 0.0
1.0 0.0 1.0 0.0 0.7389288699924759 0.0 1.0 0.0
1.0 0.0 1.0 0.0 0.3067998544025428 0.0 1.0 0.0
0.14287242125339505 0.0 1.0 0.0 1.0 0.0 1.0 0.0
1.0 0.0 1.0 0.0 0.6249535444653398 0.0 1.0 0.0
0.4058394030475944 0.0 0.8333333333333334 0.0 1.0 0.0 0.6666666666666666 0.0
1.0 0.0 0.16666666666666666 0.0 0.4630537624789939 0.0 0.5714285714285714 0.0
0.0104787517295622 0.0 0.3333333333333333 0.0 1.0 0.0 0.23809523809523808 0.0
0.6392751546858045 0.0 1.0 0.0 1.0 0.0 1.0 0.0
0.7625781784395729 0.0 1.0 0.0 0.16372798934560887 0.0 0.5170068027210885 0.0
0.42224712742277964 0.0 0.6666666666666666 0.0 0.5521621722622719 0.0 1.0 0.0
0.4440758177682019 0.0 0.3333333333333333 0.0 1.0 0.0 0.09523809523809523 0.0
0.5967697014123923 0.0 0.0 0.0 1.0 0.0 1.0 0.0
1.0 0.0 0.5 0.0 0.681766272531486 0.0 1.0 0.0
0.2917562548321907 0.0 1.0 0.0 1.0 0.0 0.9047619047619048 0.0
1.0 0.0 0.16666666666666666 0.0 0.14405909114583257 0.0 1.0 0.0
0.081809127632221 0.0 1.0 0.0 1.0 0.0 1.0 0.0
0.6191375918255487 0.0 1.0 0.0 1.0 0.0 1.0 0.0
1.0 0.0 1.0 0.0 0.18224664409337188 0.0 1.0 0.0
1.0 0.0 1.0 0.0 0.38642177182218396 0.0 1.0 0.0
1.0 0.0 0.5 0.0 0.08646305582226517 0.0 1.0 0.0
0.013734005031048565 0.0 1.0 0.0 1.0 0.0 0.6802721088435374 0.0
0.025489457747436016 0.0 0.6666666666666666 0.0 1.0 0.0 0.11564625850340136 0.0
0.7636298413816 0.0 0.0 0.0 1.0 0.0 1.0 0.0
1.0 0.0 1.0 0.0 0.4743705219880703 0.0 1.0 0.0
0.3337648419274843 0.0 1.0 0.0 1.0 0.0 1.0 0.0
0.35471120488934144 0.0 1.0 0.0 0.0951841904937337 0.0 0.1360544217687075 0.0
1.0 0.0 1.0 0.0 0.3688891661426473 0.0 1.0 0.0
0.22421364800039215 0.0 1.0 0.0 1.0 0.0 0.3333333333333333 0.0
0.10183974171871135 0.0 0.5 0.0 0.09613139787977382 0.0 1.0 0.0
1.0 0.0 1.0 0.0 0.09709743759657087 0.0 0.24489795918367346 0.0
0.7674176104524602 0.0 1.0 0.0 1.0 0.0 1.0 0.0
0.3814773636236027 0.0 1.0 0.0 1.0 0.0 0.7142857142857143 0.0
0.4739880529307306 0.0 1.0 0.0 1.0 0.0 0.6258503401360545 0.0
1.0 0.0 0.8333333333333334 0.0 0.3053659489685032 0.0 0.5850340136054422 0.0
1.0 0.0 0.5 0.0 0.5319085890435266 0.0 1.0 0.0
1.0 0.0 1.0 0.0 0.45321916625152164 0.0 1.0 0.0
1.0 0.0 1.0 0.0 0.4298882624850261 0.0 1.0 0.0
1.0 0.0 0.16666666666666666 0.0 0.15515309949267467 0.0 0.8775510204081632 0.0
0.7239830397069603 0.0 1.0 0.0 1.0 0.0 0.3333333333333333 0.0
0.24164852622361652 0.0 1.0 0.0 1.0 0.0 0.4013605442176871 0.0
0.5737133282681206 0.0 0.3333333333333333 0.0 1.0 0.0 1.0 0.0
0.37733532673964437 0.0 1.0 0.0 1.0 0.0 1.0 0.0
0.4921827130675805 0.0 0.6666666666666666 0.0 0.5730751813126782 0.0 1.0 0.0
0.12487829006735544 0.0 1.0 0.0 1.0 0.0 0.11564625850340136 0.0
0.33335487162805 0.0 1.0 0.0 0.5933331783589448 0.0 0.3197278911564626 0.0
0.36304875304414086 0.0 1.0 0.0 0.6865820526122356 0.0 1.0 0.0
0.8105625282690118 0.0 0.3333333333333333 0.0 1.0 0.0 1.0 0.0
1.0 0.0 1.0 0.0 0.588542998477818 0.0 0.9387755102040817 0.0
1.0 0.0 1.0 0.0 0.08235790197242182 0.0 1.0 0.0
0.46330208795199784 0.0 0.0 0.0 1.0 0.0 0.7074829931972789 0.0
0.6865398283917801 0.0 1.0 0.0 0.4231365776534975 0.0 0.3401360544217687 0.0
1.0 0.0 0.3333333333333333 0.0 1.0 0.0 0.7551020408163265 0.0
1.0 0.0 0.5 0.0 0.3177979355645918 0.0 0.32653061224489793 0.0
0.6976914661562833 0.0 0.8333333333333334 0.0 1.0 0.0 0.5986394557823129 0.0
1.0 0.0 1.0 0.0 0.10591655923900906 0.0 1.0 0.0
0.8034482067141548 0.0 0.8333333333333334 0.0 0.29164188792938817 0.0 1.0 0.0
0.4590709270899016 0.0 0.5 0.0 1.0 0.0 0.36054421768707484 0.0
0.26372230750891795 0.0 1.0 0.0 1.0 0.0 1.0 0.0
0.3271607551474668 0.0 0.0 0.0 1.0 0.0 1.0 0.0
1.0 0.0 1.0 0.0 0.7124617946446148 0.0 1.0 0.0
0.722730847814123 0.0 1.0 0.0 0.3166632876364866 0.0 0.10884353741496598 0.0
1.0 0.0 1.0 0.0 0.23578166384230748 0.0 1.0 0.0
0.7093043205076501 0.0 0.5 0.0 1.0 0.0 1.0 0.0
1.0 0.0 1.0 0.0 0.519446294165126 0.0 1.0 0.0
1.0 0.0 0.0 0.0 0.3315567187135399 0.0 0.5850340136054422 0.0
0.19440167731326854 0.0 1.0 0.0 0.5865541277967851 0.0 0.14285714285714285 0.0
0.8315601375182983 0.0 1.0 0.0 0.47650769727381415 0.0 1.0 0.0
0.5915693172880465 0.0 0.3333333333333333 0.0 0.511769471085163 0.0 1.0 0.0
0.7676627013923394 0.0 1.0 0.0 0.44953214899551586 0.0 0.30612244897959184 0.0
1.0 0.0 0.16666666666666666 0.0 0.5748927954858903 0.0 1.0 0.0
1.0 0.0 0.6666666666666666 0.0 1.0 0.0 0.4013605442176871 0.0
0.18701998382399798 0.0 0.8333333333333334 0.0 1.0 0.0 1.0 0.0
0.7022078237484208 0.0 1.0 0.0 0.5348373107313977 0.0 1.0 0.0
1.0 0.0 0.6666666666666666 0.0 0.5099306705398493 0.0 0.5170068027210885 0.0
0.0029433193780037566 0.0 0.3333333333333333 0.0 0.36527100459597145 0.0 1.0 0.0
0.04447509319025964 0.0 1.0 0.0 0.5132442779875653 0.0 0.54421768707483 0.0
1.0 0.0 1.0 0.0 0.39082824296413826 0.0 0.9251700680272109 0.0
0.8139915733278671 0.0 0.0 0.0 1.0 0.0 1.0 0.0
0.006104992502445339 0.0 1.0 0.0 1.0 0.0 0.782312925170068 0.0
0.4101997936779906 0.0 1.0 0.0 1.0 0.0 1.0 0.0
0.04034196870411508 0.0 0.3333333333333333 0.0 0.6950663118734021 0.0 1.0 0.0
0.6776452553736189 0.0 1.0 0.0 0.6328622406177475 0.0 1.0 0.0
1.0 0.0 0.5 0.0 0.008363614642254866 0.0 1.0 0.0
0.16071949787550718 0.0 1.0 0.0 1.0 0.0 0.7142857142857143 0.0
0.3053788548905669 0.0 0.6666666666666666 0.0 1.0 0.0 0.8571428571428571 0.0
1.0 0.0 0.0 0.0 0.1656994989717253 0.0 1.0 0.0
1.0 0.0 1.0 0.0 0.7024400521302456 0.0 1.0 0.0
0.009311227615955866 0.0 1.0 0.0 0.6152231145673669 0.0 1.0 0.0
0.18617107793223459 0.0 1.0 0.0 0.07714340613892787 0.0 0.6938775510204082 0.0
0.32642771042728264 0.0 1.0 0.0 1.0 0.0 0.1292517006802721 0.0
1.0 0.0 1.0 0.0 0.03654914017168612 0.0 1.0 0.0
1.0 0.0 0.6666666666666666 0.0 1.0 0.0 0.7687074829931972 0.0
