0.6397799954637315
0.4881008483632781
0.7925620160256366
0.8528228973620934
0.3749517740760591
0.7095801687759951
0.5909005022628098
0.2790379412327595
0.12868391285320918
0.7560439836153645
0.30901627128250625
0.5293985226135154
0.7492246164488265
0.8115346645977396
0.0
0.6968440152653592
0.0
0.6153206903881402
0.8369350229185752
0.49862956217888876
0.8336213221895266
0.6703942802430098
0.0458381346234955
0.6121086162278745
0.6733345779094333
0.4820200648475338
0.8222044262317043
0.39369065770860595
0.5608623557284318
0.0458381346234955
0.0458381346234955
0.518743164715496
0.6215365524863029
0.6262253207869819
0.3529737924602631
0.5555245181718804
0.7692520528766458
0.819706178576692
0.0
0.5861455400423733
0.0
0.0
0.6662531965298226
0.7558451855502836
0.6834073061249182
0.6689552248775519
0.0
0.724472326108803
0.725419618792771
0.8008537177857337
0.6653951850216072
0.7303622044948213
0.6960143951157967
0.0458381346234955
0.636703803886024
0.6485142785650879
0.6604022793341972
0.573186196958175
0.6779666529502402
0.5675468326429909
0.0
0.8262707465039606
0.5766447863625676
0.6762575407925359
0.7386565146157996
0.797619650568309
0.7589028846328926
0.1453034489624969
0.7997632113849589
0.36823712503195893
0.7276465115116686
0.6903812920478549
0.0
0.40977363550315904
0.6684397527034395
0.0
0.6118554365560541
0.6522534980534261
0.4709316257710591
0.8136685912401156
0.0458381346234955
0.0458381346234955
0.0
0.0
0.5856384310147862
0.0
0.540391546809397
0.8379553933023783
0.710374037086202
0.838699383031657
0.3557750302799475
0.324876075856255
0.8197332643449665
0.0
0.0
0.7369790577808302
0.34192643074985535
0.42903346038825774
0.5929491629374557
0.0458381346234955
0.6924454181308763
0.524261375599985
0.6217607700614206
0.10643285259952334
0.5015508416044011
0.7013068355328576
0.5455653951232716
0.45137074027541496
0.6088321745090836
0.7607190199778909
0.5672362729968861
0.6624254165803211
0.0
0.7971937047373829
0.608419315664408
0.5957502840696286
0.7976299680166877
0.0
0.7767700631231355
0.6815900261136183
0.7682300917700352
0.07265172448124844
0.847866100162015
0.6607422823942442
0.553071596679691
0.622617787552987
0.0
0.743941815584524
0.7321294302821053
0.6591797112387054
0.343778945427589
0.5557619173929678
0.6637810871416078
0.818280810563172
0.7855423866117108
0.7449511996172072
0.6119758177668384
0.5080460175029663
0.6265815731080924
0.4357286697141453
0.5194907006565264
0.6642680311959346
0.6764965811739183
0.4301315006254982
0.6397384092156594
0.11848985910474394
0.12868391285320918
0.5406340222872474
0.39369065770860595
0.6322450970853931
0.7644780813908044
0.0
0.6785775675047439
0.0
0.8054933530352784
0.7869870853149014
0.6731440795719494
0.8113122781195587
0.661862171943314
0.6454880039407473
0.7084904544681928
0.6379976455253505
0.7865267964680684
0.7154148821012725
0.4558134900070236
0.64112158015068
0.43072283496359554
0.7076049704965899
0.7825911772088963
0.5792600668957183
0.3187673866737293
0.5550471476387505
0.8263796843378219
0.527609290727368
0.644011050387526
0.0458381346234955
0.664691542229152
0.36104484416089017
0.6050764686408611
0.0
0.578968742858484
0.3277310709878048
0.8308510980687517
0.7871135306648828
0.6481379862866974
0.6546537113739131
0.0458381346234955
0.5406526374737194
0.7879676254225713
0.4771956705415908
0.8375911990532451
0.0
0.7141699896859245
0.5664345301273117
0.810351216098058
0.7935695418747091
0.6825833006552378
0.6572896470146854
0.1790845770807718
0.444967234734942
0.4365423150369415
0.39369065770860595
0.8252818937414798
0.8009224625424581
0.3848847003401
0.12868391285320918
0.8111626697467199
0.0458381346234955
0.11848985910474394
0.6728572991756389
0.6626405518137908
0.6657470259072377
0.0458381346234955
0.5876987940988347
0.5879086308395096
0.8424791349270533
0.5939127532127322
0.0
0.6507457594717716
0.5287777830286723
0.7367914046536547
0.7456181803189096
0.0458381346234955
0.0
0.6919448409258784
0.5023196146485989
0.5392417508733839
0.23879162468852153
0.6247964492789294
0.12868391285320918
0.8293668549419791
0.5813145123627617
0.614350751658468
0.6710348873622185
0.7635352869044055
0.6051537115426141
0.183352538493982
0.21795517344374532
0.730122965521727
0.12868391285320918
0.8379182121315275
0.5830722687551312
0.10643285259952334
0.7537242490198861
0.4275061303872502
0.5401856785394017
0.8065007103489701
0.5214603670874065
0.5722348282131562
0.6975974877635261
0.0458381346234955
0.5137086311357396
0.7996984351241669
0.6014740398008325
0.6586724134939382
0.6396259955431953
0.7002756951893382
0.6073078533752634
0.47729277841440715
0.8418679688164963
0.7327540412397812
0.33179497090053084
0.670336686720146
0.183352538493982
0.593084071462132
0.8359973421240756
0.4773412789296027
0.7874227942719182
0.5695487193014345
0.708278308841401
0.0
0.0
0.5624875970474246
0.6739176898789179
0.5693198731499949
0.7274877824837563
0.0458381346234955
0.7095092358731019
0.10643285259952334
0.12868391285320918
0.44918079018086715
0.6744144955026489
0.6678984953890411
0.46016532010554595
0.6044126870664498
0.0
0.6535523207641115
0.6623427128942486
0.6840085253463174
0.7355340805366397
0.670741395106866
0.6557566518619161
0.7449079640785676
0.6259799195331095
0.6584063198210921
0.8371306469321081
0.0458381346234955
0.5668616659745663
0.6921918393422396
0.7216186049688551
0.11848985910474394
0.6983767595989183
0.39212639543185335
0.0
0.7477212491200581
0.4367217736260543
0.4851087726283948
0.6606756338985615
0.5962660493903646
0.43699005167960714
0.19471707323207757
0.6254760464647744
0.4998825976573395
0.5880542125152658
0.5569653897670832
0.5655335736773192
0.4442514441681629
0.3733359409972901
0.483317220427195
0.615877998004739
0.8393784168552273
0.6367952014088554
0.7534811070583224
0.6789441848371306
0.0
0.5966662106592082
0.5440977106395778
0.5750930754113263
0.6756222908955855
0.4915134951555811
0.37286692875119193
0.6234798005169612
0.6552058348194149
0.8360274948817101
0.5303188419330885
0.617882193454507
0.6647029509153712
0.6399585189314558
0.6439915492079724
0.6739871207820725
0.7543719656158566
0.0458381346234955
0.6741653233811811
0.6529248441673229
0.0458381346234955
0.5659157580362079
0.763242224073103
0.5691749296410005
0.27076084632776276
0.8084234828377719
0.7602761946978177
0.29683554079450813
0.5557026474364974
0.82873391598461
0.6952713083983277
0.5631001670088743
0.6281266770313326
0.0
0.6589436639205327
0.5916019514387263
0.5011799841733552
0.7879410874362586
0.8242384356009194
0.623405287326537
0.7921299245828832
0.1375144038704865
0.6785220520658922
0.624529972963335
0.3635302057427899
0.29141832466355744
0.5588436924825614
0.8295713097372658
0.5876896556410706
0.6495193419171131
0.7963237508236285
0.4212444152962474
0.0
0.8086192253260028
0.6071514281119531
0.6001854029782145
0.44865919519904063
0.6032961724365109
0.7585319384338036
0.6845599867949922
0.6814307714923912
0.4198714154691455
0.0
0.0
0.6207651503941065
0.8293916781964895
0.5469166138659398
0.5163679132019703
0.6775311667382159
0.6743060606651234
0.8142720440609763
0.5963462755915236
0.6560693567669371
0.6371595335272325
0.6271526469862572
0.6553439697917676
0.7440578829680835
0.5914812439354515
0.6806533468968805
0.4545254138774171
0.6155969349486823
0.0458381346234955
0.5345745618784259
0.0458381346234955
0.6558414888838205
0.0
0.8208986007080986
0.5937044681602189
0.5955152469896092
0.6118554365560541
0.5756216813193384
0.6504775386876795
0.3834966039601407
0.7332505283271059
0.6488485834340935
0.7879565692224711
0.49112102842796296
0.6252433836840127
0.7601079357310755
0.7237767780648439
0.5918684508484198
0.843448039456744
0.0
0.7380892293806869
0.5775990972086968
0.8082095787163285
0.7511699195771994
0.637899342043774
0.7573874929939131
0.6499057151312494
0.5490981257569133
0.0
0.3694872652757566
0.7157452179139576
0.5593787086179514
0.8331478043145935
0.6639947466561146
0.5885792756529732
0.6112182139583906
0.732046044662584
0.6364638290426207
0.43246575882104293
0.634678386737597
0.7507202009094907
0.6758636343608005
0.7611204189831827
0.5066291022481061
0.4913567878559359
0.6606574453723396
0.5712226967302794
0.8129675317441736
0.7754591760097421
0.29830516681949026
0.6749466909815978
0.792493087355041
0.4070235323962864
0.8091722007597858
0.7027502579693694
0.6158839651104958
0.5625811810409125
0.6634738266761857
0.5090741293321088
0.8229800966474845
0.0458381346234955
0.5951733605955309
0.0
0.50919403951819
0.6230635823220935
0.6733370808123538
0.6369472504646824
0.6567161144844256
0.0
0.8343389016339309
0.0458381346234955
0.7285540549474029
0.24394725647000987
0.6513103959128844
0.0
0.49194253525945136
0.5472038074815991
0.4536987724949339
0.7374743479218117
0.8205455850784148
0.7563071698065351
0.7826281011011289
0.5556433243111872
0.5376054897818183
0.7355702262033965
0.8427108597112761
0.0
0.8351428841025783
0.5310330707162034
0.6107426844326089
0.6496340583975609
0.5368212475697618
0.6428584636347255
0.7940698241893283
0.0
0.48493610817128424
0.6496483839756305
0.5049899414122172
0.6736492000342821
0.796898422235481
0.6732569408955494
0.5405408676733017
0.6274889340087476
0.5361671721541824
0.6594982786671444
0.5592945196193053
0.646854290566898
0.4320823928227456
0.0458381346234955
0.0458381346234955
0.4990498842475354
0.6729983291682443
0.6210416852518024
0.10643285259952334
0.3102409442357567
0.0
0.5812742441627018
0.10643285259952334
0.541705133687174
0.0
0.6171369881450735
0.10643285259952334
0.29683554079450813
0.52653509011629
0.10643285259952334
0.0
0.39369065770860595
0.4316967914415654
0.8288708054152901
0.6468654962687811
0.5921765922527198
0.5326071731015234
0.5701829255235817
0.6491379159142464
0.8143171857203381
0.8020299318313397
0.6304505303244785
0.7897330355941952
0.5383805405462049
0.5681144794717375
0.6696469166316744
0.5968335589969448
0.39369065770860595
0.19114158358599237
0.6089780554354935
0.7478276289022572
0.6378522756288887
0.6283741344728441
0.7439641851472982
0.7616564638021525
0.39369065770860595
0.7347842596245564
0.6565969401769528
0.5619907266763284
0.12868391285320918
0.4275061303872502
0.22036018210020017
0.6168729939840858
0.6579562262590766
0.7198289728618581
0.6393671349393317
0.6672019044995812
0.7469117287176339
0.7197781495291842
0.5501382918973502
0.6518321515873269
0.678262362017768
0.7136944970189182
0.732779514630351
0.7833731857532688
0.0
0.6301193854679573
0.7729363013077091
0.6708454351668778
0.7147010312277848
0.6267336671252385
0.438838128618168
0.3749517740760591
0.5999808170646418
0.6350143365042171
0.10643285259952334
0.6805771184071827
0.0
0.5960328415076969
0.6614290765095515
0.40084687070340297
0.6013329178805292
0.5189243796053783
0.0
0.33685199044511577
0.6614440581478896
0.4846328563155859
0.6467421289906469
0.5875432683106695
0.5032763701922025
0.8390898012422326
0.4166737968352801
0.5768604410441588
0.790930711934932
0.6741949771836306
0.806561494472123
0.0
0.7086549873934912
0.4512269783720481
0.8157090674737737
0.8075357291372216
0.47456893796399624
0.6575761469552152
0.8198270212471459
0.7862523451300906
0.8376354507823818
0.8218797834382439
0.0
0.6677842663300325
0.8050723499174075
0.4597870705547594
0.5753799279944184
0.47587056339599976
0.6674321811389472
0.8302126656008801
0.6789096849931145
0.5907959481706673
0.6440422403183034
0.6253313747463103
0.6368690974721257
0.36823712503195893
0.673969769889095
0.4400420972339969
0.7082428849768784
0.8170659912350953
0.4391843621289896
0.5204070725874917
0.6540165376371138
0.7477675575382208
0.7907656005817264
0.5765258758369359
0.6753703558405767
0.828690213897527
0.8393853265496224
0.6493900475630947
0.6556390052514169
0.629461798625807
0.5467640637417641
0.0458381346234955
0.4169160331849054
0.421920371261637
0.0
0.780711776750937
0.6514185634048624
0.4425505060165149
0.6483757014171473
0.7337654000069324
0.7287773846010898
0.6832071161439416
0.49076580582180723
0.6388927183540478
0.7685060619565748
0.11848985910474394
0.657972015588833
0.6800840001876745
0.0
0.8373900235080375
0.6524940476569131
0.6490367934770807
0.6940895993324727
0.5747049522660947
0.828725321134288
0.4602909240360023
0.6354107952044247
0.091676269246991
0.10643285259952334
0.6102377211311629
0.6122285378585037
0.6572992170370612
0.7003555870136184
0.7757545111965
0.6648965980508295
0.673209311828818
0.6392959796654277
0.0
0.7943755726100813
0.5349611122916301
0.8339385111303496
0.8231361715104829
0.6480389913336818
0.0
0.5795914447241277
0.6812711324299434
0.4671391442317164
0.6007203870290024
0.6632730476507765
0.7338616816738858
0.6627228840870373
0.7539043552605368
0.7809295414544517
0.5871113719479261
0.6570435412903762
0.8381871479940106
0.562125384530848
0.6610142380187993
0.8240585583133513
0.7400610965110451
0.6541170245877737
0.6007953903822901
0.6474048538260837
0.5705273866590473
0.42657250853457024
0.6951292450794514
0.16432799372823945
0.6522156177209636
0.789479811495363
0.49271554756213676
0.5056883972036127
0.6689150979880063
0.687179336395051
0.7748461866583131
0.0
0.7642588310671647
0.7660421142856854
0.725137767899319
0.8450934683747147
0.5822439015626734
0.689657825027154
0.6891750185918303
0.6761472913948192
0.6581423005655357
0.6254244143185657
0.34522447728804484
0.8267816928881282
0.6747215824890092
0.12868391285320918
0.593210298737534
0.7429552285267444
0.757327779620072
0.8097196358263182
0.8433261921602944
0.11848985910474394
0.7154651996136353
0.6651775156173206
0.552108213131609
0.5370574983104773
0.8353527301849561
0.6384785035234396
0.5095226758143814
0.5884258092484792
0.24558019004006193
0.5124376672974708
0.5695727623664165
0.7903245577439406
0.0458381346234955
0.2685189214765358
0.7382666777193196
0.6583749441742992
0.8377511584327364
0.6919618398276655
0.6535016654958324
0.6674458628291803
0.5150379311598221
0.33520891339018993
0.11848985910474394
0.0
0.6621858828847879
0.8018581076165279
0.0
0.6694773241053119
0.5831408332501326
0.3229018859841128
0.5489505313880101
0.5279033551228384
0.6579751730024508
0.28811111307102505
0.6234957567118763
0.83108628070749
0.832612813289161
0.30963144269073634
0.31604558483897766
0.6675196950834901
0.8300319610806036
0.4416417659897133
0.6724881933306602
0.7301780883669012
0.7939022708296035
0.679539340009256
0.0458381346234955
0.7453491621906334
0.7193189732629042
0.0
0.39369065770860595
0.614265201259079
0.5696448391577533
0.6695303685049675
0.762894253060904
0.3229018859841128
0.6389137823610757
0.5968971995162362
0.7135856425271396
0.39975891867681734
0.5838419725472446
0.0
0.6407252334730776
0.5985229571891743
0.6703707253186272
0.5495552128855057
0.6285468053705027
0.5817958278424897
0.0
0.42180819065881586
0.5744598180529518
0.6714430853618728
0.10643285259952334
0.6111220987588176
0.5321219259606362
0.44097293146923255
0.651198553257181
0.0
0.5994856838159736
0.589359135467651
0.8071530497090568
0.7698142220591302
0.7524049244578566
0.5770324598685267
0.6316272259899449
0.0
0.5061917712763407
0.0458381346234955
0.7492516220856953
0.7637849987417752
0.47119817369139266
0.6635435202139285
0.4762166674731423
0.723910882655772
0.6497736005854494
0.6677652089557612
0.5947147451138448
0.8452530295694162
0.8150913612224557
0.8369183607790682
0.3223989904084634
0.0
0.7966196648345061
0.838172868200138
0.8280220237951654
0.7935236147037596
0.3176920711192944
0.8399470607533288
0.5482075775674355
0.820398162903571
0.6985718600546955
0.3137844945189874
0.612517977014864
0.46925460835007776
0.0458381346234955
0.42423324552764796
0.1585738922558734
0.4858802318574924
0.8274045226496226
0.6353663676249875
0.5894926694354267
0.6754843299846551
0.6481563024340253
0.2661983167236957
0.6399087468898403
0.8301680613638405
0.8238941174810356
0.6316977300474119
0.0
0.6307657334681492
0.5337326475635152
0.5646201729265742
0.0
0.5831604100559312
0.6675032950380629
0.6025631159921115
0.0
0.7628095611808068
0.6800726987351127
0.6793179272555397
0.7468845732942847
0.6689899818309308
0.5434229042791305
0.0
0.719883471559071
0.8435874005669055
0.4422214981264167
0.1790845770807718
0.6358093059822298
0.10643285259952334
0.6927820176843746
0.7274877824837563
0.8133864693201062
0.5918684508484198
0.5442741527119769
0.7604071401419645
0.7969420651783149
0.610003354260325
0.5218077698724892
0.0
0.6567965162566455
0.48968854390887423
0.5756765022206831
0.581344697429625
0.42423324552764796
0.7214326144666855
0.10643285259952334
0.6716077170311657
0.6154589569117257
0.6081448734030511
0.6622835754438468
0.0458381346234955
0.6489717044467228
0.12868391285320918
0.7050472926230338
0.6587567137880023
0.07265172448124844
0.6765800415918356
0.10643285259952334
0.8086907018018923
0.0
0.0
0.6787092301906769
0.6386647985296829
0.6700058631200803
0.634046677312667
0.8364428849036274
0.6074367957467207
0.6786976913151254
0.714985630366758
0.6976165617707263
0.49756691827220767
0.6495336923646289
0.6851278322050847
0.7650208581997777
0.6366994484706371
0.7510541057517796
0.45991339427894995
0.554460654304949
0.5927293478939608
0.6703131112690023
0.0
0.46781452490542846
0.6362492972893312
0.6311268433008008
0.10643285259952334
0.6196303876496937
0.6996885342391048
0.5519985570253431
0.5516054370381218
0.0
0.6838720727470996
0.5483071216647637
0.778741310398463
0.0458381346234955
0.6145580573125747
0.5070016691462431
0.3890667541330756
0.0
0.8036801366188725
0.5789583146554339
0.8261822262463763
0.6118998130276934
0.6320631443422463
0.592372711323493
0.7459303795288581
0.726272649386168
0.6625492785001919
0.6691101534967546
0.8405949132121046
0.26379330806724083
0.6359107635172967
0.843828012943925
0.5272911367483936
0.3689900415084648
0.6883384902558403
0.6614859886879296
0.57152679908561
0.0458381346234955
0.5695727623664165
0.49866469123655677
0.0458381346234955
0.7047304399206953
0.7617104220616229
0.8343147709165915
0.7925343706374874
0.6093479430530632
0.6503288433587322
0.7407573228182729
0.8105755958825915
0.8305730643701094
0.10643285259952334
0.5623000308169281
0.0
0.7590975029953566
0.621140955397296
0.6508724327137694
0.7585733342157971
0.6666171392588496
0.6675961748981413
0.0
0.64112158015068
0.649447542931172
0.0458381346234955
0.6058934646814809
0.19114158358599237
0.6396384953919245
0.4607909676246106
0.5958230570849256
0.0
0.6795940083365672
0.34971547584186574
0.7516702144931112
0.5332347999211156
0.6726578333385668
0.8275774802253577
0.7914143529308542
0.0
0.0
0.7028848779692896
0.6727083879236333
0.6796213255622245
0.6991469554518432
0.6245352083233113
0.3613256532856092
0.6880786453262195
0.0
0.7287773846010898
0.5457724303547421
0.8346406683355416
0.6336419303210434
0.7699792751175274
0.6312972095165498
0.07265172448124844
0.556994470879911
0.801478875966932
0.8425839665831274
0.6398879974781345
0.7790896744520813
0.7749011686951077
0.07265172448124844
0.5637989899456616
0.6877855970539216
0.582293500642104
0.44029726327213947
0.39369065770860595
0.62368693135575
0.6642134645613231
0.3243880260432687
0.30454197444603776
0.7714005021318262
0.8176435905645347
0.583958109763404
0.0458381346234955
0.6615039507838767
0.663815781559142
0.538726371692018
0.6056361880169678
0.6519775085057617
0.7774718862663973
0.7744182474090913
0.0
0.7195794400963058
0.5862577047892713
0.6359900566317186
0.7839597909129477
0.0458381346234955
0.8167911625526871
0.626839925187015
0.16962125396628114
0.5418332403126888
0.805940005041117
0.0
0.6741653233811811
0.6663116734664751
0.1453034489624969
0.6505022887693187
0.27076084632776276
0.11848985910474394
0.7886687796176659
0.6465134787744903
0.0
0.11848985910474394
0.35004862742558
0.3616052750531897
0.3756323678998196
0.6596831470245177
0.49688497000889637
0.5827283758870532
0.4104436559207203
0.6304792473182734
0.591256486635817
0.5863230464766446
0.7938962067273941
0.6235382877524965
0.6959130702670885
0.5319310731600443
0.8099750212535523
0.0
0.7861069594890662
0.0458381346234955
0.7893053995152018
0.5633383321504702
0.6990774613103042
0.0
0.7757263140945023
0.5911785077148204
0.5310976197203571
0.8036515377066522
0.5240703160246738
0.8332091878153253
0.4530719388964779
0.6760632826822649
0.6478442358891799
0.23879162468852153
0.8300775929002946
0.8393723194664418
0.6232720188732591
0.7576439976024749
0.7616913442940245
0.5266271938212966
0.6192968943559969
0.8384642682043001
0.8054655277805658
0.7050472926230338
0.5379166009678159
0.0
0.6442212975044656
0.0458381346234955
0.6727387021343427
0.6368690974721257
0.6123482424156105
0.7480819210320074
0.6582775849595704
0.0
0.6364550862544662
0.0458381346234955
0.0458381346234955
0.6699136732048186
0.0
0.5862763804317295
0.819893363423835
0.45896003154701115
0.8335101455440329
0.6905609288561061
0.0458381346234955
0.0458381346234955
0.611025843660307
0.6717488706589402
0.8348764821521397
0.7160109291915895
0.7137855249866716
0.8198087176601797
0.6635057786652357
0.7820667481277481
0.7632782053917939
0.6178879824377036
0.6410563667591346
0.34267367541800364
0.6821991628341979
0.7287773846010898
0.6226447278920996
0.6151941940668719
0.8552161949483571
0.8420214371425093
0.33520891339018993
0.0
0.5787703252535568
0.6506682284269673
0.663595742208881
0.6466897217484006
0.6634156925688818
0.6492172609220803
0.12868391285320918
0.8349545381016534
0.822626790082208
0.5550022169726545
0.7550366870379767
0.6544808472844177
0.6495336923646289
0.3787190157941665
0.8133705095649919
0.5699443163904413
0.8091824688652358
0.8072885602635459
0.0458381346234955
0.8411985292025099
0.2502501615028644
0.5422524232895001
0.5813648131558653
0.7020681539193269
0.5724423145418263
0.7296044763785068
0.6690888055990615
0.6866739301915319
0.667797875378607
0.3731018506661108
0.587844837939016
0.8328449649257061
0.0
0.1375144038704865
0.7086564545952109
0.736293851646311
0.6722265517847974
0.6198218091423795
0.6552486217236604
0.560560013163325
0.0
0.831675513494672
0.31492470292877806
0.12868391285320918
0.7335381819290423
0.28462975931201706
0.674350441864026
0.7889273015971606
0.6925503217042959
0.8536053631760939
0.5279710308403308
0.7941496159662358
0.5548972598830487
0.8073047368669297
0.46702590713297804
0.8291857180057038
0.39369065770860595
0.6417661671066858
0.7487838222058101
0.39369065770860595
0.7659453228137368
0.7870436120547777
0.7841554245350509
0.5559246363979049
0.715368503128463
0.535163655940024
0.5073721488239181
0.7140781380725156
0.0458381346234955
0.39369065770860595
0.7721214618589585
0.6045969537902294
0.7321294302821053
0.07265172448124844
0.609584640082668
0.5212859789108043
0.742627749696461
0.661945478409819
0.757327779620072
0.6556324631878508
0.3616052750531897
0.527767795561523
0.6584533553972979
0.6604448754384105
0.6062395532330848
0.8411255304324758
0.8297386991831325
0.7473201806214029
0.6907343075517666
0.5713515261245259
0.7203461355214879
0.6599257714931629
0.5730608959225735
0.6741257642820809
0.0
0.438838128618168
0.44097293146923255
0.0458381346234955
0.8268672048236019
0.6318947424558002
0.807041458346703
0.0
0.7810145802688798
0.0
0.6493217068243377
0.640355352423324
0.7014983971129903
0.0
0.5888312700496389
0.7948654344746997
0.457992723474014
0.8106390267568402
0.8080902984705074
0.8446764608047448
0.7145294134777035
0.39369065770860595
0.637564872710541
0.43875128625571447
0.7812195995898964
0.6740713318527466
0.8316072033989241
0.6337103199126173
0.0
0.719835168157995
0.6929347912939288
0.5284875898731936
0.7195956075421275
0.0
0.10643285259952334
0.48972875701409935
0.0458381346234955
0.3291136394525636
0.5443093847050878
0.0
0.636986292352762
0.24872985432876354
0.7540123318175246
0.6098401094242695
0.64546893353386
0.7021960799484426
0.0
0.5565422701690457
0.6652029945039795
0.4868950412779867
0.6768416621253035
0.5992482313184655
0.7893998035518747
0.58342413127341
0.8247556311914447
0.6552190029694992
0.7458284282249148
0.5492617340776353
0.7170671010400371
0.6647172090059171
0.7859949765709356
0.5011123315336903
0.653481392519124
0.5945995925607349
0.0
0.6046676891157294
0.2837300114257609
0.6709233579365044
0.10643285259952334
0.6615398603460089
0.659055580841856
0.6245509119168877
0.0
0.6564355518464017
0.0
0.6471338650490129
0.8140399100436913
0.6462538851533692
0.7339107714590613
0.7569004886603239
0.0
0.0
0.8209877687524892
0.5905863427669643
0.6789257871601432
0.4357286697141453
0.45654790941241197
0.6778241479964006
0.32584150102420795
0.8395614829390237
0.8207872405242286
0.7999947759442628
0.7196266876791378
0.728523641153198
0.832160559509711
0.6258106763654971
0.43490488875657113
0.7931517736666845
0.5153115370507566
0.6782948790981179
0.8385690726350618
0.6726578333385668
0.6315331035010914
0.10643285259952334
0.7773883918143837
0.47385730443032814
0.6246555073511163
0.589608181166988
0.6383554306154228
0.6626846711359321
0.3575786997969595
0.33223147710256407
0.07265172448124844
0.3808387629611722
0.8272110826622757
0.4602909240360023
0.7877962679318322
0.5559837078172011
0.6626787902600275
0.5550770844656558
0.6640235666903478
0.8452530295694162
0.5860519238751186
0.6684208833199817
0.754521726580595
0.0458381346234955
0.6264291284820213
0.10643285259952334
0.7134015432880889
0.6574871465771511
0.5366830438632334
0.12868391285320918
0.4805585589661651
0.8335514425234005
0.565162017331164
0.6201470782912923
0.7657754414622738
0.10643285259952334
0.0458381346234955
0.4203322567034699
0.7457229690052685
0.23879162468852153
0.5332347999211156
0.8111729447595527
0.5460989162824295
0.7316575878509722
0.474972173661567
0.8280447034343875
0.5647883615809733
0.5856761282935639
0.7758390304370747
0.10643285259952334
0.7986284557692827
0.7438703543811022
0.8305865295836763
0.6824547756532144
0.0
0.6554096470734643
0.7283256098123295
0.613285746768496
0.4026712746689152
0.4795815876699411
0.6602834738789899
0.7456416674202149
0.7865421610345427
0.6187906246255338
0.8429313754550771
0.6609991586778367
0.6861976082227473
0.7377281715673372
0.2770637513606173
0.7079677047411566
0.7702705978790517
0.6805030478068665
0.7414096474872586
0.35329096548795097
0.2226807868530403
0.0
0.0
0.6364944197021144
0.7601133266538391
0.6264901485089619
0.6653132897176364
0.0458381346234955
0.5605875560414845
0.6024243015412521
0.4921753891954749
0.3694872652757566
0.4182327010127307
0.8105696264805565
0.46809391040549764
0.45601459644534975
0.4819296609380275
0.4834499681121283
0.39369065770860595
0.4626331605477298
0.47626596337516774
0.7131004272183036
0.6661918794651561
0.715663448371624
0.5837935217798161
0.673751255137992
0.74567939707984
0.6533020441260307
0.5926785174152823
0.0
0.7951147667995576
0.841592790590447
0.7657296533203255
0.4594702014793878
0.662831523322556
0.28811111307102505
0.80929114881059
0.3890667541330756
0.29221991568417255
0.6708480340723626
0.5096417761608556
0.6605937461063727
0.7180799560907556
0.5944512440325362
0.267368797713326
0.7344125972840498
0.49717296371176417
0.0
0.6289887570009504
0.6245352083233113
0.631434130497576
0.43490488875657113
0.6694268924851113
0.6765061248402053
0.6209698973575193
0.4502848300052748
0.10643285259952334
0.6958632397368334
0.6599502914969679
0.6701189493590363
0.6344759946166362
0.8385250297100205
0.6734496135108667
0.704441779445652
0.2044120268793689
0.5869082344118897
0.7431113910823951
0.2897853910935053
0.0458381346234955
0.5912478268506276
0.796108665603332
0.49202024437474456
0.7084374818299152
0.5678436040438396
0.6819403606651536
0.5590694902247806
0.6678876249280148
0.8065855255237633
0.3749517740760591
0.8332364015334824
0.0
0.22036018210020017
0.6604448754384105
0.821288761469956
0.4590240184407357
0.5608212085014452
0.21016612835173495
0.42760905717768555
0.6539259686439504
0.7658218160366433
0.0
0.38795216961123974
0.731613017519449
0.8051501496523233
0.31262428143551924
0.6472490781579119
0.6481343224483903
0.7762050939490168
0.7206148416463992
0.7212327567381978
0.7787194448060952
0.734133720929662
0.7712423796048511
0.7550905078082101
0.5715617980012219
0.3996020254845902
0.6676589315029628
0.8296813024432413
0.47007138015114347
0.7287773846010898
0.6476821152498047
0.4597870705547594
0.0
0.6169963224190664
0.39897070374948007
0.45567907847801725
0.5539755135724989
0.8280447034343875
0.0
0.5353454163370992
0.4610395786298385
0.6598981756172301
0.48944675040548274
0.8341862912319296
0.838352898915225
0.0
0.7793697699555414
0.6718308579765649
0.8354602074581663
0.0458381346234955
0.11848985910474394
0.7077642833832894
0.0
0.6072806755470765
0.7403524606591124
0.5446081012065169
0.662919478357917
0.818263472353144
0.7928041407578698
0.7527876864890164
0.6316977300474119
0.5531486807885528
0.11848985910474394
0.7832821100330163
0.6608814216614736
0.65895299756824
0.4275061303872502
0.8131798996099041
0.663243898600406
0.8052779110078774
0.6102572142630668
0.0
0.6315895930684542
0.6618800321656512
0.0458381346234955
0.7213127723247528
0.574280966153522
0.7962211749018396
0.6604448754384105
0.640515888279491
0.6663895623656546
0.25736782570641836
0.8046276851249555
0.670488416130087
0.6778849253667842
0.372631169323219
0.8267679220125034
0.0458381346234955
0.6707596139371574
0.8471338063828433
0.8417925705408762
0.4750224056803171
0.7979691637675046
0.7430582150864927
0.2013356373344576
0.0
0.39369065770860595
0.819536846480319
0.8165025499216035
0.6673637301965921
0.8288121732101295
0.827717994120652
0.7298679552780104
0.12868391285320918
0.5001921816014288
0.6607059369965141
0.0
0.6137680467147374
0.3480240677974001
0.6658732317695728
0.6587598339583067
0.5888043165340813
0.10643285259952334
0.7195670009093337
0.5616528775226586
0.6714430853618728
0.5416318183254464
0.680657828190472
0.47724424230249995
0.814619019894759
0.557385819339632
0.6687543465022029
0.5815255190660711
0.7035206070306695
0.0
0.5911785077148204
0.39369065770860595
0.8231055058713964
0.39369065770860595
0.0
0.0
0.5695727623664165
0.0
0.6360428659373837
0.813204963606957
0.762164032117475
0.3295681460492564
0.7321047343914217
0.5662452072109871
0.12868391285320918
0.644713148741789
0.8207290650305565
0.6272280838355776
0.6793499295476634
0.43256125407157947
0.6522087280559571
0.664825470148534
0.5250437130387584
0.7859170229146326
0.7241388186609615
0.7743128671414886
0.28811111307102505
0.7588747409486237
0.0
0.5600067328014249
0.5941618324130495
0.4967405014653565
0.7332039825264356
0.0
0.6015111271494041
0.8444897332233409
0.8380423446713856
0.8207296039273414
0.6063361343365304
0.5325861492738133
0.0458381346234955
0.39369065770860595
0.6306465150304076
0.39369065770860595
0.0
0.5044129391617178
0.47704974084021506
0.3267930346997235
0.666813556894298
0.8213814075248896
0.7526346965207905
0.28000336640071244
0.8097835747043567
0.8562443359522065
0.6752391638698034
0.8311265862477869
0.5578466605739564
0.6721858153858777
0.3942039626105014
0.4374347772931609
0.5088637618988434
0.4275061303872502
0.8227656743169819
0.8101595925218305
0.7283942262522782
0.6080105846991632
0.8106142268765975
0.6499983947328315
0.7697967627962823
0.7549551451663569
0.43360269999684636
0.7132292536999594
0.340789489574052
0.5700279275542091
0.6717668140722927
0.3192985577985701
0.6611046419283055
0.39369065770860595
0.7183428046409401
0.34414330144298577
0.0
0.3635302057427899
0.6633633281419381
0.5834143825523037
0.7646676798528536
0.8294441309922755
0.7888405124976638
0.8164683603921121
0.7135188805582923
0.5224481442198824
0.4820200648475338
0.645239658661285
0.7061779915467379
0.5939792661170115
0.7740595946750206
0.5418332403126888
0.7957519042905417
0.687934290661685
0.5817458539494555
0.7619008976447831
0.0
0.6934593520209504
0.6057962344294487
0.7952745285955188
0.6573215417049463
0.6677597629828104
0.0
0.8113306059681038
0.6366297227843042
0.5791145652979562
0.6481050044320588
0.6213005778507279
0.44029726327213947
0.0
0.5659284595534859
0.39369065770860595
0.6716898794265833
0.5885702580693354
0.5170629041123529
0.4583167341638601
0.56112236196934
0.1375144038704865
0.8164514027242025
0.44528289380446745
0.6332117376445735
0.6831078729869486
0.3208669423644685
0.492753961998015
0.0
0.0
0.10643285259952334
0.8191764661649773
0.7027406317606373
0.41905713403504263
0.6329771588609755
0.5949034900876149
0.6229296227707459
0.523517924819881
0.0
0.8244962663751124
0.6446899938222579
0.7642544006615418
0.7217390985056524
0.501618047351552
0.5170097018170419
0.7192352567045618
0.5443973826548723
0.22036018210020017
0.6573438588388948
0.8050173571976841
0.6276838986229338
0.8324414925372833
0.7433028189458452
0.33266512094826534
0.6683696392651084
0.7906731276323093
0.6643024711495843
0.8389620993614291
0.6714224775556902
0.6503040282657537
0.3629859191352423
0.7400328022854838
0.6358534370813016
0.0
0.8187447332817681
0.7349343138527394
0.6388632174679495
0.8111626697467199
0.0
0.0
0.0
0.0
0.6592633677324737
0.7766882995807217
0.7688936819788548
0.44805800515400035
0.343778945427589
0.6532003101700072
0.5331723046105847
0.8526322295821038
0.0
0.5495226683722972
0.7823845989548032
0.10643285259952334
0.0
0.4618411696504537
0.6877815736639344
0.8421006710544867
0.6720991671294964
0.6459023779214109
0.7410132689486841
0.6565388857403777
0.5874974557355744
0.6675360910627902
0.5064107982788012
0.6241571990085433
0.6232560085960946
0.0
0.0
0.5566007926945507
0.47162242823072853
0.7936600834356049
0.6537040541756228
0.8091523017673314
0.0
0.6641070738332568
0.6106458750909094
0.39369065770860595
0.0
0.7219326330011735
0.7328833444962046
0.5699682160833306
0.5895726605809292
0.0458381346234955
0.8182016330170919
0.6249474975102854
0.30320596032991387
0.7480147987028893
0.3309132185106454
0.7609176941529735
0.6213555308616222
0.7428634528962886
0.5528552819323617
0.5736511475881512
0.6743035941694214
0.7272090866188138
0.5428852553867135
0.21795517344374532
0.7857846103819145
0.586089386246609
0.7047242119217733
0.0
0.3304678939355125
0.762645688291791
0.7914454073805935
0.7964693457828642
0.7698555239602087
0.6902922587368613
0.10643285259952334
0.0
0.6462350343652067
0.6710996436877792
0.5506842967676864
0.843229434427898
0.6254966880410653
0.4054607637659784
0.8335916046256151
0.6237293396614951
0.7994725178434852
0.8245161166568095
0.37403328084565
0.6667914544711293
0.6138357812468991
0.35638173590700933
0.6320491272193257
0.49271554756213676
0.0
0.8425911301480485
0.6776109862403685
0.6332943318886634
0.7426742558627357
0.6405775292187109
0.31144334916976996
0.573470092171824
0.0458381346234955
0.0
0.6329955872990229
0.7386565146157996
0.7899518293158359
0.0
0.8431711198534961
0.6374702285433905
0.7274877824837563
0.698802158121424
0.3445056609770473
0.6588751768886096
0.21286570519904668
0.6926120620461169
0.2546119915613668
0.5662452072109871
0.7026378649186585
0.7425899942324398
0.6336099909581889
0.7004303980433226
0.6340738747012901
0.6431079903775654
0.6738109217130216
0.45707695583004426
0.6037995054595271
0.39369065770860595
0.5996079071604661
0.7417752169153589
0.8255988068213536
0.805314660544682
0.5697767762550321
0.27076084632776276
0.8428000806189712
0.6361527500634022
0.7354313972789501
0.762297163636874
0.625795269123668
0.0458381346234955
0.6777820386101225
0.6625168608902129
0.6191096281877237
0.39975891867681734
0.8310786774804508
0.6336236811454865
0.8000378969284057
0.5731406604099788
0.0458381346234955
0.5665730232658976
0.5280386373715265
0.5615444002385359
0.5860331847280663
0.0
0.5966342867148253
0.6290719061292882
0.8405957113371874
0.6388505702012476
0.6150009712865881
0.4760191155726676
0.5669367573333216
0.8474898216889764
0.7665221231830198
0.6652284635778567
0.76304462073751
0.3860517385596275
0.10643285259952334
0.6680423605591209
0.0
0.6657694801155107
0.3632586224062422
0.6508372700344144
0.5911958443119847
0.0
0.6085194374844488
0.7579245903638608
0.6323986670382012
0.6791966352372567
0.6441045760830273
0.7008064932593167
0.21795517344374532
0.49738813889999506
0.0458381346234955
0.7108341833873199
0.6014814589346827
0.0
0.7774884688858219
0.0
0.5700159895724988
0.6104971582999414
0.2044120268793689
0.6549419196751471
0.0
0.10643285259952334
0.6717052735177111
0.7487446224124233
0.7497579166537086
0.7255686163857523
0.5548221884145431
0.0
0.6550344098293915
0.6802149560866366
0.6313444556780972
0.6643225528427535
0.5502993500614819
0.6330784517784408
0.6351928143117758
0.5836479561267094
0.6755497157681246
0.0
0.809288265809049
0.616902378765509
0.8211965205448456
0.33725645928705295
0.6571203478605722
0.26129752321327215
0.8305974390391349
0.6077749212890806
0.7645757830358522
0.3888822897191741
0.5360076293759428
0.7529921247067907
0.5667488688192852
0.8409272957390449
0.6977983554786464
0.6078962245016404
0.6649506041375427
0.8375667644218598
0.8192098356456341
0.6610534282209157
0.6012734079107047
0.6996044672473289
0.8449716301137811
0.8089413899325556
0.7757949238071122
0.19471707323207757
0.5527003370407071
0.6136261953813912
0.44046682862018266
0.39351866684571696
0.5330053611340936
0.10643285259952334
0.7425240900484933
0.0458381346234955
0.5013825278217491
0.6002912359103899
0.6973733901435162
0.7117043612714549
0.0
0.8003279553175898
0.7836489671969515
0.834882355860385
0.6793499295476634
0.3423011085198666
0.7654157089909125
0.8123614809947646
0.5836188045064423
0.6686577077116268
0.8282754002432939
0.3858586568180699
0.7704616055624312
0.7790896744520813
0.6188705198969942
0.0
0.8113430287395295
0.7510880988338876
0.1375144038704865
0.7926646566738528
0.49112102842796296
0.6461897705376319
0.7638327898386452
0.7265743363347864
0.7851074601216523
0.8110673162406672
0.7215256751045471
0.8115588122271515
0.6623663530748498
0.39369065770860595
0.0
0.8214755225382057
0.5396209402695588
0.35638173590700933
0.0
0.0
0.3991291001114465
0.4122843836900358
0.4117636687988329
0.6715845904530301
0.8439476122944131
0.091676269246991
0.8331685694752987
0.6783529055742142
0.8341198671472188
0.6249474975102854
0.669942661029091
0.8028905361078502
0.8346803927478704
0.6927484347215683
0.7304751713248786
0.6677080038592191
0.3208669423644685
0.0458381346234955
0.5882719858717986
0.6875457783117339
0.5933362855340792
0.65823042415492
0.6017479949182208
0.6990774613103042
0.3881392431433621
0.7452547467049848
0.4340707164549075
0.7353628530888298
0.0
0.7947030825589853
0.6692141259247228
0.8427195553526939
0.7240098289456808
0.6640898051428585
0.6579214764579782
0.11848985910474394
0.0458381346234955
0.6324126102753134
0.18736167198576847
0.8375120147875911
0.8236669227680187
0.675404326131669
0.46770243937096034
0.7531667489163152
0.0
0.44767946691661537
0.5826100568762059
0.5915761040866266
0.7938707314240555
0.8250306485597293
0.6374960540251708
0.6458417147367832
0.769280803078066
0.8354621482125096
0.7091344922672892
0.2770637513606173
0.7894460902181221
0.7386257478106449
0.6663311542934033
0.3965480720550782
0.6525591889920191
0.7953516943488341
0.6650528106655152
0.6618472847391124
0.5958230570849256
0.0
0.44147519046208
0.8002413284210093
0.5988711555280128
0.5266041799183308
0.8183827902322027
0.8428882176641391
0.0
0.6663116734664751
0.5792600668957183
0.0
0.6263935074472224
0.5715734601914477
0.6412192798168416
0.6277188315103276
0.8256836111090163
0.747481063161126
0.7676957050181371
0.7705830784405138
0.5061604224018476
0.8222218152534992
0.8025207443446803
0.0
0.3958867620490755
0.5919284797893937
0.7955246929357175
0.7682128053348728
0.7726966345028586
0.5781398061007526
0.8151042707931961
0.6517836281945277
0.5568635050442704
0.12868391285320918
0.34768053222222145
0.21286570519904668
0.6630424192077377
0.6728270392935453
0.6484048996954537
0.07265172448124844
0.518639389959787
0.6030068241319538
0.6616833039187329
0.8349180219953348
0.6583969086900064
0.0
0.6327186200527394
0.8187455662481373
0.7478024705126126
0.5135405739944559
0.8119544419304829
0.6085327756146887
0.3243880260432687
0.8343555686240021
0.6733045356831336
0.6794595342679035
0.691602043240974
0.0458381346234955
0.7129108431502901
0.8439288324291899
0.5577892307401213
0.0458381346234955
0.6626787902600275
0.7424097003128909
0.0
0.6825179801743195
0.35201304263958527
0.607021927576821
0.0458381346234955
0.16962125396628114
0.24394725647000987
0.7432671857393962
0.7476179539493805
0.8268672048236019
0.33179497090053084
0.51772434640902
0.7600297179257767
0.822677041782717
0.6071786590983395
0.5878357196419309
0.6436277750789547
0.10643285259952334
0.3826901250686113
0.8562426035909605
0.0
0.7157043457811776
0.639659323224135
0.0
0.5058776117804953
0.7932624844042668
0.4951671994169399
0.635317462789349
0.7840025325373092
0.554611533789757
0.8052373948004792
0.0
0.5580043359373837
0.7093279392239707
0.0
0.5130338247752924
0.6707127553715986
0.7109986588610965
0.6633283954742217
0.3826901250686113
0.7595713678089071
0.6439134869318893
0.6572768848301511
0.736293851646311
0.0
0.33001955018766677
0.8231418872606097
0.6877614530414209
0.6362361400555767
0.10643285259952334
0.0
0.4178762017692933
0.6785405623909156
0.4171573854582957
0.6166315449933311
0.743365347905871
0.8028587692639645
0.6300519938262924
0.7369044432720195
0.7761337355665646
0.7544938556219155
0.5418332403126888
0.5207097296352488
0.0
0.0
0.642763157620024
0.7547091833290448
0.5695727623664165
0.0
0.5500253173374676
0.6756609650877062
0.45857480453822236
0.59822748849292
0.649192025108187
0.0
0.6018513583749089
0.5563957368728734
0.7779778521387596
0.657260928635236
0.666600513821025
0.6712832066382869
0.6736865555397125
0.799878171712152
0.0458381346234955
0.4719388424683701
0.0
0.6206764144539156
0.5245231844517663
0.6455528022191723
0.8345882479877124
0.7297518126039938
0.5761460953637162
0.6127999034735694
0.6595352937058486
0.6125116983108949
0.7344503543179679
0.5678189238981883
0.6589623298987828
0.6518598632631837
0.7723044032075821
0.7565728672978205
0.757181429669962
0.6056361880169678
0.6816628898405823
0.48476299171246146
0.4741123392605156
0.4866427951380568
0.6856035778749574
0.0458381346234955
0.5550321741416855
0.8038862406667809
0.49601338639407955
0.6360428659373837
0.714120027425762
0.7058435629104975
0.0458381346234955
0.7666400567199785
0.6442873483099674
0.459533696875053
0.6652482660782308
0.5693439995455579
0.8217668817084162
0.6192798920549636
0.3218922411893
0.6528054596999454
0.7973074564248336
0.5775884507545959
0.7752102641522998
0.34002052219457446
0.0458381346234955
0.8343551300728126
0.6362492972893312
0.8443925919007862
0.6274939402882841
0.0
0.4541822348534766
0.6516135153870842
0.4873550083201765
0.7211672173514532
0.5616935106726343
0.6986213991732058
0.11848985910474394
0.8335103676397706
0.6602072041204551
0.6906149176215661
0.0458381346234955
0.6809127612548522
0.6212125579398815
0.1453034489624969
0.7559701320895094
0.0
0.6671469583375527
0.4392706380048993
0.6343316935444355
0.8195730509337101
0.43770018413571543
0.7211927126095619
0.6690460891182834
0.5098793352829744
0.0458381346234955
0.6009451423699809
0.5520455747660402
0.6206708645022104
0.0
0.12868391285320918
0.5944512440325362
0.796898422235481
0.28551742968029514
0.7410914771846878
0.8349460629453277
0.39369065770860595
0.6563870584442837
0.7700807755971492
0.0
0.4469925893674738
0.7940553062442258
0.8024639425249639
0.3187673866737293
0.6767941716747851
0.4987348934188448
0.6058031841903194
0.16432799372823945
0.2997428419079868
0.6501798129324462
0.7783010835487824
0.6618234582393031
0.5695727623664165
0.643024919366815
0.6680125274770412
0.5344111254047403
0.0458381346234955
0.3102409442357567
0.7654586074436904
0.0
0.5466961505655721
0.6419635535429831
0.0
0.7199094664762421
0.3218922411893
0.0
0.6777726773262472
0.3396326592087874
0.6117919898952294
0.8266325197344363
0.6753582193635465
0.599523902882809
0.0
0.5359676834674465
0.8197288875985799
0.8060050097027778
0.5500253173374676
0.6755739163281198
0.3309132185106454
0.0
0.814117378623296
0.0
0.6732844999474743
0.5654824484722178
0.7339528194338214
0.7145294134777035
0.275028807740973
0.5845740869673962
0.5555987970177275
0.6628901730089021
0.6367734515486018
0.748878126462931
0.6734720970894807
0.8454174008923461
0.765304291791164
0.7466305835010912
0.6370686385010037
0.5327751235397457
0.0
0.8187960799256297
0.7621392034695804
0.4633559048946944
0.6968264717052337
0.8179306498931272
0.39369065770860595
0.7321294302821053
0.7572785633822693
0.7812230275223959
0.839646956565516
0.8552179544069144
0.7581776364284978
0.7837451960677186
0.5649818953729069
0.0
0.7916828689008152
0.7097333556374898
0.7785937045434498
0.0
0.783740953627598
0.6860077678104725
0.46925460835007776
0.7803123243869002
0.07265172448124844
0.7479799976749391
0.5357675911831595
0.5267880672790978
0.8263584060481516
0.7874588998307028
0.5175134038074988
0.650752803243361
0.7571370385405276
0.6610142380187993
0.7742203853566393
0.7182908257563144
0.0458381346234955
0.33223147710256407
0.5887863414185847
0.11848985910474394
0.5809613314313276
0.629461798625807
0.4511549800530093
0.8305386924302924
0.0
0.0
0.10643285259952334
0.0458381346234955
0.6657329881544191
0.6365424621666357
0.7129795958330729
0.8270119297832832
0.8207522336277252
0.5307742427947797
0.6831510404870976
0.7790911916752928
0.39369065770860595
0.3791484358063465
0.3749517740760591
0.7407356481060527
0.6361659238971399
0.5191308761026089
0.3719188057076947
0.7331705707806772
0.6952443578119829
0.4671956901517969
0.0458381346234955
0.7984471725687986
0.0
0.7071081967505181
0.0
0.6300230906573424
0.6568190112466107
0.7604634676051739
0.5499283281494566
0.6308371615033616
0.6589623298987828
0.6687945710221095
0.541705133687174
0.0
0.0458381346234955
0.0458381346234955
0.6636826873298786
0.6076128367728785
0.5898916610899156
0.7790911916752928
0.0
0.41110695585975565
0.6425522023221858
0.5495226683722972
0.5597422941578714
0.6602041514997097
0.7518933934118156
0.0
0.0
0.5911958443119847
0.4991894000155375
0.3281951462221545
0.5482905413839937
0.7378462271136906
0.7429316412409255
0.40252114872588324
0.0
0.680178856215659
0.5005003230057288
0.7049759778965701
0.708360890806737
0.6191096281877237
0.10643285259952334
0.645239658661285
0.3171477845117468
0.7356336775470125
0.6196416630886818
0.6681074042424153
0.8027510013357391
0.6234159372097237
0.6415358105550154
0.6294909481044622
0.453351265392042
0.8397864744664295
0.3635302057427899
0.8110835298044882
0.7871717397567753
0.6560563568751113
0.35454466084555775
0.644485105819018
0.0458381346234955
0.7374999638831186
0.0
0.8472861811738609
0.6294180503022927
0.6358313752130387
0.6761161006153361
0.5906912285137806
0.5932187053287237
0.5062231052970666
0.6646230487486584
0.5394126552170456
0.7234115707460236
0.7921158050593142
0.8014063769599763
0.8089571672847697
0.6531256056748173
0.0
0.7635397657482669
0.0458381346234955
0.11848985910474394
0.5389941066711028
0.5527158478768296
0.6808815065687979
0.0
0.601340352862774
0.6651916717662573
0.0
0.4520138291310056
0.659281943701558
0.6696177988509756
0.0458381346234955
0.43690074653503586
0.3799989999370123
0.8425675068051833
0.6157645205742667
0.5412271244646686
0.5966741892379118
0.4856668388052588
0.6155369798679619
0.789735188369199
0.49630519249140526
0.8171675852738483
0.0
0.8367299343505249
0.10643285259952334
0.45349048744242065
0.6217116166507631
0.5502188700107737
0.6680179526749198
0.44722234217357526
0.10643285259952334
0.436091526314532
0.6876627734029889
0.5880087526595504
0.6489717044467228
0.0458381346234955
0.7818973118741348
0.6407743950039043
0.5270629431144284
0.7461104988913579
0.8321635062216578
0.5026841532537527
0.6400289652608663
0.3459355642416419
0.7540677307575595
0.6684397527034395
0.0
0.65815804553585
0.7698549424223537
0.595157036120132
0.7176715530665986
0.324876075856255
0.7396666254642615
0.7249189918230496
0.522497147889783
0.36540068658305325
0.6303355374837283
0.6609569182213834
0.650126506282459
0.6204540522756633
0.26379330806724083
0.5234696720271491
0.8319289456792914
0.7118303400678178
0.0
0.42379888961797113
0.26500674485539677
0.6974099229404153
0.0
0.5750156328016338
0.6077411864265906
0.0
0.6636189387538656
0.6748464655329814
0.0458381346234955
0.5684087199994539
0.8125779344799436
0.3952187720309957
0.4489577530402565
0.6792012163359046
0.6782321532626153
0.45851038129931837
0.759375415513084
0.0
0.0
0.628354371917746
0.4017653639338121
0.6685743776624057
0.6443921171238205
0.2044120268793689
0.7078875987560531
0.413568510436291
0.6478331948257092
0.556761463109214
0.6610474004705236
0.7233681268263893
0.7620777451548584
0.806166066966129
0.5425062832922418
0.0
0.18736167198576847
0.5727408723830422
0.0
0.6224343016116112
0.4395287923321014
0.7188641308053431
0.5986624566070216
0.39247722092045
0.7264163746747075
0.6500197639002421
0.6624165604167244
0.6838293735046121
0.6796554562334992
0.7031517040978978
0.5144319836095476
0.8390808190945891
0.806285848783299
0.5963382573496824
0.7553147737587357
0.6678903427107956
0.7060697546384517
0.5586880080993568
0.6298928698417068
0.5444149682019789
0.7387598980373701
0.7351332025725943
0.5288890575787446
0.12868391285320918
0.39369065770860595
0.7476293487345541
0.8328956466477089
0.6679935357787615
0.0
0.11848985910474394
0.49209786228213503
0.0
0.8384801333722314
0.39555361046536125
0.4492549690439505
0.6101336606069293
0.10643285259952334
0.5637727529092115
0.6747901749228726
0.7770491831887456
0.0
0.3968762635450714
0.7837107773128993
0.7330621194747188
0.5594207629592763
0.5215598113911156
0.7421670680589348
0.6567868732037441
0.34117064595778424
0.6084059546279942
0.6507739300577162
0.0
0.619765566198434
0.6782158812922524
0.0
0.6897730978688326
0.8108780721777078
0.5912391659312903
0.40660097217576907
0.5467131353992356
0.38146166034049633
0.552948074907603
0.6154769703815347
0.7528899845988943
0.7967007030231936
0.6457354200763474
0.5188208890529505
0.7617104220616229
0.5613677442527566
0.6214762669855419
0.0
0.0
0.7951127822172682
0.5686772952050732
0.47854237350646517
0.0458381346234955
0.6741653233811811
0.3723945663892352
0.10643285259952334
0.5603254343797271
0.6178474489093094
0.6630424192077377
0.6805860910267826
0.7658218160366433
0.5696088105818118
0.6662504106235765
0.43453544394372157
0.0458381346234955
0.6692274439087584
0.7731828451059275
0.8158049289296713
0.6234159372097237
0.7380901695148824
0.6589623298987828
0.7050472926230338
0.7754083991447336
0.8073832527024009
