2858540.0
3487284.0
2711541.0
0.0
969509.0
2914086.0
1453650.0
147508.0
0.0
0.0
52719.0
201997.0
3109545.0
61479.0
735475.0
2684899.0
311847.0
190960.0
2334777.0
1281892.0
0.0
364943.0
1813993.0
1904809.0
2470127.0
3497220.0
679041.0
1615804.0
1024004.0
253277.0
2794633.0
1653217.0
2221212.0
219152.0
93824.0
0.0
2580167.0
3129626.0
0.0
567707.0
0.0
0.0
410305.0
2411758.0
1015341.0
3231216.0
0.0
251693.0
0.0
202.0
2302571.0
2087047.0
196706.0
0.0
735321.0
0.0
0.0
1038474.0
2768487.0
1341583.0
118392.0
44.0
1381962.0
1945530.0
177471.0
922530.0
1958562.0
0.0
3050812.0
30005.0
0.0
2816204.0
660558.0
2542675.0
1074464.0
2624565.0
1459726.0
0.0
1869144.0
1206417.0
1216297.0
0.0
362057.0
1515831.0
554260.0
0.0
33.0
39935.0
2722252.0
95370.0
524861.0
1658919.0
0.0
2906774.0
0.0
1309468.0
0.0
863712.0
1375940.0
628689.0
0.0
887737.0
0.0
1157948.0
2860933.0
1256702.0
0.0
128901.0
1058549.0
2231427.0
3643466.0
3688686.0
551685.0
134869.0
250108.0
121606.0
1314300.0
3287692.0
0.0
3566105.0
63542.0
0.0
0.0
1268394.0
27077.0
1733247.0
498848.0
1094215.0
0.0
155381.0
3594680.0
78349.0
0.0
1432278.0
412525.0
642905.0
722482.0
788706.0
2779191.0
3369661.0
1677801.0
299056.0
1643479.0
566998.0
1981631.0
0.0
253212.0
2633659.0
0.0
0.0
2812537.0
1483213.0
0.0
7679.0
383478.0
1275345.0
1899748.0
1127317.0
20620.0
520540.0
127250.0
0.0
745104.0
3417968.0
2827115.0
31.0
2060696.0
0.0
1187115.0
191721.0
3511134.0
2368172.0
0.0
1911127.0
231449.0
1163776.0
1923593.0
149308.0
0.0
2292483.0
0.0
2241235.0
37997.0
648186.0
83578.0
0.0
138618.0
592462.0
830383.0
86105.0
377038.0
136415.0
1451191.0
1325852.0
2544867.0
0.0
0.0
1235085.0
1503933.0
3656108.0
0.0
3090196.0
3465841.0
690390.0
2922026.0
1098695.0
3129102.0
1394589.0
38623.0
1481351.0
3123414.0
124760.0
0.0
2044479.0
98913.0
3564140.0
3574639.0
233777.0
0.0
300680.0
3599.0
2708774.0
2580.0
3650494.0
25225.0
205381.0
473184.0
52.0
3244106.0
1834190.0
0.0
39546.0
952942.0
3534889.0
0.0
2749201.0
1589399.0
891149.0
1197682.0
107293.0
29.0
624212.0
816274.0
620803.0
1992783.0
125073.0
0.0
780626.0
2796264.0
1005255.0
194505.0
68387.0
94085.0
2570864.0
1201183.0
421962.0
249848.0
1102287.0
3364711.0
0.0
2441476.0
32659.0
1263749.0
0.0
3634911.0
618219.0
1147922.0
3534638.0
522058.0
1206097.0
3101443.0
560510.0
0.0
2330743.0
2307761.0
2106644.0
70133.0
1604127.0
916015.0
1299615.0
0.0
3164347.0
213761.0
2110750.0
676693.0
0.0
2808283.0
343674.0
155336.0
544851.0
90910.0
0.0
673944.0
453272.0
104.0
630833.0
1534622.0
3380522.0
1419945.0
135.0
7679.0
2767022.0
3609529.0
708877.0
640079.0
175181.0
2336567.0
142566.0
571540.0
1634708.0
121431.0
149813.0
1550226.0
2605571.0
2988297.0
3235726.0
218956.0
0.0
207243.0
515324.0
889448.0
1100085.0
3445272.0
0.0
0.0
48766.0
20700.0
703831.0
2085002.0
375729.0
79857.0
2372303.0
1064422.0
1023583.0
0.0
293256.0
275268.0
470515.0
2479959.0
3184125.0
27.0
706164.0
977744.0
3483370.0
4.0
65155.0
3651302.0
2688603.0
3518589.0
0.0
1973285.0
60897.0
3549997.0
0.0
194.0
639278.0
236387.0
9877.0
10433.0
148107.0
707534.0
2167537.0
3171740.0
893797.0
1051041.0
39.0
3455962.0
66900.0
6518.0
272574.0
0.0
0.0
1634708.0
2116749.0
892748.0
3251902.0
384325.0
3293603.0
0.0
2784594.0
1113929.0
143001.0
1076069.0
3150122.0
1819791.0
3354011.0
627908.0
3682864.0
490441.0
3588774.0
490918.0
1306160.0
1255960.0
421362.0
1775930.0
143450.0
88900.0
472834.0
0.0
1189481.0
196999.0
1226683.0
2076420.0
358082.0
477928.0
3660397.0
1909660.0
0.0
0.0
589984.0
1910692.0
121750.0
240332.0
2478867.0
3514838.0
2620356.0
126531.0
560269.0
660710.0
2277891.0
0.0
887460.0
6478.0
3062440.0
29232.0
2428895.0
97684.0
894365.0
131337.0
172671.0
0.0
720649.0
480142.0
2684608.0
439300.0
251875.0
1012799.0
485826.0
0.0
1643160.0
1881298.0
49729.0
1013605.0
332433.0
2775670.0
325750.0
276177.0
210201.0
1603814.0
3022065.0
3627903.0
211975.0
1811431.0
32392.0
844458.0
513963.0
0.0
972902.0
107657.0
0.0
893712.0
3141482.0
722857.0
2410071.0
271911.0
1505468.0
1690553.0
3473312.0
1821824.0
1336415.0
0.0
1879182.0
1693039.0
3682293.0
3259483.0
0.0
873324.0
182.0
636303.0
121429.0
2303549.0
0.0
0.0
3075201.0
0.0
3314.0
0.0
1634708.0
2486020.0
1674908.0
0.0
390867.0
196710.0
1344152.0
825810.0
11117.0
0.0
1189371.0
1054309.0
1722530.0
1349522.0
185480.0
3560027.0
21959.0
2041468.0
136789.0
0.0
189420.0
850574.0
1123711.0
386283.0
0.0
0.0
0.0
0.0
1556366.0
1634708.0
891532.0
1404746.0
279381.0
583693.0
132411.0
3087288.0
0.0
0.0
3505064.0
1285608.0
34.0
1604344.0
207047.0
2449516.0
3078572.0
0.0
20442.0
0.0
3404377.0
2485787.0
79.0
10668.0
2308859.0
182049.0
2862463.0
3568584.0
3610723.0
612712.0
446932.0
2844506.0
1634708.0
1151613.0
555754.0
2190584.0
5720.0
41.0
841627.0
3602137.0
126826.0
0.0
108411.0
2444907.0
366805.0
0.0
768180.0
0.0
482387.0
2197411.0
113013.0
509969.0
2530742.0
69840.0
1143135.0
825381.0
0.0
1763781.0
214.0
1580301.0
0.0
810624.0
155127.0
1593510.0
64852.0
1231434.0
0.0
652863.0
494942.0
0.0
1611263.0
238715.0
177206.0
0.0
3681892.0
3593117.0
141647.0
3024324.0
1103659.0
599970.0
0.0
905281.0
3464480.0
399247.0
352398.0
2255999.0
53102.0
800403.0
2530766.0
0.0
125213.0
2705999.0
1052409.0
2770146.0
0.0
374688.0
53397.0
0.0
0.0
305511.0
1049820.0
2225261.0
1792681.0
605445.0
996415.0
0.0
521185.0
1551902.0
295429.0
0.0
1156355.0
84294.0
3347530.0
0.0
3297844.0
0.0
0.0
2630609.0
77874.0
0.0
806364.0
1518008.0
1219741.0
1628926.0
25689.0
1060408.0
3376293.0
1644191.0
0.0
1549560.0
3588250.0
28712.0
3426284.0
619694.0
1101276.0
679114.0
221668.0
568606.0
349010.0
1072418.0
1486488.0
0.0
999755.0
3211667.0
518187.0
681130.0
0.0
98210.0
3590988.0
686701.0
60172.0
538943.0
276434.0
2183109.0
2850190.0
1634708.0
976339.0
0.0
3477485.0
904822.0
1254347.0
0.0
2402583.0
184322.0
352094.0
1574790.0
153311.0
2302241.0
926824.0
1419222.0
1145308.0
0.0
3405452.0
799374.0
265649.0
2481698.0
3096474.0
75.0
0.0
104059.0
3657412.0
301486.0
1725673.0
1230485.0
538649.0
0.0
3006522.0
0.0
525655.0
3651360.0
0.0
23.0
470485.0
3675139.0
982654.0
874793.0
0.0
981473.0
0.0
0.0
204.0
149336.0
0.0
2702396.0
1375008.0
1843388.0
179327.0
954002.0
373592.0
189199.0
0.0
486408.0
46811.0
0.0
0.0
1313310.0
0.0
3679209.0
2027781.0
0.0
276161.0
2653191.0
1558554.0
611303.0
296947.0
469569.0
132788.0
0.0
0.0
0.0
2357835.0
33117.0
34970.0
553056.0
2513714.0
37789.0
3662836.0
1927505.0
828322.0
0.0
1088979.0
989424.0
3518786.0
102830.0
20229.0
3026378.0
78.0
0.0
0.0
645821.0
3572179.0
792586.0
2793614.0
631163.0
2082004.0
1041808.0
799543.0
1614191.0
1232461.0
14446.0
0.0
1762836.0
2425309.0
287256.0
1943284.0
0.0
240515.0
2659824.0
23251.0
1101441.0
251000.0
138970.0
2693782.0
511620.0
0.0
799048.0
5811.0
1772381.0
103165.0
1499604.0
344653.0
54060.0
2778231.0
119667.0
1036811.0
3396570.0
816980.0
2137299.0
3278706.0
1812709.0
920171.0
68317.0
1103201.0
2614727.0
4416.0
1047581.0
2548628.0
530722.0
0.0
101963.0
346196.0
0.0
1055786.0
278364.0
0.0
3565244.0
1650207.0
0.0
3105921.0
1040870.0
332000.0
3448679.0
3173648.0
337632.0
3259449.0
24856.0
571382.0
10241.0
1137181.0
3422873.0
18165.0
0.0
772233.0
338434.0
0.0
129654.0
1104427.0
3614164.0
1251048.0
493014.0
190743.0
184689.0
684584.0
83396.0
0.0
1072276.0
454649.0
110455.0
140611.0
116003.0
72879.0
788860.0
3077597.0
290105.0
57486.0
4870.0
79976.0
3689488.0
3688783.0
125318.0
61934.0
368800.0
306152.0
2049778.0
3674779.0
9946.0
524937.0
1067762.0
3636989.0
0.0
1239292.0
2593827.0
2391563.0
62608.0
110382.0
1059087.0
2722520.0
1178952.0
154644.0
3686148.0
523065.0
1816227.0
260583.0
1637440.0
3277860.0
1594158.0
0.0
904353.0
291048.0
1218443.0
0.0
0.0
6709.0
46718.0
1634708.0
0.0
3473051.0
0.0
457194.0
339689.0
107250.0
160328.0
1188182.0
1863683.0
1332610.0
303.0
46543.0
1902628.0
0.0
46.0
0.0
1087608.0
1100834.0
3401.0
531656.0
125029.0
550427.0
3583666.0
22813.0
0.0
414819.0
0.0
943295.0
826256.0
313383.0
342806.0
0.0
0.0
28287.0
74194.0
153779.0
2701061.0
673430.0
479952.0
192517.0
399664.0
204912.0
3219626.0
3689317.0
0.0
5089.0
3652068.0
1010015.0
360569.0
2132096.0
0.0
0.0
0.0
649774.0
723455.0
1409754.0
10.0
0.0
2685836.0
65764.0
2118185.0
0.0
156340.0
3522581.0
2684557.0
0.0
0.0
0.0
14767.0
3455315.0
3650230.0
1703096.0
3495440.0
3518330.0
186425.0
345.0
1275760.0
0.0
2296631.0
0.0
892849.0
0.0
0.0
4663.0
0.0
1305484.0
1466185.0
890646.0
1067741.0
1189112.0
1911019.0
1014960.0
0.0
3625975.0
771622.0
1492318.0
84650.0
352110.0
389858.0
0.0
411367.0
0.0
2836128.0
0.0
1785142.0
3457044.0
1807707.0
874426.0
2484902.0
946551.0
0.0
1268544.0
0.0
487430.0
1092880.0
61338.0
0.0
27962.0
3687240.0
2743573.0
2821641.0
1235395.0
308595.0
2053640.0
958858.0
0.0
1479484.0
41104.0
1008949.0
78953.0
0.0
0.0
0.0
0.0
542248.0
1483300.0
391952.0
8634.0
3657383.0
3640705.0
3340918.0
2530052.0
2238254.0
0.0
638909.0
1371611.0
0.0
2984794.0
1327491.0
112454.0
8624.0
0.0
132728.0
491113.0
1130974.0
3311361.0
3642117.0
0.0
944456.0
0.0
0.0
2176909.0
64283.0
2088209.0
3665255.0
67740.0
3655.0
0.0
3102228.0
259703.0
3349311.0
6169.0
186245.0
1549966.0
445069.0
2787456.0
3157726.0
3373612.0
119156.0
273360.0
2702317.0
291152.0
3463687.0
853567.0
1317090.0
73749.0
0.0
175457.0
203529.0
2092463.0
1528229.0
86101.0
0.0
2708008.0
585386.0
1858930.0
2770041.0
356579.0
1262882.0
2853631.0
59174.0
123155.0
2196323.0
439563.0
101662.0
0.0
1043072.0
325105.0
230189.0
626747.0
381254.0
2133424.0
107131.0
2.0
318926.0
1143617.0
38955.0
458136.0
12.0
308440.0
146126.0
12388.0
1137011.0
1232446.0
258313.0
57768.0
741338.0
3469868.0
2916735.0
1238419.0
73865.0
1330269.0
0.0
978274.0
116268.0
995662.0
3499933.0
166536.0
118629.0
948834.0
38702.0
25950.0
0.0
3173642.0
308765.0
1218843.0
0.0
1906795.0
3683218.0
858967.0
1870663.0
2442739.0
573837.0
0.0
2747101.0
982212.0
0.0
1415187.0
0.0
3040316.0
974762.0
119384.0
1026064.0
2796444.0
0.0
3517210.0
3419805.0
125788.0
2297711.0
2044238.0
867685.0
1229771.0
0.0
234012.0
367420.0
3578911.0
0.0
1108645.0
3677888.0
538425.0
11928.0
989969.0
5911.0
0.0
800603.0
1980036.0
1547479.0
1347924.0
15461.0
154807.0
1289108.0
441224.0
982311.0
101690.0
206747.0
3581468.0
2977514.0
2666866.0
366189.0
3561100.0
681400.0
2917980.0
864891.0
1007273.0
0.0
55.0
882330.0
854196.0
3612655.0
3449548.0
0.0
3381696.0
429666.0
0.0
467056.0
1103681.0
0.0
3212334.0
0.0
460549.0
3244069.0
0.0
375122.0
2444809.0
3362107.0
433459.0
0.0
111319.0
13117.0
733856.0
1704248.0
3450543.0
2791125.0
586890.0
453177.0
458695.0
2384728.0
655324.0
0.0
41622.0
2854287.0
0.0
2948965.0
1167260.0
1454378.0
0.0
0.0
0.0
1730660.0
0.0
436162.0
3606231.0
55.0
669135.0
512454.0
3574578.0
252446.0
0.0
297108.0
2368373.0
690394.0
1567067.0
0.0
2165412.0
2339523.0
201978.0
1004507.0
70753.0
3483117.0
635821.0
2721703.0
2633914.0
1814215.0
339259.0
1799629.0
1510898.0
423595.0
2497623.0
1325697.0
1545987.0
0.0
211051.0
3572367.0
3599262.0
651964.0
0.0
702246.0
82229.0
1165394.0
0.0
0.0
32925.0
202475.0
580380.0
3651838.0
3555388.0
3679976.0
47.0
475562.0
2540535.0
1559434.0
0.0
1382681.0
1119733.0
374627.0
107480.0
1094962.0
915774.0
2504360.0
0.0
0.0
726386.0
0.0
1430857.0
3612064.0
1625430.0
1399145.0
0.0
206330.0
0.0
1585547.0
2120318.0
2598753.0
0.0
711576.0
0.0
1765182.0
1041238.0
0.0
0.0
1443518.0
217177.0
2659415.0
1846302.0
3383948.0
402873.0
158850.0
946775.0
15615.0
2289394.0
2756634.0
393095.0
1758333.0
8.0
2601578.0
3287188.0
554361.0
1756152.0
1684838.0
0.0
0.0
826657.0
465606.0
807372.0
927300.0
80850.0
154216.0
3573217.0
1486.0
1716311.0
75.0
2047669.0
764141.0
423645.0
825076.0
1409178.0
498024.0
794480.0
2277381.0
1168284.0
646292.0
1872146.0
0.0
39260.0
0.0
0.0
0.0
11415.0
449863.0
499756.0
2764783.0
2919312.0
3145343.0
975975.0
463629.0
551278.0
979773.0
896547.0
2591197.0
0.0
0.0
2270302.0
1516139.0
1705425.0
201.0
0.0
125437.0
97981.0
950013.0
1502742.0
1290935.0
775066.0
867565.0
2598582.0
9917.0
2324459.0
962866.0
1147958.0
2280759.0
175924.0
2413715.0
168411.0
596130.0
29499.0
774521.0
64.0
1325622.0
160546.0
532798.0
2359629.0
830383.0
186440.0
3600702.0
0.0
1561354.0
0.0
968702.0
2972133.0
304995.0
3028148.0
22425.0
918155.0
0.0
717739.0
1611052.0
0.0
2651250.0
375405.0
92699.0
167733.0
1014268.0
165383.0
177982.0
54718.0
2271232.0
342098.0
998184.0
1650670.0
911795.0
302518.0
3370094.0
346552.0
35823.0
263468.0
2942313.0
0.0
0.0
0.0
530097.0
0.0
398402.0
161111.0
305388.0
96432.0
0.0
3066936.0
1399.0
3343516.0
353055.0
928181.0
2073556.0
75475.0
1208657.0
2180273.0
3452539.0
810763.0
2803912.0
1118022.0
65834.0
596101.0
618925.0
1511791.0
0.0
554220.0
550348.0
0.0
1641334.0
1678767.0
2493684.0
26916.0
1055077.0
2041449.0
0.0
0.0
166958.0
1634708.0
685457.0
1808803.0
1007787.0
2376447.0
2612070.0
122651.0
0.0
358508.0
1180401.0
2014244.0
3161754.0
679743.0
0.0
95310.0
0.0
2786882.0
3393781.0
431172.0
139761.0
8741.0
1468311.0
1122225.0
9260.0
0.0
3468483.0
0.0
249116.0
70850.0
3301397.0
210631.0
758921.0
3642945.0
3443283.0
33464.0
0.0
897765.0
0.0
605015.0
1455315.0
668652.0
454183.0
2671958.0
255785.0
28249.0
71619.0
55771.0
825528.0
0.0
3609843.0
1341883.0
2989405.0
95660.0
2663265.0
1567724.0
473875.0
0.0
0.0
1593195.0
377779.0
892406.0
1039508.0
913389.0
856709.0
3033710.0
3251317.0
63170.0
188234.0
1205089.0
1116915.0
330855.0
209754.0
0.0
3257832.0
0.0
0.0
1068909.0
1422100.0
2328472.0
11188.0
113528.0
3585616.0
1111414.0
1382520.0
565113.0
67408.0
2489751.0
215.0
695410.0
1806111.0
3201002.0
0.0
0.0
303786.0
1190381.0
3219106.0
1039737.0
260024.0
233920.0
0.0
2528063.0
118399.0
1925011.0
1927283.0
3644288.0
658451.0
2112957.0
2531015.0
0.0
12.0
5079.0
0.0
489260.0
0.0
713800.0
3578954.0
1846056.0
1888007.0
3114373.0
127.0
110960.0
1085076.0
428712.0
2337771.0
402616.0
989371.0
951853.0
2351603.0
3603230.0
3469996.0
902623.0
2214031.0
0.0
385.0
0.0
1629145.0
543009.0
1235706.0
1164122.0
1188043.0
0.0
126804.0
3637660.0
70365.0
1270509.0
2286350.0
787053.0
0.0
1351721.0
554387.0
2039372.0
0.0
0.0
51.0
1028681.0
0.0
1181339.0
690298.0
0.0
2277546.0
47149.0
2427296.0
0.0
1087010.0
514653.0
0.0
90948.0
0.0
0.0
3670717.0
61201.0
2658529.0
213432.0
0.0
1634708.0
68034.0
392846.0
0.0
227106.0
328126.0
383241.0
242196.0
616585.0
2394413.0
10549.0
3272474.0
3060255.0
0.0
2915836.0
0.0
492442.0
300482.0
0.0
55.0
0.0
434739.0
908885.0
445723.0
727284.0
2644963.0
913907.0
106037.0
0.0
0.0
0.0
0.0
945026.0
725887.0
137800.0
2521390.0
1005138.0
2938070.0
3604884.0
1103843.0
0.0
1356863.0
0.0
2726531.0
966402.0
0.0
0.0
2952303.0
189912.0
0.0
11460.0
0.0
3443195.0
295810.0
2028643.0
3549859.0
188960.0
3470778.0
429095.0
2577023.0
3361507.0
72087.0
414525.0
2771071.0
2679209.0
1459529.0
2167810.0
1604535.0
822702.0
220401.0
923733.0
47027.0
301416.0
3262674.0
1634708.0
495956.0
1496893.0
3583060.0
29855.0
1401776.0
778626.0
2942557.0
168991.0
91198.0
220019.0
2733357.0
3501018.0
1604719.0
2164326.0
759628.0
248212.0
0.0
2239020.0
721326.0
787792.0
2233752.0
1325934.0
124923.0
1428413.0
0.0
0.0
954642.0
1005119.0
1041436.0
1658513.0
2002978.0
2645773.0
9073.0
2704142.0
985878.0
1751414.0
1474158.0
1043717.0
0.0
307854.0
46039.0
351070.0
62832.0
823505.0
2767362.0
3651826.0
6378.0
2.0
916777.0
1563407.0
1374043.0
0.0
3556975.0
82.0
354100.0
401977.0
2938083.0
0.0
9705.0
1765062.0
0.0
0.0
554715.0
85677.0
2935306.0
1663862.0
911698.0
0.0
0.0
2286255.0
311271.0
1555916.0
2022557.0
491494.0
0.0
3051149.0
2336589.0
2584788.0
92704.0
1445044.0
333.0
336820.0
2475518.0
79804.0
383484.0
1295246.0
3210213.0
24663.0
353940.0
187169.0
0.0
2293294.0
0.0
2256686.0
107118.0
1036857.0
1139314.0
70376.0
3073049.0
0.0
548798.0
2497756.0
2526729.0
423851.0
816245.0
484128.0
42203.0
143364.0
263094.0
3641646.0
71209.0
0.0
158056.0
1520324.0
0.0
1675118.0
1041966.0
3374122.0
3620349.0
2913367.0
0.0
2414098.0
3657578.0
84539.0
754594.0
202504.0
1771364.0
2880689.0
650537.0
393296.0
0.0
527355.0
1351557.0
1769115.0
2859781.0
2613410.0
3687175.0
1207627.0
2564483.0
0.0
0.0
2628362.0
0.0
3651277.0
943383.0
3005409.0
166188.0
3450315.0
0.0
2162438.0
220419.0
633816.0
0.0
1614560.0
177601.0
60986.0
406108.0
1769322.0
11379.0
165439.0
0.0
113035.0
3613211.0
133363.0
0.0
0.0
300809.0
0.0
0.0
108035.0
932426.0
717009.0
63116.0
209943.0
81690.0
233516.0
332639.0
1864055.0
71689.0
59373.0
741599.0
942720.0
0.0
873265.0
357716.0
48708.0
2731731.0
3503012.0
0.0
138155.0
188310.0
1999893.0
179390.0
1604965.0
523820.0
2273618.0
0.0
3412906.0
247874.0
2394433.0
882035.0
2841929.0
3570683.0
0.0
1300620.0
2576696.0
439630.0
53019.0
2840778.0
1452.0
794739.0
381683.0
958075.0
0.0
7358.0
0.0
283524.0
3507931.0
350018.0
625415.0
2648778.0
1414550.0
128687.0
826925.0
3356819.0
88641.0
51756.0
2161818.0
1840611.0
2590976.0
726376.0
3642992.0
2642196.0
3065014.0
736460.0
5651.0
489299.0
432471.0
1899668.0
52931.0
190589.0
0.0
2584928.0
3594588.0
0.0
1021245.0
2330035.0
3252798.0
3244001.0
164881.0
72440.0
796170.0
1496881.0
2023560.0
157058.0
458395.0
85254.0
490291.0
3554158.0
1790663.0
3557095.0
0.0
0.0
3285790.0
3632333.0
950981.0
2255240.0
324632.0
3634971.0
775696.0
1938850.0
3326603.0
87066.0
1628280.0
2780048.0
956987.0
1892259.0
3356119.0
2133500.0
3578363.0
89108.0
0.0
3591644.0
0.0
50122.0
0.0
750521.0
1613373.0
547436.0
59042.0
2766592.0
956776.0
17858.0
13824.0
3632011.0
0.0
1310749.0
99.0
27012.0
488295.0
3469241.0
0.0
1183993.0
16035.0
234980.0
1031163.0
1293532.0
2889523.0
0.0
30111.0
352457.0
217618.0
2774212.0
729597.0
324258.0
41584.0
1370650.0
3491077.0
694488.0
1772210.0
286645.0
2644982.0
692404.0
0.0
0.0
1634708.0
28434.0
1132769.0
932579.0
394258.0
1257886.0
585955.0
583803.0
733597.0
1993630.0
715719.0
0.0
1578606.0
905471.0
0.0
0.0
347318.0
99687.0
305062.0
0.0
1513419.0
1661613.0
0.0
3683604.0
900104.0
2894043.0
2390443.0
1899732.0
2591628.0
1968312.0
1296482.0
2644991.0
149721.0
1856770.0
2865828.0
3602017.0
280594.0
0.0
2015034.0
3556270.0
3387764.0
2808617.0
3610461.0
25832.0
198793.0
3586124.0
2533582.0
88173.0
1897969.0
985109.0
518642.0
329043.0
1929362.0
1724643.0
2097154.0
3654534.0
1827142.0
3062676.0
3683857.0
0.0
3608876.0
1190965.0
0.0
1078900.0
0.0
1381536.0
156498.0
3003764.0
796080.0
0.0
25713.0
3142154.0
2702347.0
2289.0
1029044.0
3677120.0
78718.0
218214.0
1292856.0
217864.0
4357.0
0.0
239689.0
0.0
0.0
2993614.0
696662.0
381131.0
2923170.0
3678900.0
1369449.0
29760.0
0.0
1162694.0
2369607.0
13741.0
0.0
3596477.0
232726.0
272736.0
605880.0
477375.0
1393980.0
1560475.0
2552469.0
957142.0
299845.0
1115211.0
1992472.0
0.0
1214751.0
3680980.0
0.0
4527.0
936875.0
230674.0
351790.0
2286264.0
0.0
1325099.0
245245.0
73.0
2750601.0
0.0
1144006.0
3060426.0
3368854.0
206477.0
2214712.0
1612151.0
1642329.0
3422267.0
900304.0
745312.0
1638589.0
1257732.0
124333.0
314489.0
97394.0
470253.0
2222820.0
1053984.0
640220.0
56878.0
968702.0
1996986.0
3635539.0
1038936.0
2626432.0
0.0
82232.0
1882707.0
2745494.0
1.0
233770.0
0.0
1023219.0
2749793.0
574846.0
3670297.0
110100.0
1178190.0
0.0
1174012.0
2379660.0
1239993.0
450045.0
0.0
87752.0
437413.0
2943678.0
808930.0
1091930.0
0.0
546209.0
511060.0
1712712.0
1999238.0
33915.0
2148167.0
904012.0
976950.0
1569624.0
1517542.0
521703.0
0.0
1184.0
71010.0
1858442.0
0.0
135435.0
0.0
0.0
2195778.0
945003.0
996516.0
0.0
1311331.0
0.0
0.0
109605.0
398526.0
935318.0
1520401.0
1531964.0
184492.0
411963.0
543433.0
1211303.0
203.0
51.0
747719.0
0.0
2175852.0
1667470.0
90548.0
3520286.0
2693632.0
141834.0
3685687.0
1014437.0
1304009.0
247517.0
2584257.0
0.0
548929.0
1059318.0
792793.0
0.0
171218.0
0.0
2170936.0
504422.0
3305458.0
1022880.0
0.0
2736272.0
1034078.0
3598247.0
128144.0
0.0
32915.0
1917970.0
190567.0
1410073.0
0.0
3227369.0
1116385.0
508287.0
105148.0
41364.0
1420723.0
2555019.0
0.0
1845146.0
1472897.0
2701304.0
60927.0
0.0
2499580.0
126497.0
0.0
764623.0
252.0
2865297.0
3609945.0
3434548.0
1436149.0
0.0
368365.0
0.0
129178.0
1488242.0
2385172.0
237898.0
0.0
1380979.0
2449822.0
0.0
303798.0
3050360.0
2222669.0
2561968.0
2225499.0
497991.0
1451769.0
12584.0
569692.0
3295489.0
2394190.0
930902.0
2641910.0
0.0
1188910.0
764162.0
141.0
0.0
2066353.0
2213286.0
68.0
1821961.0
39924.0
1567953.0
1994188.0
1117700.0
1576020.0
83.0
74789.0
291114.0
2235903.0
3648341.0
0.0
2765534.0
847624.0
3644788.0
2019494.0
2608139.0
29680.0
26169.0
0.0
286134.0
1034843.0
365805.0
3646182.0
3430047.0
79130.0
0.0
0.0
2559485.0
3663292.0
0.0
9347.0
206419.0
0.0
1531096.0
0.0
0.0
0.0
1183219.0
2167875.0
0.0
55643.0
3670907.0
167155.0
751310.0
1927787.0
1259096.0
0.0
2560462.0
75127.0
92544.0
3124781.0
1121503.0
1578478.0
36193.0
240424.0
750760.0
0.0
449196.0
419320.0
0.0
800655.0
2531830.0
59402.0
0.0
3584450.0
1616058.0
0.0
776954.0
4979.0
199717.0
33193.0
307760.0
869275.0
1272511.0
1453684.0
2581208.0
864345.0
1634708.0
927038.0
0.0
3545455.0
967758.0
2437881.0
484544.0
560596.0
0.0
0.0
56670.0
2197911.0
23831.0
3521068.0
399025.0
1755593.0
0.0
794708.0
0.0
0.0
0.0
160437.0
2462003.0
0.0
922458.0
0.0
0.0
2745129.0
1128966.0
0.0
2622202.0
118792.0
639120.0
3646822.0
940100.0
0.0
619395.0
1414080.0
1476863.0
3184289.0
245652.0
470299.0
0.0
0.0
0.0
99784.0
3297097.0
2829844.0
3402273.0
1879686.0
2622747.0
107667.0
1394164.0
781493.0
3104613.0
1634708.0
588359.0
0.0
0.0
18845.0
1740311.0
648325.0
1830621.0
2129204.0
895156.0
0.0
0.0
2793845.0
35102.0
0.0
478229.0
1824693.0
2005593.0
2097062.0
123589.0
230308.0
2750144.0
1257062.0
87859.0
1604348.0
3045224.0
386256.0
1679240.0
166386.0
2059665.0
33.0
123335.0
56998.0
0.0
1192584.0
2679198.0
211680.0
3153139.0
314884.0
0.0
452424.0
0.0
1020177.0
1309159.0
2585519.0
2810222.0
0.0
0.0
0.0
0.0
344251.0
0.0
0.0
0.0
560320.0
74985.0
3532233.0
3380874.0
2.0
1843615.0
0.0
1361394.0
3652950.0
0.0
0.0
138185.0
3664426.0
2170454.0
5411.0
372139.0
3631036.0
761234.0
1846307.0
0.0
2273941.0
460560.0
25293.0
28.0
686041.0
3281807.0
13817.0
648443.0
312849.0
1133334.0
1212215.0
409901.0
1208865.0
2747270.0
0.0
2658357.0
0.0
258102.0
299140.0
2403657.0
2750696.0
1155060.0
386775.0
32220.0
0.0
3493660.0
343830.0
146497.0
149023.0
1411065.0
3551149.0
1619407.0
2350430.0
1109930.0
3676162.0
107585.0
83.0
0.0
2505006.0
1857759.0
992303.0
3437772.0
1082678.0
3103595.0
394258.0
761400.0
2630724.0
0.0
2676475.0
84687.0
1034665.0
2867430.0
0.0
2048804.0
885126.0
561497.0
3410887.0
61134.0
0.0
0.0
3480414.0
0.0
1043204.0
0.0
2661676.0
3584807.0
3522215.0
3545352.0
1629688.0
789080.0
3290036.0
2705252.0
1107426.0
0.0
8994.0
48.0
0.0
0.0
1168430.0
1920132.0
1029327.0
55642.0
210405.0
3229309.0
966125.0
0.0
1733284.0
3451.0
578967.0
0.0
3318448.0
2776902.0
3550056.0
121777.0
0.0
3563750.0
377330.0
2085692.0
3355095.0
12.0
1.0
4338.0
110248.0
312900.0
2070206.0
0.0
261086.0
434072.0
1936284.0
1980376.0
180475.0
384001.0
2130574.0
13775.0
2762628.0
579308.0
0.0
1323032.0
154656.0
2745173.0
493146.0
33407.0
3073499.0
264763.0
2527429.0
248544.0
3462126.0
2208064.0
2350969.0
1465196.0
0.0
188766.0
0.0
3302569.0
2780300.0
910167.0
263170.0
1317066.0
3093857.0
2751233.0
920986.0
2424066.0
275338.0
649168.0
3373787.0
171822.0
202113.0
1393716.0
1561817.0
2650521.0
1782476.0
464378.0
108268.0
1019317.0
550005.0
2223295.0
1938138.0
0.0
1040486.0
0.0
589179.0
2130567.0
936924.0
2192108.0
0.0
0.0
123255.0
1354555.0
1808960.0
127242.0
335336.0
3309919.0
1016787.0
1210298.0
2336996.0
2676595.0
749641.0
670769.0
3061363.0
1634708.0
1502592.0
835928.0
1505509.0
1214278.0
1225638.0
0.0
0.0
130740.0
2785862.0
1297081.0
198506.0
706182.0
0.0
1414990.0
1357435.0
0.0
311295.0
1642073.0
2613508.0
2260346.0
0.0
368077.0
0.0
29.0
1447179.0
658778.0
0.0
247331.0
1945277.0
3645064.0
166014.0
3672235.0
2523635.0
1266954.0
708542.0
1069604.0
910694.0
81015.0
31547.0
160320.0
1922886.0
0.0
40499.0
1559936.0
0.0
3670686.0
2392883.0
0.0
409086.0
371645.0
0.0
1369441.0
309086.0
141476.0
2834838.0
926824.0
765500.0
1330727.0
2460176.0
37418.0
2974468.0
108641.0
3675403.0
96240.0
204033.0
644339.0
0.0
2528679.0
0.0
263402.0
1019815.0
0.0
350991.0
0.0
0.0
49525.0
402315.0
446312.0
3684434.0
0.0
769586.0
30160.0
1072630.0
0.0
899154.0
1095309.0
3660152.0
1416721.0
1329516.0
2908510.0
3573564.0
957439.0
117819.0
0.0
3520329.0
378487.0
1548663.0
2154502.0
0.0
282318.0
1943110.0
0.0
320602.0
322576.0
3242086.0
1627271.0
556914.0
0.0
611912.0
0.0
2485007.0
1429990.0
144680.0
0.0
0.0
131996.0
100356.0
2009108.0
84.0
30468.0
2676115.0
20.0
3643703.0
3520289.0
661.0
3994.0
618682.0
2797651.0
3606374.0
15.0
441564.0
1027935.0
0.0
2777354.0
2093784.0
0.0
3106869.0
540337.0
2217544.0
799963.0
216866.0
188837.0
2361501.0
0.0
229551.0
3093743.0
3378647.0
3425952.0
87596.0
1633553.0
3001038.0
516840.0
81.0
510487.0
916397.0
0.0
1549903.0
249165.0
489315.0
0.0
3638783.0
446945.0
263971.0
0.0
2602466.0
830382.0
2476.0
568145.0
18881.0
41901.0
3526142.0
376760.0
224048.0
491274.0
12600.0
50694.0
900348.0
112.0
637876.0
380.0
0.0
958049.0
0.0
2541568.0
0.0
0.0
984154.0
2356912.0
91264.0
899369.0
2126515.0
1215589.0
23328.0
813928.0
425034.0
2387817.0
2702160.0
1332559.0
1544530.0
0.0
1326074.0
153471.0
0.0
1475621.0
106893.0
660206.0
0.0
35414.0
903555.0
23711.0
120810.0
502722.0
0.0
2428353.0
507251.0
1634520.0
136244.0
186060.0
450356.0
84.0
2684441.0
0.0
30227.0
3631198.0
12542.0
122036.0
2047960.0
1007565.0
135.0
2728608.0
0.0
0.0
3103958.0
374614.0
130415.0
330302.0
1123958.0
1407483.0
0.0
26640.0
1395339.0
2442793.0
2662847.0
3606026.0
0.0
223995.0
54039.0
15300.0
619005.0
1416023.0
0.0
0.0
259019.0
1765059.0
0.0
52428.0
1919541.0
3359851.0
216738.0
0.0
2162051.0
0.0
431242.0
2137767.0
3457375.0
1733396.0
618603.0
353.0
112847.0
3192399.0
0.0
1842435.0
161720.0
721479.0
3581449.0
2705155.0
203006.0
959216.0
3500884.0
0.0
0.0
49432.0
0.0
464055.0
2747322.0
3528688.0
3522406.0
1825549.0
1486950.0
2521949.0
3338501.0
0.0
10.0
3621937.0
557321.0
773476.0
1169614.0
20672.0
1496914.0
0.0
1101817.0
161301.0
72.0
2575372.0
0.0
2726667.0
0.0
2221612.0
23275.0
476910.0
2866281.0
1400308.0
3109215.0
0.0
1670488.0
0.0
1646261.0
2733514.0
1379280.0
1634708.0
2634480.0
3051375.0
1614446.0
2619523.0
504094.0
403632.0
522997.0
1359382.0
2225089.0
555491.0
1688285.0
1234968.0
3524090.0
3685659.0
1745231.0
2676531.0
3162349.0
56957.0
1391078.0
1699623.0
1126631.0
2729599.0
309476.0
402365.0
11.0
395440.0
229921.0
2107031.0
2097500.0
168446.0
1925374.0
189209.0
483947.0
1024798.0
322761.0
512873.0
2724850.0
238063.0
763549.0
1512812.0
40316.0
49663.0
0.0
0.0
693843.0
1763032.0
231020.0
2477250.0
969770.0
445288.0
3617192.0
0.0
0.0
512498.0
3396700.0
71174.0
0.0
485864.0
2055028.0
0.0
1645918.0
0.0
1653385.0
3309589.0
0.0
1447466.0
1284253.0
3659.0
20363.0
451143.0
2582884.0
3178731.0
0.0
187864.0
1359115.0
1028095.0
0.0
0.0
387142.0
459468.0
2341587.0
148522.0
3613776.0
3624463.0
0.0
0.0
435829.0
0.0
0.0
1129055.0
2442018.0
1437049.0
731705.0
1701954.0
34913.0
0.0
3504072.0
129663.0
501601.0
3637206.0
0.0
700127.0
0.0
102507.0
1303359.0
42554.0
785031.0
2752579.0
902239.0
3645038.0
2704152.0
101371.0
656807.0
1770550.0
884751.0
517291.0
30.0
0.0
233298.0
2641860.0
94395.0
71.0
860162.0
1519685.0
55.0
3134232.0
2463779.0
3418398.0
1946524.0
667243.0
55.0
46564.0
984011.0
9.0
2258081.0
454249.0
0.0
3230925.0
3471348.0
1634708.0
1131653.0
3334637.0
50300.0
137779.0
783920.0
2074954.0
268177.0
2098309.0
2012386.0
3456587.0
0.0
231655.0
3578319.0
0.0
0.0
1743044.0
0.0
1106724.0
890909.0
23147.0
1457172.0
102802.0
577581.0
0.0
923516.0
0.0
0.0
1461304.0
1971665.0
3393567.0
6694.0
2094032.0
978240.0
0.0
1168323.0
242531.0
168763.0
54.0
2182189.0
3218577.0
1066248.0
0.0
3483828.0
2946207.0
684724.0
561187.0
3606676.0
63.0
2130492.0
1553290.0
869759.0
2559198.0
593797.0
657475.0
2673977.0
645251.0
0.0
0.0
18235.0
397063.0
0.0
0.0
10.0
507516.0
349.0
0.0
0.0
3302578.0
0.0
62552.0
3690962.0
138493.0
2592116.0
0.0
213755.0
0.0
46139.0
489907.0
189268.0
588411.0
2071707.0
312055.0
0.0
0.0
710694.0
0.0
1297661.0
3063724.0
18961.0
2088425.0
67090.0
12468.0
742162.0
0.0
0.0
400262.0
3412089.0
624768.0
86.0
1805609.0
2614005.0
1130171.0
445044.0
0.0
0.0
0.0
367373.0
87021.0
216209.0
0.0
2154798.0
2615306.0
43344.0
53.0
0.0
3511360.0
2027407.0
1148064.0
1826754.0
15.0
383095.0
3442632.0
107785.0
10.0
1295271.0
2931948.0
1634708.0
91.0
288620.0
287695.0
3553576.0
2209386.0
42917.0
1056817.0
241832.0
1157392.0
0.0
1607629.0
299913.0
0.0
2496951.0
0.0
2525998.0
672746.0
348297.0
431164.0
0.0
3028581.0
3280696.0
3039845.0
0.0
2758453.0
3213201.0
0.0
403062.0
3581064.0
136902.0
0.0
59219.0
2632918.0
67320.0
0.0
3215278.0
332687.0
3298075.0
1297727.0
0.0
1602125.0
1430569.0
892541.0
0.0
1221445.0
1475511.0
1239653.0
3209022.0
2625095.0
630087.0
93559.0
2334.0
0.0
164693.0
1505497.0
2087741.0
92258.0
978349.0
2628545.0
0.0
0.0
249889.0
0.0
353749.0
2035738.0
1274097.0
2463374.0
3287280.0
254039.0
299988.0
0.0
3646891.0
304605.0
627656.0
0.0
0.0
122952.0
3486006.0
3651449.0
3034426.0
0.0
2190429.0
3344253.0
0.0
249964.0
1884051.0
0.0
0.0
0.0
458461.0
0.0
111611.0
0.0
771096.0
1141066.0
37.0
180834.0
1422101.0
890878.0
3351129.0
1634708.0
2896617.0
888404.0
44400.0
3604066.0
588833.0
3201477.0
398540.0
43859.0
1364354.0
0.0
242425.0
2194629.0
513559.0
412891.0
2840164.0
2603272.0
1606232.0
2777123.0
1704493.0
0.0
923925.0
2908714.0
457700.0
2838160.0
35703.0
331320.0
0.0
616521.0
0.0
0.0
2828806.0
0.0
120199.0
109063.0
0.0
748420.0
3126985.0
670023.0
298963.0
386165.0
0.0
1049469.0
3623980.0
0.0
213970.0
95.0
364702.0
2759177.0
1985169.0
89182.0
3633247.0
691239.0
1545093.0
3590077.0
0.0
0.0
1370813.0
527830.0
1493041.0
1634708.0
3055995.0
1385567.0
2700663.0
3373010.0
607175.0
0.0
2183565.0
0.0
3416942.0
389004.0
244141.0
3355812.0
263468.0
854102.0
0.0
3590314.0
947470.0
1190118.0
1379704.0
470221.0
0.0
2306857.0
1289288.0
495478.0
3234349.0
3608789.0
1780137.0
649987.0
3588192.0
0.0
450266.0
3269026.0
255564.0
1281152.0
3542108.0
2620304.0
155.0
886791.0
509521.0
2384925.0
2281139.0
0.0
1374289.0
501882.0
918545.0
419670.0
177354.0
0.0
0.0
1146630.0
705999.0
3670989.0
3344821.0
2187395.0
3317738.0
0.0
3538901.0
1529489.0
76346.0
2905457.0
3212313.0
1470529.0
2617161.0
1580054.0
0.0
3636010.0
95536.0
1695656.0
1183445.0
2704495.0
2318070.0
707362.0
8137.0
427754.0
266291.0
1491732.0
1262010.0
225474.0
44935.0
1688018.0
1345503.0
145789.0
471930.0
2790299.0
597522.0
679891.0
1196602.0
795862.0
1120902.0
751345.0
269163.0
0.0
96547.0
3477731.0
116213.0
2005622.0
3651816.0
0.0
950910.0
109380.0
1891539.0
703542.0
983687.0
3269564.0
311294.0
1130333.0
1340265.0
15.0
2508271.0
1304439.0
101178.0
2720075.0
2129362.0
1129071.0
0.0
2818208.0
1924095.0
2290260.0
0.0
0.0
75.0
6849.0
0.0
1634708.0
3300809.0
1440298.0
1599921.0
105678.0
2573572.0
2650761.0
166.0
65.0
1104117.0
3.0
1686198.0
1659875.0
2303648.0
55090.0
0.0
1565669.0
1397154.0
536663.0
3569782.0
1429593.0
1381469.0
60545.0
140786.0
653574.0
0.0
3061477.0
0.0
1606195.0
1315191.0
1543228.0
1135288.0
1293562.0
630139.0
1275100.0
3591737.0
485173.0
12.0
77710.0
2429610.0
629889.0
30786.0
677606.0
2902517.0
0.0
1245246.0
119311.0
99868.0
3594597.0
2459386.0
0.0
3207332.0
523967.0
603961.0
2396232.0
2827235.0
2593100.0
0.0
145501.0
3651448.0
1885475.0
3427574.0
1249723.0
34943.0
459004.0
1211244.0
324012.0
93913.0
163745.0
128674.0
2443594.0
398869.0
3574468.0
0.0
0.0
0.0
401567.0
3068849.0
986723.0
0.0
2048901.0
121593.0
3395391.0
2740221.0
106895.0
14890.0
34011.0
3609766.0
1252051.0
1033982.0
0.0
1883949.0
3309226.0
2389049.0
66895.0
962860.0
369765.0
2511210.0
3781.0
41089.0
0.0
2477313.0
98163.0
3544584.0
2460745.0
0.0
3014235.0
2184822.0
2112590.0
591205.0
0.0
1845110.0
0.0
2212628.0
76318.0
0.0
1087103.0
3180246.0
10.0
1185645.0
0.0
388.0
148457.0
1686411.0
160830.0
229135.0
0.0
2745620.0
0.0
609143.0
1412628.0
1219012.0
398901.0
2028582.0
775724.0
863387.0
1681427.0
0.0
0.0
3054685.0
0.0
17950.0
2135598.0
0.0
1435743.0
0.0
0.0
3401214.0
12859.0
2198827.0
0.0
451612.0
1295654.0
3522121.0
1031707.0
390459.0
3012812.0
127081.0
863659.0
0.0
611769.0
3285946.0
2603091.0
2895106.0
2615208.0
3392058.0
0.0
133.0
0.0
2692235.0
0.0
638919.0
0.0
0.0
2113756.0
283779.0
283609.0
202477.0
265036.0
1866773.0
11512.0
26455.0
13296.0
0.0
1924441.0
496791.0
1553726.0
24731.0
298555.0
587225.0
1120107.0
1907842.0
2412380.0
699208.0
838506.0
20569.0
1515929.0
2794133.0
2526629.0
373028.0
3130200.0
558726.0
359385.0
1183126.0
0.0
0.0
3082970.0
2336142.0
1692226.0
0.0
25899.0
1921278.0
2235486.0
14687.0
0.0
22085.0
214578.0
3438532.0
350841.0
76129.0
1808344.0
755256.0
1575144.0
2710522.0
0.0
816311.0
0.0
119485.0
1888763.0
73936.0
3538280.0
3639549.0
271734.0
0.0
979870.0
0.0
1717471.0
3576248.0
870644.0
3580275.0
518912.0
0.0
1218471.0
3485921.0
2343711.0
0.0
5861.0
831790.0
1136575.0
55788.0
3323545.0
2321983.0
975872.0
302752.0
112132.0
2809471.0
2634393.0
3035958.0
3379569.0
780643.0
1930813.0
0.0
0.0
433451.0
792939.0
467150.0
0.0
937263.0
0.0
0.0
261747.0
2520315.0
1550120.0
424275.0
21220.0
1035950.0
4.0
617052.0
164166.0
18007.0
2622188.0
1175953.0
211180.0
742520.0
1844457.0
1670956.0
2818313.0
2656353.0
0.0
0.0
56120.0
1665330.0
85.0
756812.0
0.0
2216258.0
175301.0
496525.0
0.0
0.0
2781068.0
2477119.0
264021.0
53263.0
2033187.0
1061093.0
61649.0
1761413.0
1595635.0
881005.0
2663242.0
3384195.0
0.0
53325.0
1406623.0
0.0
474601.0
219384.0
1887182.0
920534.0
3656733.0
423498.0
919689.0
1042488.0
2264115.0
716591.0
93009.0
3554831.0
300939.0
9983.0
0.0
2733678.0
2482516.0
2806688.0
2929715.0
0.0
3016025.0
1233270.0
876756.0
1634708.0
659304.0
0.0
316247.0
100759.0
105347.0
2260885.0
1621683.0
1440545.0
0.0
1131830.0
0.0
1212984.0
2909396.0
3434885.0
257130.0
197006.0
2797085.0
515854.0
3586434.0
562170.0
2626.0
2317140.0
659221.0
0.0
1169013.0
855601.0
0.0
0.0
1287861.0
0.0
92615.0
469420.0
469831.0
2139833.0
1494388.0
546804.0
2640968.0
0.0
0.0
40.0
2446814.0
1517709.0
0.0
204550.0
1448212.0
2263118.0
1499515.0
991667.0
3584505.0
3341696.0
28347.0
2241385.0
1759458.0
727685.0
0.0
0.0
0.0
798935.0
191868.0
112892.0
0.0
287071.0
3559947.0
0.0
0.0
2364511.0
708055.0
27.0
55167.0
95387.0
3366725.0
87908.0
334249.0
2659355.0
0.0
100924.0
0.0
10.0
0.0
189072.0
224541.0
1960270.0
79.0
2006203.0
2974670.0
0.0
2640096.0
553571.0
0.0
3539388.0
2026980.0
0.0
502324.0
2328173.0
0.0
84170.0
32536.0
251536.0
223804.0
397796.0
3686844.0
301237.0
1630273.0
155254.0
1324409.0
1979544.0
1088103.0
3353464.0
1016445.0
0.0
1438853.0
2651909.0
443126.0
2803222.0
32562.0
0.0
0.0
470780.0
20691.0
2545191.0
0.0
3587203.0
1147298.0
2085111.0
2407183.0
0.0
41569.0
1336614.0
893316.0
3192475.0
126443.0
598840.0
956620.0
142029.0
0.0
740475.0
714364.0
334672.0
0.0
18186.0
113883.0
876856.0
2564030.0
3687513.0
47.0
925725.0
233133.0
3523159.0
710792.0
337829.0
209272.0
0.0
129208.0
658681.0
603645.0
1869354.0
396215.0
1964459.0
375109.0
2667448.0
2255181.0
448995.0
18.0
2134134.0
203702.0
7.0
1725776.0
1979528.0
2156029.0
1804921.0
3407485.0
1516380.0
590890.0
1316644.0
0.0
2634449.0
1048859.0
0.0
0.0
3108311.0
3465036.0
1634708.0
208357.0
1079745.0
473631.0
0.0
0.0
1347932.0
333580.0
416606.0
1663351.0
0.0
195776.0
0.0
2509366.0
2570868.0
0.0
3317011.0
0.0
0.0
323074.0
866669.0
712110.0
0.0
1634708.0
286291.0
677549.0
3650220.0
3444859.0
56644.0
3286812.0
1550091.0
1710996.0
0.0
3071312.0
0.0
10.0
0.0
1361975.0
1301458.0
366660.0
353249.0
506441.0
608711.0
1058759.0
68226.0
2314096.0
173966.0
0.0
2539651.0
458932.0
3680696.0
965956.0
345122.0
524355.0
274687.0
1972939.0
48735.0
0.0
0.0
483410.0
0.0
1897964.0
2511084.0
2121335.0
49046.0
0.0
68549.0
0.0
65721.0
2585681.0
71113.0
2664237.0
354724.0
3500964.0
806698.0
872328.0
676717.0
1753184.0
104404.0
3645117.0
142655.0
704865.0
411191.0
0.0
372843.0
1124163.0
984393.0
4171.0
232920.0
3021807.0
2493919.0
340343.0
38210.0
1226967.0
10.0
0.0
2634005.0
2222949.0
121913.0
134.0
3026706.0
1707550.0
0.0
123759.0
2219349.0
40481.0
39642.0
575205.0
1023705.0
147083.0
267541.0
2.0
1417367.0
1033295.0
1151451.0
0.0
15028.0
11152.0
71517.0
3670113.0
1482373.0
0.0
0.0
183233.0
2598154.0
2138195.0
2949173.0
3008915.0
198416.0
1381838.0
890117.0
332211.0
3414693.0
2973560.0
354960.0
694300.0
2082108.0
0.0
438474.0
210407.0
0.0
197151.0
6481.0
1091663.0
462935.0
1523938.0
3444059.0
1060472.0
5433.0
259418.0
2455555.0
1084633.0
3307684.0
1979154.0
283873.0
507351.0
0.0
3621936.0
3233437.0
1477221.0
0.0
219469.0
1640321.0
1057248.0
3639123.0
993026.0
512637.0
1138642.0
325953.0
0.0
1803719.0
1742527.0
1517.0
716159.0
2344264.0
3273430.0
2823201.0
972916.0
1240312.0
2400803.0
664993.0
988110.0
0.0
854587.0
3637948.0
789705.0
0.0
3609818.0
152925.0
474304.0
0.0
846884.0
1171459.0
0.0
654266.0
2446092.0
38296.0
3061650.0
0.0
1615026.0
0.0
1836984.0
2504716.0
0.0
21157.0
3293453.0
935264.0
3134042.0
3645913.0
1206025.0
0.0
1190169.0
0.0
124842.0
635818.0
3164525.0
0.0
575516.0
13706.0
1453242.0
1772608.0
929918.0
2890710.0
1634708.0
1281473.0
363456.0
3484407.0
1090801.0
426056.0
114026.0
1879962.0
0.0
3402428.0
2389018.0
895984.0
3680692.0
181482.0
1203653.0
185688.0
0.0
92690.0
1817514.0
699089.0
0.0
2267609.0
3637020.0
0.0
344158.0
353066.0
1691406.0
919991.0
534714.0
1728446.0
3443103.0
2195138.0
0.0
208070.0
1150417.0
133743.0
1193168.0
55689.0
113.0
3567741.0
71.0
1965631.0
1627433.0
0.0
341239.0
944459.0
937463.0
0.0
2671503.0
1903802.0
746967.0
1537137.0
3202825.0
130680.0
20291.0
2725453.0
2880177.0
0.0
12409.0
151966.0
2583673.0
0.0
1652641.0
0.0
236051.0
0.0
3670347.0
12.0
29122.0
68696.0
1939256.0
538702.0
2595621.0
2712275.0
20650.0
1039041.0
3678722.0
501671.0
703261.0
0.0
2100967.0
57003.0
1011670.0
2820624.0
286138.0
1384381.0
74126.0
1325551.0
3318781.0
0.0
486151.0
974632.0
0.0
3140700.0
20.0
2458197.0
731679.0
3602361.0
0.0
371998.0
763610.0
883789.0
53238.0
1638019.0
3138912.0
130165.0
94145.0
2099278.0
0.0
0.0
139224.0
2.0
0.0
3204203.0
2745961.0
0.0
11576.0
3422047.0
418529.0
3616984.0
0.0
2701599.0
423919.0
2635358.0
265244.0
0.0
3143163.0
523293.0
763768.0
811459.0
38572.0
886237.0
0.0
569520.0
3124018.0
3662586.0
234602.0
2396155.0
3617897.0
635697.0
1105399.0
125563.0
2681637.0
3602607.0
0.0
194056.0
656282.0
2168938.0
2972148.0
640755.0
1204941.0
2428108.0
2516669.0
0.0
373689.0
819544.0
114435.0
822640.0
2841634.0
977608.0
944127.0
394792.0
1487966.0
1244995.0
0.0
40669.0
3195731.0
1829443.0
1182970.0
3586119.0
471936.0
216764.0
0.0
3069792.0
0.0
0.0
1724128.0
11954.0
337233.0
350404.0
0.0
3492728.0
1432080.0
384563.0
1843150.0
0.0
2944464.0
1843013.0
0.0
799687.0
816249.0
0.0
187412.0
1753212.0
0.0
2713600.0
628616.0
823131.0
194.0
837773.0
65.0
12792.0
1661471.0
702501.0
1432819.0
271823.0
3318801.0
533848.0
3405052.0
3102.0
560588.0
60985.0
0.0
104104.0
2581633.0
2436569.0
1151430.0
1248867.0
1634708.0
353.0
354987.0
196169.0
2845436.0
1073204.0
0.0
1118883.0
71721.0
3134744.0
0.0
1300027.0
1627078.0
2734162.0
2082012.0
707741.0
1606330.0
57345.0
17046.0
186829.0
204.0
251830.0
925431.0
373028.0
140293.0
2964283.0
1910962.0
627275.0
2548724.0
2045837.0
833269.0
0.0
0.0
13849.0
1509607.0
34737.0
417848.0
36243.0
177036.0
183821.0
45.0
630063.0
1560518.0
1066626.0
154368.0
1354425.0
942763.0
12723.0
130420.0
40218.0
3301746.0
86235.0
496253.0
102502.0
535594.0
2122273.0
87835.0
71.0
2234558.0
0.0
0.0
21282.0
1453263.0
3230061.0
2807176.0
494105.0
3437857.0
116654.0
1252771.0
54027.0
3522691.0
104750.0
0.0
1635161.0
3099362.0
1031904.0
526688.0
0.0
1205835.0
0.0
0.0
193339.0
1378945.0
41488.0
3667435.0
444489.0
0.0
0.0
540803.0
0.0
206623.0
2298431.0
0.0
3489831.0
3590725.0
1469138.0
9017.0
549126.0
1019805.0
41427.0
0.0
644166.0
2799405.0
32840.0
0.0
19119.0
0.0
0.0
567957.0
558306.0
0.0
2152107.0
1158499.0
0.0
0.0
0.0
3071243.0
0.0
920026.0
0.0
0.0
245595.0
1050552.0
3363035.0
0.0
0.0
2713473.0
423220.0
59.0
1001311.0
55676.0
3600232.0
1906701.0
3591510.0
2189509.0
174971.0
806191.0
287418.0
0.0
91.0
0.0
3107099.0
1008875.0
772873.0
0.0
2715958.0
171034.0
92618.0
1323115.0
0.0
1634708.0
94230.0
3321595.0
1456649.0
456615.0
31195.0
3272448.0
719302.0
2117644.0
406338.0
2726394.0
56268.0
2115510.0
2494667.0
65025.0
2129323.0
3351420.0
496327.0
2576323.0
401248.0
58223.0
3577447.0
3386092.0
86330.0
1415659.0
3487548.0
0.0
6.0
71.0
0.0
1602101.0
126414.0
1013122.0
0.0
1436123.0
1826818.0
27351.0
3630660.0
163547.0
466508.0
3620504.0
0.0
422491.0
0.0
67180.0
0.0
97489.0
568623.0
85594.0
0.0
1317883.0
181.0
45.0
96.0
3129702.0
2737462.0
2396723.0
2360854.0
501664.0
212409.0
941119.0
393904.0
2881259.0
1823089.0
0.0
2009107.0
3742.0
1056668.0
406586.0
899371.0
45524.0
424157.0
3046769.0
0.0
109962.0
271752.0
278939.0
887184.0
1628309.0
1289681.0
61106.0
137360.0
206453.0
166020.0
1470043.0
12452.0
0.0
1.0
58742.0
2335366.0
299402.0
3292146.0
2768315.0
646268.0
1045065.0
96826.0
159415.0
39051.0
381831.0
976369.0
22761.0
0.0
357168.0
2056081.0
3036917.0
1634708.0
878855.0
2785697.0
0.0
0.0
975350.0
2839300.0
2676722.0
2664597.0
616887.0
730.0
3362958.0
3621711.0
1240377.0
903256.0
2905566.0
27320.0
1889905.0
2418957.0
221148.0
1411965.0
1455900.0
0.0
3237833.0
164712.0
1243218.0
1452324.0
0.0
1841981.0
458919.0
1520675.0
0.0
0.0
287764.0
3538347.0
3036878.0
3487295.0
1750997.0
45650.0
588586.0
0.0
506838.0
16407.0
4.0
0.0
0.0
1683090.0
989670.0
225871.0
505432.0
174770.0
0.0
482081.0
192470.0
320807.0
1847247.0
3278017.0
1693102.0
0.0
3089156.0
0.0
437314.0
401503.0
2724094.0
74.0
495703.0
945796.0
1323294.0
1459624.0
2131694.0
445802.0
453438.0
29315.0
2064608.0
1394551.0
1602333.0
38150.0
55351.0
444060.0
0.0
0.0
3681455.0
1259903.0
0.0
117132.0
2056207.0
0.0
183876.0
3525885.0
215874.0
2080259.0
7.0
130003.0
9105.0
1337576.0
0.0
0.0
21811.0
37179.0
361313.0
1059331.0
110910.0
1986746.0
272534.0
8656.0
1634708.0
0.0
3597014.0
557908.0
660091.0
3494751.0
2473114.0
1912589.0
1089035.0
0.0
1966955.0
1461179.0
0.0
3011000.0
2626799.0
1394521.0
989031.0
140566.0
656425.0
3041005.0
509603.0
2689060.0
2336996.0
0.0
921847.0
162950.0
3204954.0
744990.0
1007807.0
0.0
1369170.0
519355.0
0.0
1621295.0
65121.0
6.0
3526391.0
0.0
60826.0
0.0
1200291.0
2898073.0
2195358.0
7768.0
1194943.0
0.0
1703726.0
3086510.0
0.0
30682.0
3529088.0
2106783.0
1019556.0
2.0
171063.0
503367.0
2903295.0
74.0
3487495.0
154781.0
69404.0
2120117.0
226277.0
2746714.0
1751176.0
2889744.0
185886.0
1634708.0
2927668.0
1165102.0
992909.0
472.0
0.0
2522106.0
0.0
1065961.0
0.0
2730581.0
40464.0
0.0
3432489.0
2391946.0
555907.0
2580050.0
0.0
78735.0
2401783.0
33899.0
0.0
1098593.0
0.0
241388.0
7573.0
106334.0
83505.0
2034111.0
3650085.0
660067.0
523606.0
855574.0
77399.0
822773.0
1121170.0
2767949.0
2409774.0
0.0
3592373.0
1170458.0
271137.0
926354.0
360643.0
0.0
185835.0
142004.0
0.0
920287.0
3318781.0
3384233.0
190719.0
1121814.0
480084.0
3035011.0
2980923.0
175833.0
3101995.0
491032.0
549281.0
0.0
0.0
3537700.0
213389.0
91132.0
232523.0
1978669.0
2558457.0
726109.0
1235551.0
1286895.0
55062.0
53403.0
3626649.0
1341999.0
1926614.0
226876.0
1360905.0
0.0
0.0
1801591.0
3562278.0
2904553.0
0.0
2226913.0
0.0
2255938.0
2194540.0
1384524.0
1068827.0
31817.0
1194495.0
207803.0
0.0
850775.0
574991.0
987499.0
2787722.0
3600782.0
0.0
3611413.0
1634708.0
1634708.0
1254125.0
1584962.0
0.0
0.0
28885.0
0.0
1940503.0
17646.0
0.0
3247357.0
0.0
0.0
2648331.0
1930212.0
0.0
2650792.0
59245.0
176492.0
0.0
859343.0
163794.0
261528.0
31488.0
911417.0
1413642.0
2212059.0
2399901.0
54114.0
2343980.0
0.0
757066.0
0.0
2475566.0
1559675.0
1124300.0
1085287.0
195625.0
385489.0
1635528.0
1291467.0
2703361.0
1825239.0
