0.0
461568.0
448955.0
108171.0
10.0
118714.0
21.0
1894744.0
0.0
0.0
2805233.0
699519.0
2699791.0
117398.0
1460052.0
1870093.0
1684964.0
83105.0
3177265.0
1182682.0
0.0
522133.0
51498.0
0.0
0.0
1041210.0
197.0
21026.0
0.0
87082.0
0.0
83173.0
1739403.0
483724.0
293720.0
125013.0
1517963.0
43856.0
158313.0
96268.0
0.0
584000.0
236774.0
68074.0
1205467.0
3539239.0
300079.0
2111669.0
829671.0
3417582.0
12.0
2051658.0
38037.0
1158906.0
2772120.0
63163.0
0.0
950827.0
799020.0
832112.0
745075.0
996368.0
185135.0
1168813.0
77645.0
2822832.0
268909.0
0.0
698243.0
744519.0
105194.0
1348125.0
1529713.0
0.0
2028842.0
1100447.0
1005901.0
1447157.0
1293681.0
36.0
3404682.0
164999.0
2470176.0
1139535.0
2592487.0
3683441.0
240884.0
3624979.0
3535119.0
1888147.0
0.0
77650.0
835623.0
49555.0
129493.0
209584.0
114135.0
1247345.0
8840.0
2791962.0
0.0
0.0
691222.0
1709984.0
946623.0
0.0
3353550.0
0.0
900211.0
1321086.0
154370.0
1229063.0
3534819.0
0.0
48460.0
314854.0
0.0
1112891.0
0.0
430675.0
974858.0
2306999.0
1028720.0
1287583.0
0.0
349083.0
2862919.0
1321130.0
1528433.0
654534.0
0.0
1912870.0
2499217.0
2745898.0
28614.0
78146.0
0.0
3521068.0
0.0
163615.0
590854.0
550216.0
0.0
10154.0
1802231.0
829751.0
1163185.0
0.0
0.0
0.0
757967.0
235390.0
3688730.0
332657.0
0.0
0.0
3246466.0
1029923.0
0.0
384071.0
782843.0
3197948.0
1331944.0
200200.0
0.0
2110356.0
635068.0
525373.0
250354.0
0.0
121494.0
0.0
0.0
2178345.0
586938.0
1618950.0
195855.0
487915.0
96245.0
360744.0
2686314.0
3121426.0
0.0
1077534.0
939996.0
1504759.0
3675113.0
3286449.0
2628937.0
1099750.0
1634708.0
2756620.0
3495659.0
680956.0
2791045.0
0.0
0.0
1341514.0
1792841.0
1592690.0
0.0
926872.0
13870.0
421822.0
1552446.0
607846.0
0.0
3001448.0
1653420.0
1624066.0
10391.0
2702224.0
40663.0
1018269.0
184781.0
550057.0
251516.0
2399117.0
72.0
0.0
386265.0
1553965.0
808163.0
242196.0
0.0
1412963.0
3623583.0
1449997.0
84207.0
3509833.0
0.0
1600095.0
381373.0
71584.0
0.0
603505.0
81699.0
884514.0
2.0
972740.0
1783333.0
2825464.0
1463250.0
3073794.0
1981437.0
0.0
1361548.0
3635560.0
0.0
356.0
239772.0
1085567.0
973554.0
3427081.0
321266.0
564273.0
3634876.0
1634708.0
176123.0
634900.0
476249.0
3171814.0
0.0
0.0
2392939.0
928984.0
2505356.0
603005.0
1135404.0
966019.0
0.0
2022638.0
2680504.0
251629.0
164785.0
491885.0
673635.0
2739110.0
3518848.0
731077.0
2559746.0
2103685.0
2626856.0
3427781.0
3465832.0
1199515.0
2705678.0
0.0
0.0
168177.0
2990274.0
390208.0
1040709.0
0.0
130264.0
10.0
830786.0
569978.0
1932566.0
972057.0
475712.0
163047.0
0.0
2730720.0
227891.0
1396642.0
0.0
455132.0
1424588.0
2253670.0
1876558.0
0.0
2527722.0
56134.0
3581228.0
2808821.0
41434.0
2400489.0
3686082.0
0.0
1735248.0
2854250.0
2214351.0
0.0
2949355.0
683084.0
646361.0
1418515.0
3465356.0
1176596.0
756149.0
1586551.0
196809.0
1909663.0
1181780.0
22319.0
3682195.0
0.0
303361.0
75716.0
569426.0
1315075.0
142855.0
971620.0
2748892.0
1879755.0
1452896.0
1021129.0
0.0
0.0
1156707.0
1350266.0
41918.0
237579.0
1095694.0
2232275.0
1964176.0
259866.0
534886.0
2255726.0
0.0
1965722.0
370085.0
2084125.0
0.0
0.0
641909.0
0.0
3600381.0
1247164.0
760087.0
2463572.0
1448055.0
17567.0
29920.0
1413784.0
2049086.0
1659703.0
3051184.0
1375439.0
1890551.0
0.0
3464353.0
2745544.0
119524.0
702581.0
113334.0
3340779.0
183348.0
892730.0
3583162.0
583909.0
2879470.0
702429.0
505439.0
1846944.0
3120463.0
16696.0
0.0
919934.0
2666117.0
2563611.0
0.0
292201.0
930096.0
542425.0
1577347.0
1919325.0
1343679.0
2710788.0
2297470.0
230277.0
204634.0
0.0
0.0
293811.0
127.0
1559816.0
1034489.0
25411.0
0.0
3546598.0
336505.0
1388163.0
508497.0
1359541.0
884783.0
65222.0
324326.0
230206.0
2476371.0
2474885.0
0.0
0.0
234499.0
196688.0
356256.0
0.0
5538.0
1444454.0
3123315.0
1419909.0
1117624.0
0.0
356492.0
2144187.0
14725.0
3641989.0
682185.0
68475.0
1603199.0
2791907.0
45911.0
127839.0
42403.0
0.0
2535751.0
188234.0
1696751.0
1904437.0
612926.0
415041.0
2735211.0
3676173.0
245238.0
2749101.0
755116.0
1625455.0
1222129.0
0.0
3390066.0
920487.0
82007.0
1071.0
0.0
0.0
454330.0
360916.0
1816637.0
1899711.0
61525.0
20175.0
0.0
669924.0
462248.0
980931.0
719373.0
1227015.0
3681699.0
3460143.0
684727.0
561444.0
837867.0
189661.0
32.0
216516.0
220.0
13527.0
3018614.0
265437.0
0.0
861305.0
1582412.0
542233.0
3562179.0
3575952.0
1092733.0
3384639.0
2172826.0
1911194.0
3453028.0
470482.0
3434983.0
1722095.0
2037131.0
0.0
1634708.0
1810523.0
2488188.0
1452213.0
0.0
185452.0
584295.0
613188.0
1153092.0
3489.0
873347.0
1077498.0
0.0
34.0
7936.0
101.0
2697223.0
1096281.0
563686.0
0.0
3515135.0
109449.0
50033.0
5.0
0.0
657224.0
0.0
3518089.0
839969.0
3141047.0
3178942.0
75.0
2336731.0
39584.0
2159913.0
2002654.0
0.0
3645006.0
922906.0
0.0
640492.0
263841.0
1784401.0
1481174.0
326911.0
0.0
514863.0
1957701.0
7306.0
1129102.0
1057681.0
3437884.0
3284793.0
1508102.0
3218652.0
44415.0
0.0
255103.0
0.0
895388.0
70427.0
577467.0
0.0
3299971.0
32167.0
1228866.0
2175727.0
3501693.0
480439.0
110560.0
2604422.0
0.0
12003.0
2713538.0
2795775.0
548309.0
1925712.0
442149.0
66073.0
513908.0
779389.0
0.0
30.0
2603135.0
0.0
690530.0
3297330.0
1369265.0
459602.0
901399.0
113.0
14.0
2636246.0
889903.0
207278.0
1416903.0
2767330.0
547787.0
798745.0
1891585.0
2702077.0
620851.0
945042.0
119461.0
841307.0
0.0
2680035.0
428142.0
0.0
2036792.0
440577.0
33.0
64147.0
0.0
0.0
843157.0
1067187.0
2642671.0
0.0
1063906.0
0.0
1267429.0
4585.0
0.0
0.0
583439.0
434653.0
10223.0
1036618.0
72210.0
596338.0
62990.0
22413.0
3412064.0
2891732.0
1022035.0
15279.0
111749.0
2818301.0
0.0
0.0
1505608.0
2515819.0
3641963.0
0.0
2308685.0
1066621.0
692981.0
118979.0
3534342.0
2812501.0
0.0
2285830.0
2510177.0
2565658.0
39.0
0.0
0.0
1143145.0
0.0
202510.0
3680483.0
3674329.0
516115.0
3336642.0
3308723.0
0.0
1339442.0
2725521.0
35785.0
0.0
2773113.0
1859889.0
1119643.0
0.0
1431314.0
416175.0
21277.0
231314.0
768304.0
704330.0
0.0
51.0
1634708.0
1620355.0
0.0
0.0
266950.0
739055.0
2290978.0
212028.0
710286.0
381417.0
1579674.0
329595.0
1835622.0
0.0
1187089.0
274101.0
0.0
3484681.0
3396655.0
404563.0
940632.0
45806.0
0.0
17687.0
2594180.0
2799245.0
0.0
1647048.0
1938755.0
8.0
3089972.0
3368197.0
0.0
2316082.0
248365.0
0.0
44144.0
2124098.0
736003.0
2412463.0
119036.0
3156003.0
222967.0
0.0
1321131.0
1893385.0
1961776.0
2285241.0
1399022.0
1660909.0
420645.0
145015.0
718818.0
1274288.0
73295.0
0.0
9.0
2646697.0
6943.0
913086.0
0.0
0.0
0.0
3273248.0
671164.0
2469619.0
51804.0
36023.0
895531.0
3068257.0
46785.0
72957.0
3492818.0
8.0
1229114.0
1206768.0
1476695.0
787678.0
13591.0
3554687.0
287534.0
267173.0
10928.0
0.0
201439.0
1993024.0
1310127.0
2217662.0
108979.0
0.0
2776097.0
0.0
255596.0
151032.0
2039684.0
261085.0
42004.0
1350076.0
3562577.0
1634708.0
0.0
3203220.0
850567.0
1644345.0
1451792.0
87579.0
3681351.0
1800121.0
304910.0
1523986.0
2491512.0
82073.0
1168230.0
1568573.0
2803847.0
3120702.0
0.0
1587879.0
3360299.0
0.0
356187.0
1049542.0
2179033.0
190096.0
2736065.0
287507.0
1141938.0
0.0
2637755.0
91.0
836736.0
8019.0
1855608.0
3673947.0
2875996.0
83195.0
55562.0
110168.0
540802.0
0.0
0.0
788661.0
26026.0
91679.0
85344.0
759152.0
2701573.0
0.0
3575455.0
3651610.0
3622487.0
0.0
0.0
1521936.0
699926.0
161382.0
58529.0
1584717.0
1849092.0
678985.0
0.0
3683255.0
1621223.0
3670546.0
131023.0
3220799.0
0.0
140212.0
1948026.0
0.0
14801.0
3223324.0
53764.0
3573168.0
367850.0
1322590.0
79258.0
1542705.0
2703050.0
252156.0
0.0
60047.0
1643086.0
0.0
0.0
0.0
3660821.0
257221.0
1077835.0
652872.0
674301.0
2068499.0
1429294.0
88961.0
116695.0
2087203.0
3612217.0
0.0
2740279.0
1227409.0
101541.0
590017.0
1378597.0
114556.0
253250.0
1320496.0
1079733.0
474137.0
51882.0
304262.0
8308.0
79.0
0.0
70588.0
3685935.0
0.0
207749.0
0.0
1497505.0
5013.0
176075.0
1642615.0
0.0
349418.0
65424.0
465644.0
0.0
0.0
2083892.0
2265964.0
3565762.0
2751173.0
2838729.0
1115654.0
0.0
68150.0
309062.0
2538822.0
3447202.0
87432.0
1184490.0
3282925.0
3211952.0
2543253.0
3601005.0
183029.0
3174.0
0.0
1307367.0
0.0
0.0
130811.0
488903.0
723402.0
1561442.0
56222.0
350874.0
666113.0
1591682.0
706256.0
2023445.0
72885.0
204791.0
39093.0
469915.0
178223.0
9.0
1384879.0
0.0
2328311.0
1960630.0
2736555.0
969768.0
321161.0
1752034.0
3672920.0
918454.0
2211493.0
1804650.0
1536739.0
3601822.0
3639339.0
112807.0
410673.0
1430789.0
256998.0
486465.0
1212819.0
0.0
47230.0
0.0
0.0
1157056.0
0.0
855911.0
718914.0
2616304.0
615789.0
52979.0
862958.0
39497.0
639719.0
2007681.0
0.0
3687461.0
1164205.0
753460.0
488484.0
432077.0
0.0
316.0
216948.0
3180097.0
3420959.0
2773034.0
1464273.0
0.0
2319507.0
2743163.0
663858.0
1359087.0
244051.0
321806.0
2585689.0
2745695.0
1598219.0
3615697.0
1178867.0
2166197.0
358886.0
0.0
1993967.0
106766.0
3508564.0
2632234.0
1336975.0
1487095.0
0.0
437504.0
3020696.0
179359.0
923970.0
636667.0
79801.0
455080.0
2192200.0
610850.0
54519.0
0.0
65250.0
31686.0
3317577.0
2727620.0
1919994.0
0.0
0.0
3609751.0
1868553.0
2581840.0
3148078.0
2134698.0
0.0
2615114.0
0.0
0.0
1727764.0
0.0
3325489.0
535757.0
0.0
1378525.0
333989.0
1704044.0
499238.0
0.0
3441308.0
2006325.0
3488007.0
3640118.0
16681.0
1336739.0
0.0
0.0
3577069.0
495083.0
3504441.0
0.0
0.0
1566861.0
0.0
520656.0
0.0
0.0
2644692.0
2093599.0
8121.0
0.0
43127.0
0.0
722130.0
65359.0
11696.0
224917.0
2316039.0
3478706.0
0.0
633950.0
1215759.0
2649458.0
320576.0
80300.0
270179.0
1351846.0
809143.0
8175.0
52660.0
26541.0
3346587.0
2775978.0
1554863.0
31341.0
68199.0
19481.0
2728374.0
514102.0
2218689.0
0.0
15140.0
154443.0
3491072.0
23025.0
0.0
0.0
340187.0
3460274.0
188257.0
2212657.0
1195425.0
0.0
707622.0
458487.0
2384808.0
3536611.0
0.0
208910.0
2221820.0
54203.0
1077880.0
2503948.0
2821809.0
3335244.0
2566857.0
3635873.0
2347880.0
0.0
2331732.0
2925843.0
190791.0
0.0
80549.0
1403332.0
117995.0
0.0
128787.0
0.0
403154.0
0.0
6024.0
1334066.0
2251234.0
2081138.0
1466240.0
0.0
35498.0
1196164.0
0.0
762979.0
0.0
3297527.0
0.0
151972.0
760367.0
352339.0
3092496.0
522514.0
3588970.0
749064.0
3599968.0
1390622.0
17607.0
3559651.0
1455080.0
941468.0
633320.0
338.0
327712.0
57761.0
268353.0
3401359.0
1965757.0
3687710.0
862498.0
784998.0
3264235.0
0.0
2873382.0
3512823.0
3526106.0
299233.0
1740619.0
1006996.0
2170529.0
658.0
51615.0
0.0
0.0
61912.0
819199.0
0.0
2193622.0
33220.0
166978.0
65679.0
3488035.0
2410980.0
93841.0
2007305.0
0.0
125751.0
333428.0
2761667.0
891990.0
230691.0
3622969.0
270295.0
3110162.0
2276819.0
2580106.0
0.0
382186.0
0.0
2595434.0
489850.0
91823.0
1610025.0
0.0
2723379.0
334716.0
315894.0
270292.0
70191.0
22340.0
391.0
0.0
187875.0
1415846.0
146947.0
154381.0
1865661.0
79880.0
0.0
0.0
3193208.0
631966.0
418352.0
744862.0
124630.0
1618711.0
3589280.0
7.0
1351450.0
2581.0
1460267.0
2517421.0
0.0
1609119.0
0.0
79191.0
0.0
3670183.0
0.0
3164963.0
613105.0
3036778.0
3473128.0
3171292.0
1023303.0
3639237.0
1942306.0
3662796.0
2543313.0
890777.0
3051765.0
345741.0
4524.0
830974.0
1034133.0
2761785.0
330759.0
1787959.0
2623.0
10.0
67476.0
3685294.0
728706.0
777248.0
0.0
703216.0
2989149.0
286600.0
68353.0
1726439.0
15.0
683640.0
1131539.0
3400840.0
1030490.0
92768.0
720250.0
119156.0
137884.0
1196378.0
3371317.0
326077.0
1708581.0
278358.0
673839.0
480101.0
644268.0
2933585.0
3591937.0
3239951.0
501831.0
2849361.0
0.0
3424186.0
3685429.0
237871.0
729347.0
3337686.0
0.0
0.0
274458.0
3560114.0
168487.0
2809230.0
1071492.0
582327.0
1225690.0
465539.0
0.0
1603053.0
55690.0
2614532.0
2160640.0
1256640.0
1478913.0
3011066.0
0.0
0.0
1478418.0
291705.0
312382.0
3370183.0
202127.0
0.0
2653742.0
367536.0
2872212.0
456947.0
0.0
924233.0
990296.0
356550.0
1089271.0
3378365.0
946846.0
100971.0
929829.0
351.0
0.0
16069.0
1730290.0
0.0
0.0
289819.0
1360615.0
31961.0
153635.0
2035621.0
195190.0
0.0
1143510.0
224143.0
1217416.0
3589869.0
3269822.0
0.0
359960.0
0.0
0.0
2335501.0
766633.0
2316313.0
861138.0
1320832.0
452617.0
89356.0
105137.0
122158.0
0.0
0.0
355.0
0.0
461921.0
0.0
3457503.0
1574752.0
682461.0
2073083.0
2788564.0
0.0
0.0
0.0
82050.0
0.0
2341823.0
1107305.0
0.0
484275.0
3485839.0
0.0
984668.0
0.0
766716.0
3047019.0
0.0
1563946.0
299211.0
1933777.0
0.0
728830.0
967900.0
244358.0
2409726.0
69514.0
356.0
115504.0
83530.0
0.0
28459.0
0.0
805471.0
0.0
814211.0
103778.0
219951.0
2412805.0
0.0
968707.0
3529304.0
2873594.0
98.0
960956.0
7962.0
1119526.0
0.0
0.0
3579546.0
0.0
0.0
374337.0
150974.0
2994201.0
2417313.0
12296.0
275700.0
1579111.0
1520959.0
2118431.0
912689.0
756999.0
3155640.0
2552162.0
1880490.0
574437.0
187546.0
750745.0
115866.0
2576422.0
0.0
2747684.0
2428865.0
634236.0
2626654.0
103223.0
177778.0
131407.0
277187.0
2347115.0
635954.0
2656920.0
188692.0
809344.0
2843013.0
42281.0
1133520.0
3541253.0
0.0
203.0
62765.0
278201.0
0.0
180810.0
587233.0
3611625.0
702823.0
816670.0
893796.0
1172174.0
1542437.0
3611515.0
2461912.0
77254.0
1634771.0
1634708.0
0.0
3014506.0
0.0
0.0
542903.0
1.0
0.0
1030253.0
0.0
438503.0
0.0
2077327.0
2374086.0
542732.0
603437.0
740877.0
0.0
2348918.0
3057560.0
2607303.0
0.0
3661992.0
22351.0
592666.0
0.0
922949.0
3061693.0
0.0
474314.0
22555.0
3609263.0
2029140.0
0.0
79.0
2466013.0
0.0
2857121.0
119515.0
2405781.0
0.0
1371131.0
1187135.0
1779128.0
0.0
0.0
843276.0
7.0
2179239.0
0.0
0.0
1253475.0
1591274.0
1917277.0
0.0
3245777.0
1031841.0
2933800.0
2292405.0
384161.0
626120.0
63.0
0.0
2298050.0
0.0
14935.0
3639044.0
3604090.0
0.0
0.0
3638536.0
3410441.0
70.0
0.0
3197305.0
135871.0
2695022.0
0.0
200396.0
1615349.0
1554192.0
733617.0
0.0
236829.0
17232.0
105933.0
1160474.0
2892178.0
28203.0
381374.0
7.0
1044175.0
0.0
0.0
0.0
344262.0
1507991.0
1570974.0
903825.0
0.0
1500422.0
181607.0
780784.0
135.0
885988.0
1281201.0
0.0
0.0
3642378.0
0.0
931936.0
466528.0
1430158.0
0.0
1015537.0
1690246.0
0.0
1636464.0
0.0
1399316.0
599598.0
1517908.0
0.0
154442.0
0.0
212112.0
414961.0
0.0
247321.0
251564.0
0.0
65489.0
108823.0
306883.0
0.0
0.0
3196379.0
263165.0
2731874.0
213093.0
0.0
0.0
0.0
492522.0
0.0
1388956.0
511464.0
3097391.0
1080441.0
942223.0
510177.0
1401144.0
3519201.0
15.0
59974.0
88133.0
551115.0
0.0
0.0
808582.0
1209744.0
1107121.0
3645543.0
334380.0
38293.0
96794.0
590381.0
3569485.0
584265.0
2548121.0
1628453.0
11547.0
0.0
826529.0
2644235.0
65216.0
2342627.0
994591.0
251011.0
0.0
0.0
0.0
308161.0
139148.0
848141.0
429505.0
0.0
0.0
0.0
862758.0
991076.0
1257918.0
137633.0
3651422.0
626867.0
1333977.0
236520.0
2551845.0
3558295.0
2803936.0
0.0
449497.0
3056325.0
0.0
153544.0
1133726.0
80683.0
8363.0
2694396.0
728182.0
3360226.0
853988.0
32651.0
288904.0
252765.0
1676274.0
3041024.0
1634708.0
2213300.0
0.0
1585605.0
595891.0
0.0
0.0
1724939.0
56510.0
1964516.0
152771.0
1146721.0
6148.0
141014.0
3384705.0
66022.0
1937087.0
202595.0
2619689.0
4607.0
1158648.0
206641.0
0.0
63.0
206863.0
3672107.0
3631924.0
3473444.0
3088006.0
1440193.0
1724925.0
0.0
582253.0
1061470.0
0.0
122022.0
808650.0
6106.0
0.0
225322.0
0.0
77810.0
3582988.0
1158104.0
324819.0
1945353.0
0.0
713764.0
63822.0
2947618.0
0.0
682839.0
425257.0
3001408.0
2355352.0
671791.0
2350756.0
24743.0
3116156.0
2396042.0
1408831.0
3521081.0
1998788.0
0.0
2169283.0
866049.0
0.0
3655370.0
391235.0
1558062.0
1535802.0
203212.0
2563024.0
965697.0
221328.0
1651332.0
2119963.0
0.0
160.0
909324.0
3117589.0
2247084.0
3575058.0
2078061.0
59.0
187654.0
978578.0
1096443.0
84247.0
445702.0
0.0
2529099.0
1140878.0
2624831.0
365645.0
1011936.0
2677950.0
18930.0
696455.0
717699.0
1234942.0
39655.0
218835.0
163742.0
925769.0
1274017.0
0.0
11782.0
0.0
0.0
907672.0
0.0
2916056.0
0.0
1008828.0
1000520.0
1459296.0
163822.0
0.0
3357518.0
101712.0
3524476.0
169035.0
67309.0
2575845.0
690306.0
3525571.0
766356.0
293829.0
100643.0
484813.0
0.0
36.0
29999.0
29230.0
1756312.0
3129741.0
40647.0
371901.0
0.0
0.0
3094122.0
3090015.0
0.0
3334990.0
3506999.0
0.0
0.0
301778.0
0.0
0.0
412564.0
188793.0
0.0
48076.0
0.0
0.0
0.0
191525.0
0.0
1431500.0
1716163.0
233887.0
0.0
2.0
1076904.0
1175898.0
2359025.0
12.0
74.0
0.0
850778.0
3489302.0
90816.0
3588658.0
3571944.0
25135.0
605916.0
128521.0
1958942.0
2758562.0
0.0
3688870.0
3553879.0
64373.0
3675602.0
190815.0
713259.0
452846.0
0.0
2803346.0
711516.0
210466.0
3494186.0
3568376.0
919046.0
0.0
3612860.0
1583.0
2818808.0
3139584.0
1653278.0
878497.0
1266400.0
325386.0
508689.0
784222.0
2409674.0
81933.0
166660.0
2241281.0
3292573.0
22910.0
917294.0
1088512.0
2828439.0
0.0
807223.0
3444034.0
3672194.0
1405668.0
1339326.0
949993.0
2119667.0
631459.0
297144.0
305056.0
2457985.0
0.0
0.0
2495906.0
1172684.0
1559816.0
1060367.0
1302596.0
1702643.0
780107.0
646723.0
0.0
3652810.0
3584354.0
449329.0
0.0
0.0
249655.0
1820179.0
118690.0
1579846.0
468001.0
65.0
67248.0
0.0
2700581.0
357269.0
443142.0
1336166.0
797336.0
1634708.0
0.0
0.0
142011.0
3033822.0
759064.0
2225396.0
95999.0
300417.0
0.0
0.0
200290.0
3567438.0
634644.0
3132049.0
0.0
3602603.0
3308654.0
1079741.0
3289564.0
127897.0
0.0
1634708.0
1883506.0
107566.0
1685619.0
251320.0
0.0
2962643.0
96356.0
2009745.0
0.0
3418784.0
345932.0
1917849.0
2732095.0
3638704.0
0.0
3513569.0
126744.0
149128.0
42824.0
154654.0
36017.0
311312.0
3011578.0
3318858.0
564171.0
2335671.0
0.0
525325.0
3444763.0
2674549.0
0.0
898326.0
3455412.0
125976.0
0.0
1962464.0
2698749.0
90330.0
0.0
2768057.0
931616.0
0.0
1464281.0
0.0
3054949.0
3439924.0
187836.0
0.0
360603.0
3451996.0
0.0
1805910.0
2002107.0
1188601.0
508891.0
1377769.0
0.0
1613956.0
1232788.0
1784580.0
3177503.0
0.0
61950.0
605810.0
79.0
1333883.0
0.0
2308235.0
955824.0
1071818.0
2471682.0
217900.0
183687.0
0.0
10005.0
2100564.0
3572346.0
0.0
59475.0
2980290.0
99313.0
1102436.0
3465163.0
965602.0
0.0
3010654.0
0.0
82888.0
2750093.0
0.0
1304266.0
157626.0
2170940.0
91237.0
2177994.0
2069947.0
282.0
3037703.0
2614929.0
34276.0
0.0
315427.0
94363.0
85215.0
225868.0
633983.0
509128.0
54504.0
1570344.0
156711.0
0.0
2708315.0
183353.0
3110497.0
3658316.0
1618382.0
264673.0
3649622.0
2729489.0
279559.0
72907.0
681069.0
0.0
1444533.0
1023714.0
0.0
2660826.0
748668.0
136060.0
900488.0
89566.0
235170.0
0.0
315577.0
32964.0
1118161.0
0.0
517856.0
755778.0
26920.0
3653854.0
204.0
21.0
0.0
238848.0
2344454.0
49334.0
3603270.0
3328854.0
1023731.0
2698924.0
1443058.0
290448.0
0.0
1855157.0
138295.0
37645.0
0.0
406139.0
1562620.0
113512.0
139464.0
1099110.0
926541.0
81960.0
2095447.0
1899603.0
2485798.0
543423.0
3655706.0
1717191.0
35991.0
334320.0
73442.0
2957312.0
0.0
0.0
856841.0
2150073.0
2379408.0
299845.0
3564094.0
137266.0
1817.0
0.0
281317.0
3527926.0
0.0
0.0
3409835.0
537262.0
2551804.0
79.0
67523.0
1634708.0
2634875.0
739143.0
610965.0
0.0
3629568.0
0.0
9.0
164472.0
555285.0
1444074.0
64254.0
0.0
835535.0
0.0
155566.0
2629674.0
550800.0
730581.0
2918740.0
595646.0
2501725.0
166259.0
72628.0
968069.0
3612192.0
0.0
922269.0
1218619.0
0.0
1216293.0
0.0
37515.0
0.0
2881445.0
3574918.0
423473.0
110007.0
0.0
137961.0
531883.0
0.0
1104355.0
3074007.0
0.0
64875.0
1511118.0
506445.0
506607.0
3654125.0
0.0
16850.0
3622897.0
3659079.0
2870132.0
3675878.0
1527327.0
208765.0
548566.0
75804.0
242226.0
0.0
2758955.0
0.0
0.0
0.0
3528507.0
555630.0
567068.0
3365637.0
1566834.0
196.0
1797042.0
0.0
70262.0
787.0
0.0
2026773.0
731120.0
35758.0
8529.0
3305686.0
1004298.0
10492.0
119728.0
3505460.0
1523733.0
1909435.0
0.0
301393.0
2742164.0
959216.0
1293116.0
0.0
1191318.0
2313596.0
1083468.0
1245989.0
346216.0
70.0
1511627.0
281838.0
3364935.0
618403.0
2678723.0
2595212.0
0.0
279880.0
0.0
231532.0
2792899.0
113552.0
2347339.0
0.0
733627.0
338695.0
509594.0
2556873.0
2368012.0
454480.0
0.0
0.0
1595351.0
1021422.0
137609.0
2773959.0
1303525.0
2370998.0
2338169.0
909057.0
75282.0
1513630.0
0.0
600069.0
3009059.0
344649.0
125964.0
0.0
514532.0
129800.0
117170.0
1371410.0
0.0
0.0
2480589.0
13456.0
0.0
533174.0
0.0
0.0
3578482.0
14093.0
2792942.0
2780576.0
2006474.0
848916.0
104289.0
3413787.0
1145059.0
914479.0
1208682.0
32112.0
2043399.0
252861.0
194.0
3615833.0
12.0
0.0
3674806.0
355546.0
1126121.0
0.0
3577871.0
0.0
664326.0
3219761.0
73656.0
822665.0
71441.0
60537.0
1356638.0
889794.0
3620185.0
357323.0
799259.0
0.0
0.0
0.0
1010170.0
2455452.0
0.0
12906.0
3417292.0
689516.0
2163076.0
142399.0
47833.0
2286618.0
3548599.0
3567693.0
0.0
1350.0
833034.0
583454.0
130793.0
2081211.0
1409943.0
3362720.0
106722.0
272735.0
3078108.0
49896.0
3545967.0
0.0
3599811.0
851171.0
1615539.0
1446506.0
2494314.0
0.0
862761.0
101389.0
3040790.0
1018461.0
812080.0
0.0
100463.0
765252.0
27173.0
2021098.0
540246.0
71302.0
89999.0
549580.0
0.0
0.0
253438.0
419179.0
797780.0
3578962.0
1918766.0
0.0
0.0
440422.0
495085.0
3366358.0
302002.0
162539.0
0.0
2758568.0
869610.0
2591468.0
269230.0
862679.0
0.0
0.0
2937158.0
1256283.0
1325545.0
3501571.0
450613.0
575726.0
0.0
977263.0
264920.0
3417389.0
2844967.0
85594.0
97.0
1784672.0
1781177.0
0.0
224434.0
15363.0
38474.0
134850.0
805173.0
3498698.0
20.0
0.0
72.0
0.0
1355428.0
2276212.0
705825.0
132710.0
0.0
1634708.0
3435205.0
0.0
148988.0
3614077.0
3594504.0
3570515.0
1009596.0
3410573.0
1003990.0
0.0
3419357.0
203.0
289568.0
0.0
307222.0
4877.0
2752847.0
87.0
2377300.0
2565913.0
0.0
1511359.0
0.0
1465380.0
0.0
0.0
1067972.0
2114149.0
255041.0
577378.0
1911022.0
0.0
0.0
636314.0
212036.0
3441388.0
0.0
2560000.0
3136733.0
1103827.0
2402095.0
1707531.0
0.0
0.0
0.0
3237904.0
0.0
0.0
330.0
1820588.0
498150.0
0.0
1364773.0
3666221.0
0.0
252478.0
43398.0
196.0
3225687.0
363378.0
516479.0
105067.0
5.0
112062.0
1688339.0
1118456.0
169165.0
27348.0
88345.0
1867782.0
2244876.0
11.0
673537.0
3429165.0
1458446.0
86483.0
218111.0
2729340.0
64316.0
1830049.0
1006257.0
774914.0
758301.0
98124.0
62916.0
0.0
0.0
1004981.0
1169415.0
233662.0
231909.0
2620478.0
3665534.0
21591.0
1763969.0
3244594.0
3292784.0
2715110.0
2621744.0
833956.0
2656089.0
1244996.0
456178.0
563056.0
619116.0
3491362.0
3125260.0
124211.0
1182687.0
750467.0
3565936.0
3235198.0
872721.0
3151675.0
0.0
248320.0
0.0
0.0
44631.0
1514193.0
285755.0
3468080.0
836236.0
915523.0
795945.0
0.0
424029.0
3628118.0
1021518.0
0.0
908852.0
412856.0
140.0
3683688.0
1635930.0
18253.0
834833.0
3469417.0
809547.0
0.0
514189.0
0.0
0.0
2563699.0
204708.0
956450.0
0.0
491619.0
0.0
1070115.0
2306418.0
20402.0
2377059.0
1314322.0
1747501.0
3320410.0
0.0
214181.0
921406.0
212839.0
920346.0
2310724.0
1835311.0
2234579.0
941332.0
581617.0
0.0
237314.0
1131987.0
2395259.0
532510.0
3230925.0
265791.0
174046.0
218963.0
2144826.0
2674581.0
2502640.0
1132378.0
0.0
190324.0
1435952.0
2959497.0
3000.0
895317.0
189705.0
0.0
0.0
683110.0
103784.0
3627144.0
438857.0
46187.0
3496610.0
3251732.0
0.0
2103417.0
488394.0
906074.0
2682324.0
3646005.0
140.0
2167739.0
2296760.0
123413.0
134.0
281503.0
3437783.0
0.0
3546402.0
24455.0
3690872.0
3620673.0
959722.0
0.0
988540.0
26597.0
1226412.0
0.0
620254.0
0.0
3688927.0
0.0
1634708.0
282513.0
2742296.0
368948.0
0.0
3048456.0
1407595.0
2519741.0
76.0
0.0
599935.0
84208.0
757967.0
335408.0
2500821.0
1430500.0
904893.0
0.0
628806.0
0.0
67300.0
1946662.0
126688.0
3589930.0
564744.0
1502481.0
0.0
14266.0
1201350.0
375405.0
1315155.0
111190.0
494658.0
0.0
0.0
1924295.0
470197.0
0.0
0.0
1055661.0
330936.0
81523.0
899371.0
38733.0
75637.0
2813874.0
1756697.0
3638597.0
1023600.0
619850.0
127251.0
0.0
527821.0
667893.0
0.0
0.0
118203.0
3213273.0
79724.0
0.0
0.0
966160.0
0.0
1925853.0
2402317.0
657067.0
1805541.0
0.0
0.0
560880.0
2947522.0
1069488.0
0.0
327531.0
889921.0
1492587.0
0.0
1696746.0
3320675.0
1912395.0
352628.0
0.0
2122543.0
0.0
0.0
970027.0
3377059.0
901940.0
0.0
2766663.0
252658.0
585001.0
1129633.0
2820883.0
83384.0
2661283.0
22378.0
0.0
496538.0
438079.0
2117301.0
0.0
3219964.0
0.0
2771531.0
3301591.0
1668873.0
225339.0
0.0
1590898.0
3276087.0
1139126.0
0.0
1922521.0
19.0
1015950.0
717694.0
3087490.0
2620151.0
2769975.0
1616524.0
0.0
3439023.0
384113.0
744660.0
276109.0
1960894.0
404299.0
0.0
1333284.0
2677085.0
902332.0
930573.0
1536500.0
0.0
211120.0
3182508.0
3691072.0
227473.0
11184.0
1455356.0
429081.0
821019.0
2413434.0
800549.0
1047810.0
3606698.0
119000.0
0.0
0.0
3454480.0
0.0
0.0
14627.0
2188867.0
96859.0
64596.0
0.0
969369.0
2112897.0
75291.0
3034362.0
1416527.0
3281310.0
2737839.0
845340.0
2662390.0
265574.0
1460723.0
92149.0
0.0
80116.0
3648303.0
182020.0
16325.0
1319087.0
1959237.0
1877695.0
52395.0
2787592.0
2064957.0
1166256.0
2045114.0
208124.0
2090329.0
779787.0
2774149.0
254516.0
3489768.0
1822483.0
970909.0
269213.0
3629679.0
0.0
2733124.0
1762640.0
492542.0
2274414.0
0.0
116484.0
1060128.0
1173758.0
0.0
1971180.0
154137.0
1981129.0
48321.0
921350.0
0.0
3503447.0
1045811.0
2104776.0
153282.0
764283.0
371164.0
68945.0
534905.0
2980853.0
3618460.0
1042664.0
2258355.0
1998407.0
1130067.0
0.0
397992.0
337943.0
1099920.0
15608.0
1077211.0
1095500.0
68946.0
103821.0
1412858.0
2133058.0
67287.0
1023394.0
1615689.0
2233691.0
683640.0
341850.0
0.0
1629699.0
687499.0
451661.0
579532.0
2313386.0
18.0
1303120.0
166798.0
224005.0
0.0
3323977.0
75.0
88791.0
5.0
0.0
217028.0
0.0
206819.0
18690.0
3006859.0
0.0
167207.0
1645715.0
1138841.0
1807445.0
0.0
395838.0
210940.0
65749.0
433912.0
140038.0
615862.0
1060241.0
1213507.0
1774971.0
2752840.0
1487119.0
2566931.0
72923.0
0.0
3247101.0
92531.0
70348.0
2447125.0
2257657.0
3066623.0
0.0
31106.0
2504454.0
1813673.0
53895.0
2036360.0
3184419.0
1369018.0
3288242.0
2763223.0
330800.0
3452196.0
6111.0
794807.0
91971.0
1149711.0
1634708.0
0.0
533126.0
3641734.0
2139785.0
3523762.0
0.0
2022135.0
0.0
0.0
421689.0
775012.0
168533.0
1884269.0
560842.0
3120567.0
2736394.0
755027.0
3478028.0
10478.0
3579029.0
2947499.0
2372831.0
2110469.0
2158628.0
80758.0
2893566.0
673411.0
1302566.0
2753174.0
115313.0
498561.0
1634708.0
915983.0
2111085.0
1687483.0
73411.0
0.0
479475.0
3654175.0
3357491.0
373066.0
135630.0
1227270.0
377281.0
529815.0
3316378.0
755261.0
3488966.0
410223.0
2274334.0
333098.0
1847881.0
36695.0
500943.0
46862.0
84676.0
299051.0
940584.0
227529.0
398977.0
2310405.0
1814292.0
0.0
54.0
1183485.0
1781155.0
67822.0
160305.0
1319850.0
640591.0
22358.0
1131523.0
0.0
287179.0
3575116.0
1584781.0
869660.0
132998.0
137495.0
60.0
7.0
3440661.0
0.0
1969492.0
2222023.0
651213.0
63616.0
1086108.0
471916.0
118476.0
1462837.0
63.0
12.0
1037387.0
1453386.0
806357.0
1040907.0
110910.0
133109.0
0.0
2112370.0
3660942.0
0.0
0.0
34032.0
547613.0
560527.0
914606.0
47727.0
18557.0
0.0
2209467.0
0.0
1271307.0
1002942.0
3274792.0
967174.0
1390545.0
3548221.0
1295398.0
376605.0
0.0
1330285.0
202.0
900304.0
66980.0
47538.0
3152915.0
0.0
111003.0
1351573.0
2552937.0
3188435.0
3660134.0
1212182.0
2387141.0
2934314.0
28061.0
838603.0
1588353.0
3590268.0
359183.0
3495038.0
2301480.0
1270977.0
1183561.0
3412009.0
0.0
149911.0
3605245.0
893466.0
2939642.0
1265525.0
145529.0
0.0
2048768.0
2013155.0
56608.0
405489.0
1569977.0
0.0
297859.0
3661020.0
3520138.0
35.0
3644800.0
1983684.0
608180.0
0.0
3322905.0
605998.0
180228.0
50362.0
983589.0
72236.0
250788.0
946148.0
0.0
3629990.0
147767.0
1525650.0
0.0
160809.0
1463558.0
1559816.0
0.0
0.0
1563571.0
2391671.0
396747.0
2485318.0
755167.0
2631148.0
1460232.0
4252.0
231328.0
141093.0
1463702.0
1145935.0
0.0
712329.0
1956241.0
1634708.0
67161.0
2511126.0
3094761.0
11968.0
2695856.0
103680.0
136091.0
0.0
814815.0
1383994.0
13932.0
244950.0
3517546.0
3587233.0
1616204.0
266398.0
1138750.0
0.0
127206.0
57859.0
3563276.0
1401066.0
3507812.0
129685.0
700295.0
0.0
807896.0
0.0
0.0
117694.0
679982.0
0.0
1303411.0
120179.0
286307.0
0.0
1253737.0
168466.0
0.0
1542721.0
3658115.0
1978368.0
2362659.0
3626244.0
0.0
1507931.0
569024.0
3180866.0
3595473.0
69569.0
2811075.0
2170380.0
0.0
3206180.0
1401949.0
3687467.0
1940311.0
2651030.0
0.0
0.0
14946.0
1918451.0
134.0
3108528.0
19.0
5926.0
0.0
1077000.0
1749569.0
496955.0
0.0
0.0
0.0
145681.0
2440238.0
3241428.0
250178.0
695423.0
0.0
512732.0
3609087.0
3079340.0
1669752.0
33533.0
60793.0
603396.0
247.0
0.0
3089728.0
3624020.0
233934.0
1185605.0
114279.0
1354419.0
0.0
3310317.0
0.0
3150728.0
0.0
125476.0
147141.0
2518684.0
895768.0
472592.0
32716.0
307708.0
1042768.0
406209.0
2886624.0
3474466.0
0.0
2310268.0
2298574.0
2903473.0
687616.0
141295.0
0.0
932076.0
42324.0
415607.0
5023.0
1672542.0
0.0
200181.0
779023.0
85.0
3683321.0
0.0
0.0
1392848.0
116244.0
0.0
0.0
3556982.0
547665.0
186097.0
1139800.0
0.0
1012407.0
981562.0
1168228.0
2095739.0
0.0
0.0
797092.0
0.0
0.0
1529138.0
21.0
2623012.0
64695.0
1419259.0
592096.0
2209889.0
1567589.0
0.0
3343184.0
0.0
2145128.0
418002.0
0.0
1758341.0
2806199.0
1634708.0
3308851.0
2653437.0
727509.0
3683168.0
3405726.0
529670.0
883645.0
2398027.0
3463653.0
0.0
345010.0
98959.0
1194047.0
1634708.0
1138910.0
1593110.0
2909577.0
1120265.0
26307.0
3417673.0
2200326.0
1095046.0
3592339.0
55573.0
262166.0
1201472.0
2927493.0
0.0
24342.0
695696.0
0.0
2371338.0
1557419.0
2204043.0
891504.0
2313439.0
266352.0
336187.0
1652567.0
3188686.0
26935.0
0.0
0.0
0.0
2323221.0
537048.0
220154.0
2846289.0
575123.0
1853788.0
0.0
3450492.0
285201.0
95533.0
2289930.0
809127.0
2568882.0
1996935.0
284528.0
0.0
2761181.0
149445.0
3572071.0
81.0
0.0
3688846.0
2777137.0
1097057.0
167968.0
290746.0
0.0
2626326.0
1591665.0
3635916.0
91.0
18468.0
92247.0
136662.0
2137002.0
507273.0
0.0
61804.0
545955.0
176816.0
2213716.0
1148519.0
0.0
2432547.0
756748.0
1906566.0
431408.0
2764127.0
194264.0
181947.0
0.0
0.0
1202992.0
2745833.0
235.0
28521.0
1581760.0
315693.0
1301689.0
128778.0
1280916.0
85611.0
123059.0
670049.0
0.0
2979023.0
893446.0
207931.0
0.0
3326722.0
0.0
464882.0
0.0
86003.0
1634708.0
1046094.0
0.0
79318.0
373029.0
0.0
1169048.0
47588.0
0.0
0.0
422974.0
3257454.0
0.0
1352219.0
0.0
2666829.0
127.0
345125.0
0.0
2036314.0
1342970.0
0.0
740193.0
3019429.0
33.0
724387.0
742201.0
0.0
0.0
650955.0
3525987.0
1578647.0
124368.0
0.0
0.0
3289032.0
3502910.0
0.0
0.0
1398267.0
668984.0
0.0
0.0
1144007.0
3644784.0
0.0
447355.0
266813.0
1185509.0
762199.0
2755297.0
3672861.0
179776.0
1063015.0
846010.0
1634708.0
24106.0
1136914.0
0.0
129346.0
103814.0
884503.0
1010483.0
0.0
96556.0
798350.0
2623991.0
1106676.0
3216198.0
463869.0
864453.0
127384.0
1031642.0
1019072.0
1070635.0
51332.0
3376604.0
1098978.0
217343.0
681332.0
1725269.0
2747917.0
0.0
66722.0
3665458.0
375848.0
310024.0
190467.0
0.0
0.0
0.0
6728.0
674515.0
422868.0
2610539.0
3272154.0
2581429.0
2670507.0
993233.0
1404786.0
1606916.0
0.0
0.0
0.0
1113856.0
1922566.0
913585.0
3061764.0
2940288.0
2162230.0
514563.0
103567.0
524491.0
20056.0
471528.0
0.0
1181320.0
275184.0
0.0
80393.0
176602.0
292651.0
298888.0
2277016.0
0.0
1814098.0
217082.0
2621448.0
94266.0
35617.0
7.0
3483.0
510916.0
87683.0
853780.0
0.0
803979.0
268154.0
2737190.0
2445280.0
820343.0
1524021.0
0.0
639476.0
1010163.0
3506107.0
2462490.0
1693921.0
406263.0
2312348.0
3614861.0
2284996.0
847208.0
10003.0
1700770.0
598178.0
0.0
2391079.0
989489.0
207528.0
3016131.0
609196.0
3642503.0
1868395.0
76532.0
0.0
0.0
0.0
204.0
3094760.0
37849.0
0.0
1418324.0
3069896.0
2254006.0
2526192.0
206563.0
3470606.0
1220913.0
3315850.0
728824.0
1734350.0
231628.0
1153100.0
0.0
187823.0
2169985.0
2649951.0
0.0
71889.0
625432.0
0.0
1098419.0
346581.0
1261504.0
2002745.0
3540606.0
2560985.0
1451549.0
269253.0
1006829.0
3597579.0
845048.0
2266555.0
71290.0
3662529.0
0.0
89062.0
0.0
3431963.0
2521743.0
342737.0
0.0
3362332.0
238793.0
1319993.0
3173275.0
9009.0
171029.0
2519878.0
255321.0
606081.0
1466490.0
1011331.0
2891239.0
47660.0
1737897.0
72091.0
0.0
389145.0
684633.0
3221454.0
194024.0
1802201.0
3452023.0
14178.0
0.0
2611219.0
3660404.0
195166.0
0.0
179814.0
101856.0
524308.0
80213.0
2468295.0
1013685.0
0.0
474584.0
2051008.0
0.0
1461809.0
2539369.0
84291.0
88092.0
697893.0
2778131.0
2658028.0
121722.0
3344918.0
0.0
0.0
186553.0
20128.0
1157256.0
652559.0
99491.0
2649400.0
119438.0
2640217.0
764059.0
209483.0
3512942.0
154167.0
2725736.0
1648074.0
1958340.0
0.0
2227951.0
0.0
391653.0
1739092.0
1623210.0
1943925.0
542868.0
2166051.0
364955.0
1886051.0
3596831.0
1408751.0
1261572.0
1634708.0
125377.0
338789.0
30599.0
0.0
3453307.0
3481782.0
946683.0
0.0
0.0
274856.0
550725.0
57323.0
3267780.0
3414175.0
3618621.0
28.0
13144.0
7.0
0.0
281128.0
0.0
640301.0
618598.0
3418375.0
1426909.0
0.0
0.0
640612.0
1485662.0
309881.0
3521650.0
1135792.0
2069299.0
3326362.0
2437330.0
0.0
2874883.0
3598660.0
589040.0
183677.0
0.0
75248.0
195626.0
2527357.0
365282.0
797724.0
0.0
824628.0
383602.0
2181281.0
3035978.0
3229283.0
183981.0
337930.0
0.0
204845.0
2368066.0
0.0
724830.0
0.0
975861.0
7359.0
440900.0
0.0
45283.0
2174710.0
263213.0
0.0
1100071.0
352960.0
1497776.0
151194.0
1079369.0
905293.0
151381.0
3007407.0
113215.0
1243666.0
313998.0
32.0
0.0
1634708.0
0.0
295937.0
51557.0
243953.0
1891124.0
76141.0
3587630.0
1806058.0
544832.0
93276.0
253876.0
294813.0
703482.0
138423.0
2154701.0
2194207.0
0.0
382173.0
3567289.0
302141.0
74892.0
0.0
1975672.0
0.0
3056103.0
3108046.0
1175973.0
2003968.0
1430806.0
12980.0
0.0
50855.0
3688543.0
948118.0
3580481.0
1911399.0
0.0
235688.0
202983.0
286082.0
1748491.0
1876995.0
1022174.0
3036327.0
3244002.0
1437858.0
51808.0
1244923.0
532032.0
1646907.0
107189.0
331521.0
1514269.0
3688598.0
179446.0
784618.0
3646514.0
1317152.0
0.0
3285775.0
1627311.0
0.0
3412468.0
681900.0
559032.0
595349.0
310559.0
25018.0
15113.0
0.0
3256439.0
513094.0
1072310.0
225818.0
2256439.0
106312.0
0.0
528320.0
0.0
1852653.0
0.0
265853.0
0.0
67.0
1268784.0
680916.0
275749.0
1358730.0
3467901.0
2457521.0
923255.0
0.0
465303.0
2452065.0
2281653.0
0.0
3516738.0
877103.0
164825.0
3361196.0
91044.0
1863071.0
337546.0
189074.0
12218.0
97929.0
1067415.0
3669736.0
667405.0
80.0
2202522.0
0.0
0.0
80735.0
221515.0
0.0
3126695.0
3375047.0
265824.0
2396155.0
3103715.0
2654800.0
1917408.0
1124131.0
2725371.0
232705.0
2775267.0
3094933.0
502028.0
384757.0
2310834.0
967609.0
0.0
1753461.0
1495103.0
0.0
2848067.0
2788150.0
0.0
0.0
3250039.0
2437861.0
298027.0
167216.0
2780081.0
1955546.0
1572177.0
1745943.0
1219169.0
1066191.0
106606.0
36827.0
2468155.0
2296803.0
327005.0
1560176.0
3287199.0
443194.0
1923516.0
165160.0
3593022.0
2909636.0
158242.0
3598090.0
522501.0
313285.0
19828.0
931387.0
0.0
2691686.0
869256.0
1267195.0
51.0
78290.0
7.0
2340359.0
214323.0
294850.0
1011518.0
2833079.0
1546699.0
365913.0
0.0
3068471.0
756872.0
420280.0
815732.0
1796615.0
40103.0
22189.0
0.0
1152396.0
21956.0
761831.0
0.0
573594.0
136804.0
0.0
169286.0
2073143.0
39087.0
452847.0
840567.0
570531.0
2683282.0
63.0
3402874.0
111597.0
449154.0
1076949.0
29970.0
186970.0
0.0
29.0
463124.0
2823738.0
421446.0
912456.0
444618.0
369262.0
480673.0
272463.0
0.0
321108.0
0.0
1192367.0
2425937.0
0.0
0.0
899295.0
64798.0
1110051.0
126081.0
2134294.0
412320.0
3561285.0
0.0
96.0
1050119.0
623681.0
1266084.0
0.0
685230.0
2967056.0
852.0
1364454.0
35885.0
0.0
167589.0
1254517.0
342593.0
5471.0
1143321.0
417358.0
955702.0
1700570.0
118380.0
828356.0
1103611.0
296691.0
71959.0
3539574.0
2972362.0
2389638.0
969501.0
0.0
2096419.0
774273.0
2700135.0
0.0
1637699.0
2777656.0
901346.0
1964707.0
2580048.0
1175881.0
123937.0
355156.0
3423749.0
1617518.0
0.0
25961.0
873940.0
2165490.0
57340.0
354093.0
0.0
182539.0
1371577.0
96896.0
2385786.0
59301.0
278295.0
1202357.0
2784947.0
1930207.0
1535115.0
1623207.0
2147768.0
1878230.0
34302.0
1904974.0
119208.0
402949.0
1174577.0
2087132.0
1203770.0
1332404.0
950887.0
191915.0
0.0
282051.0
1110461.0
0.0
0.0
857114.0
0.0
0.0
3204163.0
0.0
0.0
157627.0
76.0
1008812.0
0.0
2922083.0
774277.0
967069.0
0.0
0.0
1583053.0
995817.0
2551654.0
261058.0
1162501.0
910151.0
16232.0
122228.0
0.0
1312412.0
1336567.0
47.0
739397.0
37667.0
2957436.0
1035056.0
3564937.0
1178626.0
2960908.0
0.0
3289652.0
899705.0
3540249.0
0.0
998630.0
83653.0
1017443.0
2044322.0
0.0
3444516.0
0.0
227462.0
1412489.0
129493.0
951195.0
3656647.0
1574870.0
0.0
630276.0
87.0
811599.0
59593.0
61810.0
319474.0
76126.0
0.0
3030418.0
179672.0
61173.0
0.0
996235.0
399950.0
448670.0
3611697.0
385545.0
653582.0
954479.0
0.0
211731.0
206492.0
0.0
669385.0
1606675.0
2030366.0
2733801.0
0.0
1485350.0
96061.0
407307.0
1382187.0
1122418.0
3528099.0
317845.0
3406481.0
1169586.0
125144.0
1403702.0
3033027.0
0.0
2297993.0
83634.0
2361364.0
2767767.0
114910.0
1579702.0
1230566.0
415944.0
483924.0
75973.0
3411582.0
75989.0
1139050.0
440623.0
1901188.0
3327181.0
220353.0
1391294.0
280513.0
2658362.0
427897.0
2696959.0
126.0
0.0
3586681.0
355870.0
1853199.0
725876.0
21907.0
1637888.0
0.0
3107611.0
421123.0
1538550.0
3141531.0
672063.0
2092569.0
3031312.0
83045.0
777268.0
2003127.0
0.0
0.0
122764.0
0.0
471657.0
484938.0
665535.0
0.0
1634708.0
688379.0
790887.0
30385.0
0.0
10.0
323029.0
1260890.0
1144480.0
219486.0
3663026.0
960360.0
1693982.0
1511842.0
2515809.0
137713.0
3463460.0
316380.0
0.0
0.0
3596643.0
252943.0
93226.0
2.0
148399.0
1668861.0
24885.0
136137.0
74912.0
320365.0
116703.0
66.0
2641315.0
747159.0
1299308.0
318810.0
173083.0
945044.0
1678125.0
475619.0
3690447.0
0.0
3475543.0
3790.0
474082.0
417069.0
2328584.0
733275.0
3660656.0
261183.0
3429862.0
0.0
237917.0
0.0
48.0
115308.0
2905802.0
1232838.0
0.0
2564926.0
102988.0
1635712.0
0.0
454670.0
1548608.0
36.0
2298977.0
885940.0
751987.0
48199.0
0.0
30476.0
2989491.0
3405489.0
105938.0
213970.0
602751.0
1042278.0
621216.0
3640486.0
0.0
3668663.0
39771.0
1080800.0
309710.0
648532.0
1029940.0
3462421.0
1436264.0
3545860.0
0.0
0.0
1176799.0
2976777.0
0.0
575373.0
119202.0
0.0
3691697.0
3661323.0
260020.0
0.0
0.0
9894.0
2016332.0
637115.0
139734.0
0.0
2199052.0
551714.0
1318011.0
609284.0
0.0
62081.0
708505.0
76199.0
447295.0
628084.0
104214.0
2264414.0
0.0
0.0
0.0
419248.0
0.0
704979.0
198640.0
233370.0
102776.0
1189031.0
114667.0
0.0
0.0
1278.0
3218264.0
3015.0
0.0
1174312.0
166431.0
0.0
2030342.0
963798.0
0.0
1900380.0
1231067.0
2694067.0
0.0
0.0
1221055.0
0.0
1257058.0
1917291.0
968517.0
82392.0
178456.0
318727.0
0.0
583449.0
96623.0
28441.0
2547886.0
0.0
0.0
76929.0
493729.0
3415644.0
907005.0
915594.0
960882.0
28132.0
230032.0
1039554.0
471968.0
147061.0
0.0
0.0
1798716.0
2122306.0
0.0
0.0
27358.0
662541.0
1579896.0
0.0
0.0
14074.0
2508640.0
2267039.0
0.0
279527.0
725077.0
0.0
3341407.0
961100.0
305196.0
3599984.0
1981626.0
971693.0
1474634.0
3213767.0
1647940.0
3397505.0
914073.0
3659619.0
2293857.0
0.0
2976409.0
1394648.0
1500728.0
3520062.0
0.0
1432442.0
1258223.0
1308225.0
579145.0
56853.0
884341.0
3578037.0
141.0
0.0
2049366.0
3463064.0
0.0
1502016.0
1348374.0
59073.0
315445.0
136710.0
645536.0
36.0
1771053.0
259814.0
484430.0
0.0
2042480.0
1158907.0
129651.0
25628.0
2078886.0
186777.0
1285671.0
3005119.0
0.0
0.0
3609559.0
1091558.0
487734.0
3010839.0
101912.0
835833.0
885217.0
0.0
3423142.0
724834.0
398273.0
1772946.0
171721.0
2497831.0
1591495.0
199770.0
3259440.0
0.0
497096.0
0.0
0.0
1620975.0
61573.0
2853896.0
1997223.0
564683.0
2521042.0
0.0
2268220.0
3111671.0
0.0
3423942.0
857349.0
791860.0
1452558.0
1619006.0
3389303.0
81411.0
0.0
521662.0
388.0
371133.0
3396426.0
0.0
2837275.0
148282.0
337262.0
0.0
1883845.0
3179517.0
2.0
823294.0
221196.0
138893.0
0.0
0.0
1114547.0
0.0
989569.0
7715.0
1625181.0
0.0
0.0
21.0
0.0
0.0
0.0
0.0
726769.0
3663756.0
2720961.0
0.0
905117.0
0.0
2367255.0
0.0
1115750.0
242188.0
2210675.0
823830.0
498939.0
339315.0
26463.0
98676.0
440567.0
0.0
2566041.0
161812.0
1495870.0
717394.0
299984.0
2296963.0
224061.0
1316026.0
802782.0
0.0
0.0
2607818.0
3231762.0
974367.0
0.0
526026.0
1085875.0
2310629.0
18387.0
3137244.0
0.0
91663.0
2034002.0
0.0
280090.0
2009352.0
3514016.0
335799.0
1224398.0
3445361.0
488621.0
3594820.0
116185.0
2575069.0
80675.0
2677776.0
245766.0
1634708.0
0.0
950972.0
1122377.0
0.0
0.0
1369096.0
2548994.0
196.0
72.0
966178.0
936565.0
131257.0
0.0
1694359.0
656696.0
334360.0
147035.0
0.0
449681.0
0.0
0.0
355.0
1065769.0
3353396.0
109572.0
163240.0
250103.0
2718723.0
942010.0
2144864.0
0.0
111260.0
392627.0
3675988.0
654029.0
3024332.0
1209556.0
937634.0
1642879.0
2144369.0
0.0
318086.0
227136.0
0.0
428622.0
69689.0
1184227.0
1135598.0
0.0
921542.0
0.0
1608754.0
1514705.0
147709.0
2155474.0
2295407.0
1051328.0
10764.0
201.0
147600.0
2943136.0
0.0
0.0
2372858.0
3522229.0
3600404.0
1691168.0
3446052.0
0.0
3601013.0
0.0
60.0
2301718.0
3384100.0
493259.0
2581404.0
422797.0
55266.0
29394.0
1531815.0
0.0
775547.0
3435928.0
1529038.0
3306590.0
1972353.0
324500.0
1717019.0
0.0
0.0
297277.0
0.0
0.0
1226572.0
614723.0
2761664.0
0.0
0.0
2158749.0
0.0
1716470.0
0.0
314171.0
3352703.0
1789069.0
8799.0
3649450.0
232698.0
140.0
3637126.0
0.0
0.0
0.0
77438.0
3680308.0
15995.0
63204.0
536446.0
0.0
171082.0
0.0
0.0
98936.0
1274796.0
0.0
2551193.0
1657400.0
30.0
2098907.0
3656425.0
83524.0
1818540.0
504096.0
723552.0
719861.0
66140.0
3632553.0
2473342.0
0.0
0.0
3003117.0
3128949.0
3568722.0
16998.0
0.0
2764588.0
0.0
3594037.0
231868.0
2226730.0
0.0
1024282.0
49385.0
3589376.0
1158508.0
0.0
0.0
3592992.0
1076531.0
283834.0
482754.0
246869.0
2546547.0
0.0
203735.0
175494.0
3678043.0
57746.0
185688.0
770769.0
42835.0
0.0
579203.0
1277715.0
567320.0
549188.0
0.0
1297696.0
109784.0
920287.0
334173.0
1244992.0
3230054.0
0.0
801838.0
127538.0
35843.0
1444015.0
44156.0
200323.0
2138602.0
183067.0
3631876.0
3503053.0
0.0
1634708.0
843097.0
1511988.0
0.0
74540.0
389199.0
348702.0
2606736.0
0.0
723497.0
1199990.0
1747600.0
1265889.0
0.0
19.0
2074851.0
1499896.0
1493384.0
599329.0
574209.0
182964.0
295163.0
2465798.0
3615605.0
1197423.0
831003.0
164321.0
0.0
3510191.0
544425.0
203.0
0.0
1628707.0
111295.0
38537.0
183776.0
3487194.0
2733861.0
3137773.0
1364145.0
628275.0
241323.0
1058881.0
3398503.0
878997.0
86668.0
1314189.0
1.0
977099.0
149608.0
310617.0
12779.0
0.0
230520.0
4802.0
1030780.0
0.0
0.0
0.0
3435761.0
2186724.0
0.0
0.0
1094291.0
0.0
381028.0
23218.0
0.0
252372.0
0.0
2710760.0
0.0
0.0
2736427.0
364527.0
0.0
1387498.0
881835.0
2752414.0
3150.0
2338603.0
0.0
10869.0
3010709.0
2112436.0
1445387.0
0.0
336952.0
3591405.0
0.0
1789206.0
2517966.0
3533297.0
0.0
1048799.0
330235.0
0.0
595530.0
728631.0
62211.0
3684842.0
416176.0
751510.0
0.0
3659791.0
1292054.0
3108322.0
0.0
3271118.0
0.0
0.0
158761.0
3637245.0
1634708.0
3569342.0
114354.0
112684.0
819863.0
770730.0
160285.0
138723.0
3645340.0
2918623.0
523459.0
562768.0
1638925.0
0.0
312703.0
3615605.0
54.0
1817488.0
507969.0
300732.0
3291465.0
42606.0
1976660.0
0.0
0.0
3580197.0
0.0
2802070.0
1387952.0
0.0
1634708.0
2350229.0
1498942.0
0.0
3264875.0
927008.0
181532.0
293159.0
196.0
641525.0
608056.0
607493.0
0.0
0.0
0.0
246155.0
325117.0
2181859.0
965970.0
3652996.0
2089494.0
211404.0
441794.0
747167.0
2641172.0
0.0
3444130.0
1118020.0
3183831.0
0.0
1874551.0
3408950.0
230003.0
1175202.0
163421.0
771913.0
289543.0
1340417.0
335179.0
162802.0
0.0
0.0
2055162.0
3589971.0
608347.0
0.0
3494977.0
1441076.0
0.0
0.0
3014604.0
0.0
1698335.0
985925.0
115.0
1551670.0
0.0
0.0
1616213.0
258646.0
1225113.0
1533123.0
375162.0
1956818.0
4493.0
0.0
0.0
232678.0
391899.0
1902636.0
793505.0
3369389.0
138820.0
3276140.0
0.0
86661.0
930029.0
137634.0
3412876.0
174761.0
0.0
160026.0
6962.0
1790539.0
1864670.0
0.0
0.0
2948958.0
2732809.0
0.0
0.0
246900.0
1821048.0
338135.0
2023915.0
1370419.0
796406.0
552486.0
592792.0
1293371.0
2077008.0
0.0
17782.0
0.0
109215.0
0.0
3623628.0
1158109.0
272388.0
772094.0
0.0
3626223.0
983354.0
2511620.0
3567882.0
51649.0
98401.0
513799.0
2941167.0
0.0
251755.0
150022.0
131249.0
0.0
0.0
378996.0
0.0
68448.0
0.0
351316.0
1397356.0
3014450.0
29155.0
0.0
1637823.0
1977615.0
512730.0
3178434.0
2777253.0
644476.0
643171.0
45631.0
2724098.0
69001.0
356.0
0.0
3239316.0
545780.0
0.0
2160713.0
3119983.0
3249581.0
7.0
0.0
3645394.0
1417134.0
0.0
90247.0
772748.0
1064566.0
85195.0
0.0
388206.0
0.0
3479806.0
12585.0
1723334.0
0.0
211180.0
569509.0
57859.0
0.0
3498244.0
180815.0
3649799.0
752773.0
267056.0
143678.0
62.0
0.0
1009776.0
3021495.0
275170.0
0.0
2098771.0
234910.0
1953038.0
67424.0
849175.0
40119.0
0.0
1478677.0
396256.0
3675989.0
694973.0
3567786.0
0.0
2143439.0
305253.0
174640.0
1458625.0
792689.0
3380103.0
0.0
893359.0
0.0
897319.0
3428600.0
2114440.0
0.0
1982502.0
1060966.0
2575100.0
262289.0
419224.0
0.0
2740094.0
2110658.0
21910.0
0.0
2475761.0
565308.0
0.0
3511900.0
3082240.0
1016200.0
3657411.0
3560350.0
77645.0
1275247.0
39050.0
0.0
159705.0
3688692.0
1696627.0
496298.0
3176354.0
3673004.0
3181963.0
2941680.0
459822.0
3547200.0
604417.0
794792.0
12.0
2195751.0
3233349.0
513800.0
20309.0
349876.0
1533247.0
34665.0
2414512.0
65076.0
0.0
1954624.0
1175874.0
256726.0
2219878.0
312734.0
47.0
511193.0
1574957.0
3431340.0
734636.0
1436884.0
3223505.0
87.0
0.0
2391874.0
962420.0
0.0
0.0
7752.0
3477582.0
538311.0
188424.0
0.0
66878.0
2947949.0
247719.0
355791.0
0.0
1520306.0
3400361.0
1748393.0
160233.0
540129.0
300946.0
0.0
3132471.0
153980.0
0.0
1009424.0
806591.0
0.0
3610189.0
32232.0
2751883.0
1511844.0
2372364.0
3618948.0
1043679.0
270139.0
0.0
693344.0
0.0
0.0
0.0
3101858.0
0.0
0.0
0.0
3491127.0
0.0
121129.0
2650949.0
0.0
0.0
0.0
331.0
3620348.0
250131.0
1346061.0
1396604.0
288916.0
3014131.0
2422893.0
0.0
26477.0
467667.0
19908.0
62052.0
125092.0
838126.0
3474928.0
0.0
509092.0
2301965.0
0.0
2034079.0
0.0
3476761.0
35308.0
1346572.0
3666944.0
88093.0
0.0
85467.0
0.0
3460837.0
1549904.0
0.0
175156.0
1954579.0
1884688.0
1900003.0
0.0
0.0
356812.0
309892.0
325749.0
3313964.0
2723123.0
0.0
0.0
0.0
0.0
700713.0
1305200.0
2627000.0
227079.0
589844.0
864742.0
2447428.0
190038.0
3472060.0
695490.0
1343720.0
119023.0
2023214.0
1451367.0
490548.0
652949.0
2759878.0
803997.0
1403286.0
1578664.0
0.0
56176.0
1044642.0
895721.0
357199.0
3208607.0
2794405.0
440821.0
1185876.0
0.0
0.0
3060113.0
121850.0
108700.0
1347526.0
453578.0
150214.0
283451.0
0.0
2614342.0
825739.0
151810.0
1922224.0
2288236.0
166304.0
0.0
2979781.0
2088140.0
3578280.0
1424190.0
10702.0
2367450.0
3573449.0
2765769.0
2684783.0
1231056.0
2074445.0
2596004.0
154748.0
2564646.0
211672.0
707836.0
0.0
77.0
2566664.0
0.0
1553430.0
0.0
916166.0
0.0
2260999.0
17596.0
4274.0
2759715.0
258247.0
3079047.0
69339.0
1486344.0
0.0
3060672.0
73658.0
6864.0
4.0
333898.0
0.0
1041335.0
0.0
28999.0
464815.0
253729.0
3545254.0
0.0
51508.0
1211114.0
0.0
136856.0
1926989.0
3626378.0
1228840.0
1135532.0
1232341.0
172197.0
919063.0
514772.0
3530058.0
2740432.0
1700247.0
665998.0
1218404.0
50775.0
1402904.0
1187821.0
2413092.0
1164833.0
734549.0
3618548.0
1312909.0
0.0
0.0
975072.0
285158.0
0.0
68073.0
305625.0
2338228.0
1976492.0
130048.0
2785697.0
1444236.0
537937.0
0.0
2757175.0
344221.0
1068096.0
19046.0
0.0
728923.0
1397969.0
332245.0
3278.0
1337905.0
0.0
177841.0
187918.0
3598883.0
28105.0
2988767.0
2288548.0
3461578.0
463849.0
840340.0
3594211.0
2228101.0
1121000.0
3647510.0
2014406.0
1570003.0
3299816.0
3579147.0
0.0
1143991.0
235556.0
1584320.0
106252.0
697150.0
1484524.0
222399.0
925746.0
373411.0
310158.0
0.0
1654360.0
714425.0
702844.0
0.0
0.0
2361607.0
642451.0
2029912.0
454795.0
1634708.0
0.0
3644584.0
1361092.0
0.0
141399.0
2166366.0
48404.0
3630286.0
2781788.0
93359.0
34081.0
924602.0
3043410.0
678834.0
758532.0
1582752.0
715539.0
1295094.0
1443690.0
62179.0
0.0
878601.0
2011520.0
108080.0
790784.0
231406.0
1543750.0
915744.0
2796473.0
0.0
728852.0
0.0
3102831.0
2419637.0
3562419.0
1833322.0
24201.0
97351.0
0.0
2063904.0
0.0
3164467.0
63707.0
0.0
2017992.0
3511465.0
118709.0
1885.0
148606.0
75.0
1188567.0
872744.0
3475551.0
57046.0
920798.0
2584409.0
259090.0
461747.0
552699.0
0.0
240587.0
2945925.0
985580.0
0.0
0.0
1266532.0
2314783.0
3510271.0
204.0
664885.0
0.0
1329925.0
3032446.0
263498.0
1315344.0
782626.0
494096.0
1083765.0
3125631.0
1956287.0
0.0
1612213.0
1012488.0
1009836.0
251391.0
210542.0
3587519.0
1165009.0
988745.0
1176697.0
2009034.0
3122194.0
8896.0
1.0
2029728.0
16146.0
906417.0
142190.0
17281.0
173276.0
1596065.0
0.0
999780.0
3553883.0
1925402.0
2584639.0
254954.0
655462.0
224696.0
2034271.0
3212333.0
18752.0
23539.0
0.0
99476.0
0.0
1010090.0
97577.0
2260753.0
0.0
2647822.0
3287909.0
949500.0
1057327.0
441109.0
55.0
831375.0
545848.0
411552.0
3457347.0
1680247.0
185021.0
3284874.0
388143.0
2864712.0
0.0
2224650.0
0.0
417116.0
1865956.0
78.0
0.0
703181.0
233040.0
82155.0
1651281.0
479585.0
2261802.0
734538.0
0.0
3654748.0
2563338.0
639102.0
1629178.0
9111.0
1006259.0
0.0
0.0
88887.0
2251039.0
0.0
920287.0
603071.0
414983.0
24042.0
2339110.0
0.0
2187117.0
2912660.0
0.0
1714904.0
2152809.0
115461.0
2034103.0
246049.0
2080064.0
948353.0
1330591.0
239681.0
33238.0
477682.0
588755.0
274317.0
3043510.0
3470163.0
363123.0
0.0
3523268.0
257.0
1531092.0
76282.0
0.0
117535.0
926824.0
2127863.0
105632.0
167358.0
1174597.0
69228.0
0.0
126924.0
518748.0
3129078.0
513513.0
678888.0
196434.0
1675685.0
1821982.0
0.0
2192102.0
0.0
2443178.0
445044.0
185.0
3023281.0
640715.0
1836670.0
598096.0
3656399.0
0.0
466775.0
410348.0
410649.0
1722285.0
0.0
1768332.0
0.0
0.0
9936.0
0.0
3390445.0
2726582.0
2031348.0
313869.0
2686917.0
25342.0
305312.0
1129147.0
183293.0
30199.0
1803026.0
432436.0
604952.0
0.0
3401774.0
42378.0
175819.0
0.0
0.0
3129997.0
3671108.0
731848.0
293392.0
1143804.0
1857939.0
0.0
239606.0
38973.0
3232562.0
0.0
113844.0
1184213.0
51.0
6592.0
192387.0
132236.0
3041650.0
2050539.0
758626.0
162683.0
1036030.0
616644.0
245577.0
469723.0
3582350.0
1634708.0
99997.0
2488209.0
3124180.0
695478.0
0.0
18489.0
648376.0
1870966.0
793609.0
369077.0
0.0
0.0
0.0
1508068.0
1984558.0
0.0
953075.0
34236.0
1294371.0
251230.0
278542.0
2444321.0
0.0
119020.0
7548.0
2765490.0
563792.0
414015.0
33181.0
358149.0
109831.0
3374332.0
797213.0
802547.0
0.0
99094.0
589362.0
282384.0
1280153.0
750459.0
414525.0
966686.0
304835.0
953433.0
0.0
46269.0
0.0
107492.0
756913.0
1013461.0
0.0
662647.0
403490.0
2910583.0
562553.0
1578229.0
1734168.0
62423.0
2752828.0
0.0
833827.0
734339.0
298547.0
63495.0
141675.0
0.0
581280.0
0.0
523164.0
2607519.0
0.0
677561.0
2632.0
636633.0
3820.0
1970054.0
74459.0
1938088.0
0.0
2738190.0
0.0
1757012.0
74083.0
506945.0
2311714.0
98717.0
996790.0
0.0
871833.0
939134.0
71370.0
2058050.0
176201.0
2781735.0
421469.0
803755.0
1085572.0
2357138.0
2779607.0
51483.0
3392690.0
1823621.0
1059073.0
0.0
0.0
6.0
2826355.0
1990282.0
2134330.0
1687941.0
328283.0
0.0
682457.0
595719.0
959935.0
101239.0
61854.0
171505.0
34.0
0.0
0.0
58939.0
3237286.0
0.0
1147696.0
1522319.0
21347.0
0.0
48203.0
672031.0
2961909.0
0.0
207596.0
41512.0
266713.0
1857766.0
48933.0
0.0
0.0
0.0
84141.0
1274298.0
1110467.0
3156162.0
2838470.0
1815045.0
0.0
1243340.0
2965412.0
769550.0
817427.0
3574152.0
2750165.0
532085.0
96825.0
479766.0
320897.0
620323.0
3234841.0
128578.0
232561.0
2554785.0
25721.0
3309067.0
921095.0
1705943.0
57730.0
0.0
1877344.0
0.0
0.0
2870555.0
2875446.0
301190.0
86370.0
0.0
929461.0
562419.0
406199.0
76859.0
28064.0
173245.0
3501746.0
2171161.0
3393830.0
108954.0
407.0
0.0
0.0
1788470.0
566682.0
156357.0
2595276.0
326335.0
0.0
91369.0
2090890.0
154154.0
127567.0
0.0
316342.0
242607.0
1309534.0
389200.0
2378139.0
2541790.0
251012.0
1352574.0
516302.0
1142342.0
1076492.0
402306.0
1502214.0
2277612.0
0.0
1715895.0
107892.0
2049936.0
3066794.0
95822.0
0.0
2240623.0
934811.0
377180.0
1634708.0
362938.0
3487368.0
2581190.0
640749.0
3182779.0
1082269.0
92532.0
992736.0
2935992.0
976699.0
411274.0
126635.0
0.0
3293422.0
1523986.0
1913087.0
2786404.0
0.0
698534.0
2199693.0
3497545.0
45816.0
1096226.0
122.0
1141403.0
485200.0
563523.0
605081.0
2400268.0
1799797.0
2523188.0
0.0
268529.0
3341225.0
0.0
5267.0
574806.0
28500.0
277517.0
0.0
303542.0
48601.0
0.0
1626356.0
506866.0
947126.0
57.0
38356.0
2752724.0
198657.0
53084.0
2615449.0
379802.0
444672.0
279700.0
46260.0
1950206.0
0.0
2488016.0
2477497.0
0.0
0.0
31411.0
530896.0
3568531.0
0.0
3272934.0
1166289.0
126767.0
3648621.0
1002857.0
28.0
256076.0
2742721.0
3328655.0
453479.0
0.0
445229.0
114649.0
375158.0
161173.0
2696920.0
2054144.0
62799.0
0.0
68.0
1356074.0
2732709.0
1400793.0
1148977.0
1416939.0
20534.0
34812.0
249296.0
66497.0
488204.0
3662705.0
1389058.0
2558095.0
928728.0
3672290.0
2824071.0
3261574.0
1337733.0
0.0
105932.0
2686833.0
19280.0
1152839.0
2784482.0
2026623.0
717101.0
1192248.0
1769.0
3027449.0
3455767.0
869084.0
166570.0
2627227.0
3549359.0
0.0
127974.0
1031014.0
3584793.0
1622840.0
3665518.0
80904.0
11659.0
2375137.0
195731.0
1374784.0
0.0
300850.0
473752.0
1303656.0
3571236.0
1312081.0
0.0
1528099.0
543312.0
3265387.0
3680779.0
478688.0
244675.0
0.0
209743.0
21988.0
2779455.0
2588691.0
3588649.0
898905.0
2097782.0
146074.0
733888.0
2932208.0
0.0
1438006.0
721594.0
181639.0
2300062.0
3207490.0
452873.0
0.0
308063.0
0.0
1083639.0
1428725.0
2095758.0
248080.0
1987563.0
2722083.0
9309.0
1463776.0
3568477.0
3037087.0
3329224.0
156512.0
2065593.0
197048.0
283546.0
2202816.0
802541.0
16681.0
2468485.0
186425.0
2717678.0
1112807.0
0.0
1044639.0
3162187.0
204.0
0.0
0.0
0.0
0.0
2366953.0
53915.0
3600433.0
1975226.0
0.0
61011.0
0.0
2006355.0
655652.0
1844018.0
103590.0
7.0
2254956.0
92801.0
3432690.0
0.0
340.0
757533.0
410815.0
1162401.0
2235927.0
2741325.0
532403.0
16030.0
0.0
2794272.0
22384.0
258855.0
803527.0
833064.0
1125425.0
984845.0
3453403.0
512930.0
3145646.0
110535.0
1248776.0
0.0
1260438.0
0.0
0.0
2499498.0
460839.0
1725612.0
0.0
569523.0
457608.0
1229259.0
272170.0
536669.0
203516.0
0.0
135280.0
454463.0
637925.0
25197.0
1220616.0
922361.0
23616.0
0.0
0.0
465010.0
1076361.0
14833.0
2367526.0
0.0
696878.0
2895479.0
2575571.0
1980880.0
0.0
983449.0
2023407.0
2210486.0
391049.0
1051771.0
480499.0
186884.0
184630.0
140454.0
0.0
824713.0
0.0
1072867.0
0.0
3667628.0
30985.0
946539.0
536420.0
310654.0
38701.0
945417.0
3317343.0
0.0
40100.0
3104882.0
1255014.0
1074259.0
979411.0
3671571.0
3089684.0
826322.0
2683390.0
2725885.0
1104660.0
0.0
478943.0
121434.0
6536.0
77552.0
3279120.0
1419995.0
652075.0
592287.0
0.0
3437254.0
0.0
2637751.0
3496842.0
0.0
142088.0
0.0
373292.0
180791.0
225543.0
669086.0
3614223.0
0.0
1910882.0
0.0
1135223.0
1634708.0
3290727.0
3457365.0
26041.0
1873258.0
23912.0
1535475.0
1164927.0
0.0
3374716.0
2089081.0
0.0
44607.0
1082072.0
3384550.0
526681.0
415917.0
2283875.0
3669019.0
0.0
74.0
309568.0
