0.13142487062630948 0.5130449175657963 0.2907513040279355 1.107186717387135 0.0009148861055184466 -0.27796508819165383 1.6967658585285161 2.6812203008348705 2.0196952503529886
-0.29814766394560116 0.41525793306580694 0.5272096884573874 1.1522340023448376 0.15518508911205367 -0.5769095490902532 2.599932635197025 3.4351542527907797 3.1050423014546547
0.009549861780505904 0.1426640130248501 0.16268574437090705 0.3160788924544745 -0.044183867242032916 -0.004382458188214371 0.31873013264955985 0.63042279984186 0.5503380354516706
0.04896577320161831 0.43104025377971444 0.25854453807404293 0.869085354682844 0.038707006772264754 -0.20116647504058624 1.3758662304880436 2.1045930477362225 1.7987757915649225
-0.1275859732865548 0.11006570064812018 0.14322282552000165 0.30785274503869775 0.046878531694012 -0.06506166623124493 0.6528972518038866 0.8404957026882204 0.7854834482307937
-0.006307955912605876 0.3665110047390818 0.3331903961506834 0.7138254972728295 0.0819931653213995 -0.14351406785187665 1.2268500453894735 1.582123639310369 1.537726564185918
-0.0234082094541392 0.11771211531149414 0.132205476128266 0.16840540199245332 0.07570417165638749 -0.033452653358195354 0.1726096238278546 0.5328107811418973 0.287266897642606
-0.16540823599839358 0.04503515697722671 0.16466161324590978 0.336555391551714 0.05503093485666455 -0.3193327575448658 0.9860649440831369 1.1413609816599852 1.2055302370657932
-0.07949287527253175 0.04891340871147606 0.08269784673126504 0.1818994490482807 -0.07598405634765128 0.02024615536994969 0.4051888695431384 0.45203579442303987 0.35807748365460945
0.0014115948851001086 0.1661776645051681 0.0686050167198406 0.385930670581186 0.014340113130808957 -0.15682187159305117 0.5074472175426429 0.8069193963003761 0.7008039097448827
