479857.0
2747694.0
141260.0
676659.0
524837.0
3379719.0
2770055.0
37793.0
547503.0
0.0
1255199.0
803910.0
2471808.0
1159626.0
598886.0
3458672.0
352136.0
685333.0
1772117.0
0.0
897039.0
1491335.0
0.0
1295119.0
3141529.0
1203598.0
3455365.0
3155809.0
0.0
1105522.0
1111935.0
703712.0
3645691.0
481853.0
152583.0
50775.0
392123.0
2123911.0
1673379.0
1530439.0
1590466.0
2418600.0
447612.0
2424054.0
3551620.0
341301.0
313329.0
141846.0
243690.0
371976.0
3074713.0
2340293.0
1132476.0
2091041.0
54777.0
2597064.0
3447077.0
1712092.0
0.0
905771.0
1347320.0
219708.0
166736.0
53139.0
871721.0
0.0
726315.0
0.0
0.0
0.0
0.0
667712.0
44709.0
3657560.0
2170217.0
856861.0
1459235.0
33.0
107010.0
0.0
891819.0
4.0
297501.0
2141610.0
28593.0
1395838.0
927415.0
457082.0
0.0
1573273.0
3527819.0
0.0
36.0
1450814.0
0.0
2492180.0
1626039.0
702591.0
390338.0
1098494.0
148724.0
0.0
816245.0
1244922.0
0.0
1037750.0
559905.0
2143506.0
21282.0
0.0
332793.0
0.0
2215895.0
2216335.0
188431.0
0.0
3131960.0
716430.0
252496.0
0.0
0.0
0.0
910319.0
2287509.0
26759.0
1322759.0
108303.0
1211116.0
0.0
1750042.0
455156.0
49061.0
855717.0
1118453.0
2156703.0
2062624.0
1166291.0
112.0
32165.0
2084932.0
3639631.0
511977.0
3511830.0
2944977.0
1361685.0
311381.0
3372608.0
0.0
824235.0
0.0
1564954.0
661479.0
769053.0
1109555.0
1074815.0
1233772.0
794584.0
1167006.0
3500698.0
470949.0
141.0
60273.0
1808650.0
986257.0
2713238.0
532313.0
1428313.0
1375726.0
1073413.0
3435151.0
1029032.0
12625.0
3653169.0
2265707.0
727274.0
0.0
168244.0
3457647.0
1373139.0
0.0
138548.0
0.0
2445533.0
1954081.0
2768395.0
532234.0
190409.0
1418574.0
438086.0
2794575.0
6.0
1505318.0
372436.0
0.0
880694.0
0.0
20.0
1600956.0
418434.0
369503.0
44383.0
768655.0
215293.0
3276730.0
972037.0
1282560.0
494422.0
2049169.0
3610790.0
582210.0
3124252.0
918543.0
506996.0
1277094.0
1567349.0
800974.0
666147.0
78298.0
3277672.0
93386.0
224024.0
1416949.0
1735572.0
1668399.0
590948.0
581439.0
1634708.0
109501.0
642434.0
1283392.0
1753281.0
2637861.0
1724292.0
285521.0
0.0
993017.0
958136.0
3691067.0
0.0
69761.0
2664054.0
1519053.0
1678910.0
84.0
172003.0
3434828.0
1078146.0
1001868.0
0.0
74.0
3619732.0
97981.0
2311046.0
33753.0
678358.0
2209450.0
201039.0
3582519.0
0.0
0.0
193664.0
75808.0
183773.0
866949.0
944219.0
152634.0
1012999.0
54114.0
0.0
3114023.0
102228.0
452004.0
374902.0
3391556.0
1210461.0
1634708.0
3229356.0
3606957.0
1502161.0
0.0
870550.0
2599804.0
2221885.0
658589.0
457752.0
1027849.0
1009763.0
722635.0
368319.0
0.0
3602672.0
0.0
237499.0
241443.0
0.0
3182771.0
22736.0
891537.0
3656737.0
629275.0
0.0
933689.0
0.0
569150.0
3593356.0
867506.0
0.0
2724503.0
859661.0
2571544.0
2137.0
930124.0
1651436.0
49714.0
0.0
1509245.0
2793852.0
371734.0
501454.0
62023.0
75036.0
703911.0
1352497.0
0.0
0.0
167444.0
0.0
1144916.0
1573461.0
0.0
0.0
1210914.0
2237887.0
0.0
962773.0
532142.0
3620718.0
2567781.0
864895.0
0.0
0.0
2791933.0
716724.0
2944883.0
0.0
771951.0
3287827.0
445736.0
2044652.0
451010.0
0.0
2603758.0
3052678.0
906823.0
2647550.0
2150645.0
1669982.0
1087424.0
1305995.0
3534967.0
749056.0
3543082.0
1668012.0
2023223.0
2935653.0
807459.0
0.0
25.0
0.0
1634708.0
300453.0
0.0
198364.0
850034.0
723897.0
119161.0
2072129.0
203164.0
578261.0
2505228.0
3243005.0
3340766.0
2676355.0
853401.0
985073.0
2432349.0
403622.0
3611117.0
1991697.0
2206306.0
3666935.0
936781.0
865.0
729184.0
0.0
249986.0
2293450.0
3611893.0
153488.0
0.0
41.0
1105299.0
663679.0
665285.0
3445906.0
1428335.0
260902.0
3173071.0
8.0
1932172.0
0.0
1689153.0
73015.0
48038.0
1543415.0
1589971.0
3098890.0
1634708.0
803653.0
1733073.0
3076967.0
0.0
8.0
667053.0
478578.0
2474904.0
3368138.0
2735259.0
670923.0
1710960.0
8481.0
1062850.0
433669.0
3647860.0
0.0
1988458.0
2925284.0
3615230.0
1027978.0
642012.0
1485893.0
1652093.0
9670.0
379438.0
19790.0
511299.0
1263994.0
304645.0
208890.0
0.0
3242000.0
37775.0
0.0
1257855.0
3677319.0
682297.0
1586236.0
83071.0
3653012.0
222985.0
95768.0
57463.0
34922.0
1430156.0
2992834.0
1706474.0
0.0
222997.0
194742.0
278274.0
1282904.0
0.0
2236911.0
837807.0
1087343.0
91648.0
46335.0
3195.0
1490592.0
1766475.0
0.0
0.0
3079498.0
0.0
394009.0
2283904.0
3013485.0
1765385.0
3683702.0
2088716.0
0.0
226545.0
196824.0
2407952.0
3536038.0
133800.0
147378.0
1634708.0
2363713.0
1558530.0
1630304.0
2034383.0
1276761.0
0.0
3648588.0
973240.0
30185.0
982174.0
2902801.0
59297.0
595922.0
2859816.0
24650.0
0.0
906104.0
373028.0
2985307.0
3676947.0
3290.0
969324.0
2886901.0
3279355.0
3045853.0
0.0
68102.0
1484114.0
2232585.0
3655215.0
3433485.0
86228.0
0.0
3666872.0
870622.0
441420.0
722727.0
15118.0
335906.0
1102974.0
93385.0
206567.0
905945.0
0.0
1897016.0
0.0
3422217.0
1758744.0
27911.0
0.0
131618.0
0.0
879438.0
0.0
2205473.0
312616.0
2710738.0
1578818.0
2496380.0
80954.0
131205.0
0.0
2701449.0
0.0
3638598.0
404659.0
681067.0
0.0
2168661.0
46449.0
3068925.0
850239.0
96596.0
1052750.0
1125781.0
94103.0
1680168.0
528359.0
125465.0
0.0
920287.0
1634708.0
3616873.0
2547763.0
957846.0
1334774.0
341169.0
0.0
1305069.0
3360784.0
1528310.0
972091.0
2124489.0
0.0
2595276.0
255674.0
2301441.0
918191.0
665353.0
1064880.0
0.0
2308498.0
3476760.0
168094.0
640212.0
70352.0
232650.0
975019.0
2003788.0
980632.0
0.0
3399742.0
198011.0
0.0
2563365.0
815250.0
1139741.0
2379353.0
13531.0
1092755.0
169676.0
2214783.0
1748148.0
2174060.0
1562464.0
723377.0
3026370.0
0.0
51.0
2787940.0
0.0
2887110.0
3338323.0
62983.0
0.0
112769.0
911899.0
3143085.0
976812.0
3369439.0
0.0
0.0
3458422.0
0.0
204914.0
1371439.0
390356.0
0.0
950391.0
973035.0
1490762.0
75748.0
1523254.0
101376.0
1983496.0
0.0
1879877.0
0.0
3546111.0
2285243.0
2046199.0
0.0
813878.0
1388207.0
1503104.0
1656195.0
96144.0
2655.0
3514949.0
599145.0
1863923.0
143448.0
314194.0
2200967.0
1110633.0
3528315.0
1665766.0
2169710.0
2.0
328191.0
1274388.0
1011349.0
3545258.0
81.0
3488030.0
2319458.0
3680522.0
0.0
2284665.0
919462.0
674746.0
47983.0
2498060.0
1472548.0
0.0
107294.0
1118369.0
0.0
10.0
129787.0
760989.0
0.0
0.0
202.0
1634708.0
0.0
3136275.0
865339.0
93497.0
3428815.0
16564.0
53522.0
1132931.0
0.0
1115800.0
39606.0
136004.0
179803.0
3495760.0
899691.0
687840.0
311003.0
0.0
2399023.0
1122684.0
0.0
444418.0
826232.0
105937.0
483047.0
3404221.0
0.0
1097698.0
0.0
1418700.0
927527.0
0.0
0.0
65.0
0.0
304048.0
3506553.0
289793.0
3285646.0
1609866.0
3292629.0
0.0
910904.0
3329567.0
23407.0
1634708.0
1364198.0
573857.0
0.0
1325720.0
1051812.0
298199.0
38853.0
57165.0
3292784.0
3477875.0
129534.0
29643.0
228883.0
1587361.0
932193.0
1200993.0
3611743.0
919937.0
3402729.0
80.0
215358.0
0.0
3079254.0
1699080.0
0.0
0.0
120433.0
0.0
1145726.0
0.0
525271.0
2404529.0
2813576.0
0.0
266253.0
0.0
755705.0
0.0
92641.0
178501.0
2932691.0
454249.0
2538491.0
0.0
0.0
3507335.0
2904159.0
674426.0
2738663.0
2123105.0
3651598.0
0.0
3228831.0
177524.0
2899130.0
1429841.0
809928.0
296980.0
1122129.0
548836.0
580069.0
3520355.0
2786904.0
408080.0
78602.0
0.0
902170.0
1900788.0
0.0
622567.0
1753181.0
434282.0
0.0
1986456.0
2814991.0
143838.0
1171182.0
245406.0
413529.0
3046273.0
2426109.0
0.0
3690501.0
220653.0
3657654.0
0.0
2996505.0
0.0
1120042.0
0.0
538620.0
2712190.0
196092.0
2366477.0
947787.0
487428.0
1106571.0
0.0
0.0
1213032.0
3101860.0
168302.0
2705489.0
1157330.0
1000831.0
302578.0
1551071.0
1697846.0
448721.0
352322.0
0.0
3327272.0
0.0
66178.0
120208.0
24257.0
1907250.0
528999.0
2228036.0
1129114.0
1626553.0
1392599.0
3102260.0
183604.0
79033.0
3650873.0
644971.0
2398035.0
2749501.0
149124.0
1848636.0
639073.0
208932.0
2775688.0
44968.0
569977.0
91.0
1967350.0
2714613.0
132129.0
1747690.0
771037.0
61.0
1385738.0
202610.0
65854.0
0.0
1645370.0
1630396.0
13820.0
2726817.0
830121.0
1156632.0
0.0
147248.0
2213220.0
0.0
1353515.0
1286020.0
399080.0
0.0
504773.0
1994857.0
1159253.0
1329513.0
11695.0
980147.0
3666628.0
0.0
2144363.0
3409566.0
3557410.0
823640.0
3467536.0
1997035.0
0.0
204055.0
1153293.0
1047471.0
3637553.0
431300.0
1634708.0
353657.0
0.0
687805.0
1605437.0
2799428.0
2848378.0
740469.0
0.0
288948.0
1062297.0
144956.0
0.0
0.0
1368090.0
821033.0
1534447.0
208043.0
175330.0
1254498.0
2641327.0
1286666.0
0.0
1790706.0
3683132.0
1112824.0
1535297.0
3378937.0
3101153.0
2205888.0
1159892.0
1526254.0
1116032.0
2572525.0
3322403.0
924963.0
2000429.0
1271631.0
622173.0
724890.0
1173143.0
149385.0
228595.0
1471045.0
2716236.0
1099528.0
1400570.0
1853609.0
3213255.0
177421.0
1340941.0
0.0
0.0
436688.0
1006095.0
0.0
917734.0
3407401.0
48299.0
926070.0
2933845.0
1016405.0
372944.0
2367896.0
2701580.0
2478312.0
2840146.0
2367428.0
2131170.0
0.0
3415145.0
59777.0
26227.0
117911.0
1113347.0
1489383.0
364874.0
1057414.0
0.0
2203177.0
2571802.0
469528.0
1751681.0
1634708.0
3297554.0
195170.0
413188.0
425144.0
2777753.0
2401064.0
792740.0
0.0
2399261.0
1767870.0
0.0
2771191.0
0.0
597934.0
1986204.0
0.0
67291.0
753496.0
3226744.0
2508574.0
775166.0
0.0
3544284.0
666710.0
2725964.0
1367486.0
0.0
772361.0
223704.0
1069472.0
1.0
0.0
1282589.0
673721.0
3430299.0
518415.0
2019566.0
957028.0
1274086.0
422135.0
2095366.0
738008.0
0.0
1634708.0
125934.0
2914127.0
0.0
0.0
1044552.0
307297.0
1000851.0
3627609.0
1103044.0
2702403.0
3397750.0
753885.0
0.0
1517847.0
1133976.0
1395048.0
2202762.0
229131.0
1784708.0
80181.0
3334792.0
317943.0
1815753.0
2519269.0
2389386.0
234403.0
894873.0
485809.0
1155969.0
14731.0
621887.0
1123765.0
0.0
0.0
751553.0
2722396.0
1554525.0
3173902.0
1197074.0
0.0
1888.0
170421.0
2850183.0
2329254.0
1181695.0
3651872.0
40894.0
1502167.0
23831.0
1559216.0
1634708.0
1517028.0
1769110.0
636737.0
1703497.0
3597797.0
1672356.0
1605227.0
3620093.0
1552710.0
195536.0
0.0
2783516.0
240451.0
0.0
129681.0
1931558.0
0.0
1678225.0
3604462.0
0.0
2174876.0
717105.0
51352.0
0.0
497820.0
790727.0
220286.0
0.0
2166575.0
0.0
0.0
1413973.0
1034604.0
0.0
680277.0
348222.0
916378.0
3452113.0
2488786.0
76624.0
9.0
1059069.0
994604.0
104595.0
74347.0
752984.0
121177.0
1520077.0
46526.0
3614188.0
1269486.0
2918906.0
0.0
3651529.0
114408.0
1497896.0
404246.0
2466847.0
0.0
1546797.0
381114.0
6281.0
1851868.0
1399590.0
911663.0
3175309.0
1218326.0
14254.0
0.0
1914130.0
1955798.0
1947754.0
0.0
2605848.0
766128.0
216654.0
0.0
894627.0
3237297.0
2665694.0
500556.0
700178.0
0.0
0.0
1237238.0
3598913.0
235348.0
467949.0
398459.0
0.0
2761184.0
628265.0
0.0
302.0
165512.0
339063.0
87971.0
1293690.0
294497.0
266612.0
0.0
3607690.0
770899.0
751664.0
1723636.0
61478.0
9287.0
1671189.0
3151574.0
3519159.0
30957.0
738201.0
651395.0
0.0
248781.0
2703910.0
98884.0
2520323.0
228769.0
74236.0
3211667.0
3573940.0
3482821.0
556583.0
533527.0
1668623.0
221264.0
1366952.0
781021.0
3549369.0
479391.0
870197.0
3635644.0
991656.0
0.0
2005054.0
29651.0
3490380.0
971518.0
0.0
588979.0
1003835.0
767688.0
189204.0
728834.0
782792.0
2726686.0
977513.0
499248.0
0.0
329218.0
3158321.0
3506056.0
3471939.0
3245584.0
12442.0
157454.0
3397367.0
95279.0
513620.0
3604384.0
190512.0
133226.0
1536024.0
2590600.0
1656808.0
0.0
3487482.0
465126.0
0.0
81513.0
51960.0
953175.0
2216511.0
1066344.0
859753.0
890254.0
988358.0
1486499.0
0.0
1226300.0
0.0
140223.0
1009074.0
217426.0
181502.0
0.0
3676104.0
1982551.0
0.0
2441141.0
0.0
0.0
176101.0
3565765.0
1329996.0
0.0
1702509.0
1213258.0
2347796.0
42149.0
822285.0
0.0
440848.0
630130.0
57368.0
74432.0
0.0
2049374.0
1471278.0
4076.0
1149290.0
486679.0
1026951.0
2556295.0
1537421.0
2728618.0
910.0
0.0
630334.0
1228088.0
1501902.0
3268329.0
93503.0
1591283.0
2649904.0
164348.0
6302.0
2853445.0
0.0
1059833.0
796288.0
0.0
85.0
14320.0
3017606.0
0.0
412064.0
3364907.0
0.0
0.0
1619877.0
581621.0
2103221.0
31935.0
2739002.0
229923.0
1168675.0
0.0
1346126.0
0.0
450815.0
0.0
0.0
3661844.0
2917751.0
108829.0
4568.0
97535.0
1199994.0
206849.0
0.0
2253228.0
0.0
0.0
2409977.0
0.0
0.0
3547084.0
2931792.0
555904.0
804486.0
2940448.0
0.0
868401.0
0.0
1580672.0
97041.0
0.0
262307.0
3036702.0
1874912.0
1642455.0
2698063.0
843850.0
0.0
467215.0
0.0
603288.0
2285482.0
3406855.0
702085.0
139436.0
261171.0
0.0
1270689.0
5470.0
2513916.0
0.0
3572535.0
126957.0
553864.0
1236645.0
1395467.0
78932.0
28041.0
87163.0
2560162.0
3223365.0
64075.0
480317.0
2300378.0
8.0
3380433.0
51942.0
1408963.0
1709859.0
1403589.0
3318483.0
18627.0
1009783.0
228717.0
136768.0
31912.0
1033153.0
2207917.0
0.0
0.0
914280.0
1259577.0
3587648.0
12.0
574496.0
335093.0
188605.0
3665678.0
28431.0
0.0
42839.0
2993742.0
262719.0
2788373.0
721666.0
0.0
1117276.0
127874.0
1200636.0
1854294.0
18415.0
365717.0
3650346.0
820770.0
0.0
2757780.0
443854.0
1750548.0
724669.0
3511087.0
1198836.0
686486.0
1206137.0
124396.0
0.0
20235.0
0.0
0.0
2378081.0
2984.0
92775.0
3031849.0
1758489.0
2093934.0
21657.0
1882151.0
191209.0
2916618.0
1258862.0
0.0
2477688.0
1106762.0
1042953.0
0.0
1848705.0
1005102.0
146307.0
2743194.0
1180804.0
0.0
3430816.0
230619.0
481807.0
73790.0
0.0
3476549.0
82296.0
2533231.0
2967908.0
406544.0
2.0
708697.0
1096936.0
1973094.0
0.0
3656060.0
42434.0
1211815.0
1006449.0
0.0
286087.0
2093921.0
149507.0
0.0
0.0
231330.0
1024238.0
191485.0
42352.0
1979437.0
704342.0
4465.0
154870.0
2592988.0
2602522.0
188646.0
2272184.0
1390667.0
145549.0
3493786.0
1513257.0
2836936.0
2534197.0
187633.0
544844.0
261612.0
1330635.0
2576816.0
553980.0
0.0
2038666.0
77598.0
2595632.0
2052486.0
159902.0
762720.0
1016461.0
12.0
0.0
2395825.0
3224067.0
0.0
1712259.0
723436.0
268318.0
545465.0
2898951.0
855412.0
2141128.0
0.0
0.0
2520372.0
615930.0
2585481.0
599264.0
0.0
4488.0
652088.0
687350.0
1731291.0
0.0
557587.0
0.0
363771.0
97.0
556774.0
585531.0
1094015.0
0.0
0.0
2300486.0
2701417.0
2779496.0
13172.0
0.0
3614924.0
219209.0
1648463.0
0.0
0.0
1620464.0
1831774.0
3577318.0
0.0
0.0
816679.0
0.0
147061.0
0.0
3533548.0
0.0
3496965.0
1192503.0
1339840.0
2614004.0
0.0
0.0
1762798.0
0.0
229481.0
189940.0
615589.0
215856.0
162289.0
0.0
0.0
363700.0
365051.0
348778.0
462454.0
880552.0
221604.0
0.0
112920.0
131818.0
2179157.0
328367.0
294768.0
0.0
789502.0
1880288.0
980515.0
2179771.0
1082041.0
304425.0
0.0
429124.0
3196216.0
3566401.0
420327.0
1799495.0
598068.0
93353.0
350541.0
73888.0
671227.0
2089553.0
3455289.0
1611169.0
138306.0
320620.0
273835.0
3233266.0
0.0
1122678.0
1310889.0
132672.0
14571.0
222325.0
123970.0
1427418.0
1590887.0
45085.0
183214.0
983347.0
266776.0
757378.0
130514.0
1131327.0
481996.0
87588.0
0.0
1453837.0
329934.0
164444.0
110271.0
293372.0
2686738.0
2309717.0
0.0
0.0
2932345.0
1162303.0
1029171.0
3676496.0
347781.0
2528661.0
906491.0
647803.0
2294645.0
1861173.0
929083.0
0.0
164582.0
247426.0
0.0
78177.0
0.0
1345737.0
0.0
0.0
1338735.0
0.0
743415.0
899418.0
2822776.0
304029.0
740655.0
3083148.0
70.0
1211852.0
0.0
0.0
2411092.0
1377904.0
1765259.0
317394.0
3538595.0
3655721.0
3570233.0
2879285.0
3136540.0
177398.0
830059.0
2070179.0
85915.0
0.0
3409047.0
3644067.0
1455456.0
1704518.0
9048.0
1277407.0
10884.0
9256.0
329493.0
3304031.0
6387.0
122728.0
123028.0
1295525.0
2600175.0
2745192.0
884132.0
0.0
18552.0
7876.0
2244175.0
582717.0
2261265.0
1612120.0
3622932.0
0.0
3600468.0
30434.0
3446432.0
2711867.0
1405762.0
82354.0
2773840.0
1892302.0
717418.0
521661.0
1025422.0
2632238.0
3602695.0
67945.0
66252.0
0.0
3614681.0
1412081.0
154573.0
83423.0
1957851.0
549557.0
1897723.0
0.0
0.0
9769.0
530822.0
0.0
0.0
1405558.0
77200.0
3494811.0
918461.0
0.0
1542300.0
46834.0
2244084.0
369839.0
654621.0
380975.0
953570.0
3432088.0
0.0
0.0
523621.0
2985650.0
802866.0
2012673.0
1726514.0
250914.0
1620822.0
806235.0
3594486.0
0.0
2335823.0
1176239.0
987270.0
88.0
2219433.0
3581508.0
2314793.0
378295.0
0.0
0.0
1221882.0
1517844.0
485852.0
0.0
149449.0
701106.0
0.0
1584802.0
0.0
2235515.0
0.0
670015.0
2708541.0
0.0
3136623.0
0.0
268427.0
589919.0
2483105.0
0.0
260805.0
79978.0
374806.0
0.0
0.0
28558.0
1188648.0
2849882.0
0.0
51629.0
2469863.0
175733.0
96750.0
2958413.0
0.0
244596.0
2333719.0
199704.0
569080.0
3224492.0
858076.0
1397471.0
462753.0
1101060.0
1144305.0
416082.0
240411.0
2884398.0
752078.0
55579.0
358917.0
1779270.0
65.0
289298.0
3078888.0
0.0
438681.0
1406588.0
457260.0
2396692.0
1413174.0
1384252.0
945116.0
283733.0
21159.0
2607587.0
281153.0
3227799.0
29579.0
15577.0
874373.0
236749.0
37172.0
137117.0
870550.0
13797.0
1159586.0
3630675.0
0.0
1595222.0
67475.0
1128621.0
0.0
2399864.0
102167.0
466840.0
1246220.0
3686781.0
279467.0
1277401.0
6548.0
0.0
2695412.0
0.0
378064.0
3633343.0
0.0
0.0
554509.0
3658624.0
109740.0
202627.0
1997113.0
703381.0
53377.0
1001560.0
1551.0
188930.0
2108731.0
450665.0
43436.0
0.0
254027.0
3638510.0
0.0
1415692.0
252289.0
241149.0
2237743.0
894941.0
3163386.0
297157.0
0.0
1981067.0
2248062.0
106483.0
3102323.0
346329.0
443701.0
2995564.0
3586918.0
920953.0
0.0
3651452.0
238749.0
660612.0
1634708.0
93189.0
843295.0
2402683.0
103836.0
3554624.0
2881255.0
100899.0
0.0
2639339.0
2428891.0
3390552.0
1577657.0
0.0
350743.0
227794.0
0.0
546418.0
59.0
193266.0
1372655.0
178542.0
3641248.0
0.0
730186.0
1038865.0
2050340.0
94923.0
0.0
347996.0
2340899.0
0.0
360206.0
2479571.0
0.0
0.0
3146775.0
53453.0
407200.0
2949004.0
630579.0
175830.0
2697135.0
0.0
3352205.0
3074502.0
1020182.0
0.0
805544.0
1803917.0
140100.0
1361285.0
1515125.0
307467.0
1299302.0
1863358.0
381094.0
460800.0
3504146.0
2434186.0
1639547.0
0.0
112692.0
0.0
2478159.0
17352.0
133630.0
1110633.0
212251.0
272671.0
3641903.0
1592441.0
1225565.0
809324.0
1201835.0
3419722.0
86251.0
150702.0
2453037.0
1833348.0
2292589.0
1634199.0
2213848.0
1527128.0
200756.0
936440.0
1027181.0
3405426.0
553954.0
1828.0
0.0
2715994.0
0.0
0.0
0.0
1065476.0
126086.0
968123.0
339681.0
3628463.0
3123378.0
13186.0
3688601.0
3034722.0
1139905.0
72554.0
0.0
2611969.0
0.0
131559.0
538921.0
1600263.0
461659.0
2414264.0
0.0
1998952.0
814187.0
527356.0
183787.0
2799243.0
315868.0
14026.0
0.0
2598529.0
1792291.0
123961.0
1010391.0
566780.0
21441.0
2072757.0
0.0
1025465.0
966330.0
307654.0
2214315.0
317941.0
0.0
1877604.0
1920551.0
0.0
1908122.0
3224955.0
1750607.0
2344421.0
0.0
2581922.0
207397.0
1374480.0
801060.0
0.0
1613680.0
2557743.0
17.0
2935.0
3659805.0
0.0
34262.0
1709326.0
1273536.0
93868.0
0.0
1488816.0
320720.0
2577598.0
38532.0
0.0
1357054.0
1623292.0
1651344.0
0.0
1131801.0
0.0
892743.0
59417.0
0.0
0.0
0.0
3463795.0
10486.0
403166.0
419112.0
220651.0
1676629.0
3518240.0
0.0
3244.0
2570971.0
334426.0
161583.0
3583448.0
2802534.0
124106.0
0.0
1413437.0
2642951.0
1989765.0
1026391.0
494689.0
2771522.0
1674544.0
3609598.0
2459372.0
0.0
235204.0
602724.0
1866768.0
3406525.0
1203911.0
723410.0
686489.0
2218129.0
9912.0
3099435.0
2562324.0
2121381.0
947127.0
0.0
0.0
742768.0
601974.0
3562217.0
3379476.0
0.0
2656612.0
93853.0
1195376.0
1330041.0
738872.0
2643582.0
2747751.0
1062649.0
0.0
153582.0
3230974.0
2717625.0
90717.0
0.0
2106664.0
271765.0
0.0
169352.0
0.0
1198641.0
147917.0
1208809.0
3620790.0
0.0
0.0
1231225.0
395.0
564764.0
459124.0
1061200.0
3279345.0
764623.0
1077390.0
1926741.0
34.0
222517.0
1253824.0
2354984.0
0.0
84291.0
234613.0
207689.0
2291023.0
0.0
3283012.0
124907.0
0.0
0.0
2799826.0
0.0
2371070.0
347347.0
1717394.0
437196.0
48391.0
0.0
578027.0
937206.0
0.0
866752.0
1173653.0
0.0
252457.0
1407637.0
3406026.0
297504.0
3568630.0
4.0
297756.0
3046551.0
0.0
604651.0
3079483.0
0.0
524124.0
376704.0
979374.0
0.0
1783587.0
1454341.0
39009.0
8980.0
3688627.0
38.0
0.0
8570.0
0.0
100139.0
1634708.0
0.0
3566191.0
1779787.0
3608442.0
0.0
1575380.0
2567440.0
63552.0
3632576.0
1244239.0
32290.0
2632140.0
2840908.0
3271076.0
491260.0
952221.0
28058.0
2294665.0
79805.0
2362018.0
1329130.0
251056.0
93206.0
1547356.0
2718334.0
0.0
0.0
409259.0
333472.0
768971.0
0.0
0.0
0.0
0.0
342426.0
406491.0
41875.0
0.0
11981.0
586812.0
1745789.0
0.0
1956831.0
910983.0
1409114.0
0.0
3125726.0
1141426.0
230906.0
644748.0
992803.0
205530.0
199158.0
928937.0
3253671.0
1105609.0
852186.0
249570.0
1844249.0
804508.0
0.0
0.0
3112150.0
0.0
2637738.0
2356652.0
0.0
0.0
0.0
0.0
1373148.0
3403061.0
978805.0
551983.0
158152.0
75.0
10560.0
468350.0
868464.0
0.0
291868.0
0.0
8300.0
0.0
32916.0
2153210.0
0.0
859527.0
2796283.0
424233.0
586294.0
0.0
1049015.0
48603.0
90514.0
0.0
2473456.0
924391.0
0.0
357860.0
974269.0
36071.0
1975684.0
856926.0
2330915.0
1139194.0
0.0
309963.0
2178183.0
3640803.0
3287783.0
3665167.0
339770.0
1538023.0
0.0
3266010.0
288736.0
0.0
1065970.0
420843.0
0.0
448372.0
7.0
0.0
2625899.0
1304789.0
3606317.0
0.0
861279.0
9.0
392648.0
94961.0
2014316.0
263464.0
0.0
2430214.0
19916.0
0.0
0.0
2565166.0
2127345.0
0.0
1013644.0
7674.0
64997.0
194844.0
222517.0
55284.0
220111.0
2744794.0
1988944.0
1321785.0
0.0
1667852.0
248455.0
250770.0
1095105.0
768425.0
189242.0
2764439.0
0.0
1466887.0
202.0
736852.0
0.0
43186.0
384994.0
0.0
3579681.0
65.0
251368.0
3616048.0
3674476.0
0.0
110777.0
6854.0
135500.0
394301.0
195952.0
3001415.0
65613.0
2972442.0
334218.0
1536289.0
1040984.0
0.0
3000467.0
152329.0
123749.0
7.0
0.0
23756.0
2118447.0
2292575.0
762172.0
3559171.0
19796.0
0.0
2800750.0
146495.0
2738619.0
12317.0
1332140.0
767866.0
479302.0
0.0
36745.0
1249942.0
3018304.0
803411.0
0.0
195738.0
2.0
362063.0
727874.0
712541.0
1149578.0
0.0
122257.0
705531.0
1033182.0
1101116.0
0.0
3226487.0
0.0
169726.0
723437.0
47480.0
640482.0
0.0
819737.0
3668204.0
1559816.0
217647.0
105682.0
1634708.0
0.0
148317.0
927673.0
4149.0
1840851.0
842357.0
2387762.0
1189171.0
32643.0
2769121.0
2448249.0
0.0
85494.0
83800.0
1697276.0
473321.0
347725.0
2045347.0
3252883.0
3217797.0
0.0
2014407.0
942097.0
0.0
26870.0
0.0
2477604.0
2713194.0
0.0
2917718.0
0.0
2593905.0
682027.0
1924586.0
40843.0
42851.0
1251040.0
732002.0
93338.0
3600168.0
373029.0
3620797.0
428129.0
3672945.0
2024388.0
1185110.0
8981.0
1737832.0
941287.0
1107218.0
732551.0
0.0
2708302.0
1167379.0
3679540.0
0.0
0.0
0.0
6608.0
732854.0
325513.0
2407883.0
203533.0
68529.0
390219.0
187775.0
3015958.0
1164780.0
3660645.0
3226251.0
3679409.0
358366.0
1411980.0
3134784.0
1244562.0
40200.0
162273.0
1984134.0
740389.0
0.0
1203663.0
91245.0
0.0
612618.0
1980877.0
1239731.0
3031400.0
539627.0
3376325.0
87732.0
0.0
3427845.0
20.0
1414258.0
1381519.0
3630740.0
0.0
2491575.0
2629478.0
605552.0
96537.0
0.0
2031959.0
2543026.0
3049784.0
1479972.0
708107.0
1244995.0
86793.0
3223468.0
216757.0
114187.0
0.0
1492256.0
2334407.0
3686200.0
3048735.0
0.0
1277235.0
925046.0
759286.0
1012403.0
739143.0
0.0
0.0
12.0
748060.0
3439657.0
104301.0
412063.0
3648266.0
1407723.0
0.0
111291.0
2346239.0
840020.0
2428058.0
1239797.0
617666.0
1634708.0
10977.0
0.0
305791.0
854480.0
91853.0
254446.0
0.0
1958800.0
922662.0
878370.0
545903.0
0.0
415056.0
3252.0
2822708.0
1023024.0
3029.0
918586.0
1404334.0
3135309.0
1966154.0
27281.0
384325.0
73.0
3487235.0
0.0
1077889.0
1109867.0
97434.0
36370.0
3347409.0
1419058.0
2533995.0
2971033.0
2192453.0
866736.0
0.0
273333.0
2444819.0
907353.0
77113.0
984039.0
1458379.0
169725.0
299210.0
0.0
1634708.0
1113094.0
349189.0
201.0
2666239.0
2761072.0
2569343.0
0.0
3566321.0
2014311.0
767440.0
2078553.0
1719602.0
1523969.0
956102.0
3452049.0
31208.0
2696889.0
1616366.0
2863273.0
346539.0
1259684.0
1736644.0
0.0
2137815.0
1193177.0
0.0
2554623.0
1974688.0
1371527.0
3526685.0
536131.0
445970.0
335594.0
304898.0
0.0
829288.0
3622169.0
624465.0
1740337.0
261340.0
0.0
2429985.0
1784983.0
32857.0
2701296.0
3575368.0
413083.0
1818482.0
155524.0
1303251.0
2465324.0
862047.0
915933.0
2798239.0
1055563.0
1953442.0
1203394.0
0.0
606348.0
1472185.0
37405.0
0.0
270346.0
2870492.0
3275779.0
635996.0
7.0
0.0
244151.0
2272600.0
5.0
1636561.0
214171.0
130952.0
0.0
0.0
1970863.0
1459544.0
1804065.0
938179.0
2587352.0
287215.0
1112954.0
3495470.0
1190712.0
1037998.0
1334127.0
307333.0
549545.0
529716.0
11456.0
7833.0
0.0
1133033.0
1502730.0
89994.0
3578088.0
0.0
429954.0
986673.0
337876.0
3513580.0
1115045.0
441236.0
2258197.0
0.0
20.0
2683312.0
148895.0
112317.0
1000454.0
3589616.0
0.0
865755.0
162022.0
72402.0
385717.0
958471.0
179981.0
0.0
15795.0
177986.0
1697262.0
3624960.0
519617.0
2079280.0
1187128.0
134350.0
195156.0
3479413.0
0.0
1756297.0
39215.0
2205444.0
608104.0
555430.0
150294.0
3644881.0
461016.0
2336110.0
3116440.0
190197.0
21141.0
965373.0
603965.0
2071657.0
2123044.0
376131.0
3088261.0
0.0
70648.0
2019392.0
76547.0
3001817.0
523166.0
3133067.0
510631.0
0.0
0.0
204891.0
387778.0
1006735.0
1935361.0
3509062.0
91972.0
1415288.0
105357.0
3148927.0
49956.0
2736514.0
1828802.0
0.0
89987.0
1429011.0
13.0
0.0
1234308.0
326784.0
3159946.0
1571855.0
2059529.0
45677.0
618613.0
1896553.0
93359.0
3594484.0
866031.0
1094987.0
120.0
14004.0
2198.0
33.0
685575.0
0.0
2641726.0
980889.0
653272.0
136289.0
2126267.0
3337814.0
2708603.0
2248459.0
3327847.0
2232270.0
168627.0
15852.0
2173296.0
477419.0
0.0
891239.0
0.0
321521.0
1100222.0
761210.0
4489.0
102107.0
1914961.0
3686216.0
0.0
3470878.0
245837.0
0.0
182978.0
2470181.0
1752335.0
2691916.0
0.0
3407115.0
2919961.0
2110270.0
0.0
956222.0
0.0
1205221.0
2329274.0
2936418.0
1574023.0
2459301.0
0.0
2967236.0
1226355.0
0.0
1409150.0
0.0
656644.0
3494241.0
616698.0
3682124.0
12454.0
0.0
24295.0
3092516.0
0.0
2680411.0
1355229.0
158384.0
3663704.0
2299232.0
277821.0
916375.0
3602311.0
99675.0
74821.0
3317563.0
3001506.0
530438.0
272348.0
1414351.0
1165186.0
2242352.0
1.0
0.0
70810.0
1245228.0
2848648.0
1173844.0
0.0
0.0
497516.0
791881.0
781891.0
2715049.0
0.0
2343403.0
1805007.0
0.0
2997865.0
1822814.0
1214857.0
62995.0
624085.0
992347.0
1082764.0
2625389.0
0.0
258817.0
101986.0
1675007.0
29850.0
237004.0
3578915.0
651964.0
1143452.0
0.0
2223079.0
3222760.0
2461709.0
0.0
42852.0
1507615.0
391797.0
897289.0
2474436.0
560724.0
719633.0
0.0
3119224.0
0.0
94435.0
20192.0
0.0
1343440.0
955057.0
7524.0
1418874.0
744396.0
951157.0
2629268.0
2299580.0
0.0
2052909.0
2339874.0
2257150.0
25569.0
0.0
2524935.0
2555351.0
2488759.0
1272165.0
0.0
1142367.0
2765208.0
67513.0
697333.0
1092685.0
2337098.0
2255710.0
478417.0
131593.0
1480915.0
7813.0
2460107.0
511929.0
450240.0
1281736.0
2034715.0
133052.0
3545345.0
2663937.0
272087.0
1282795.0
202843.0
2576053.0
1427516.0
542069.0
1764307.0
2457912.0
424029.0
2532591.0
3539786.0
0.0
73376.0
917156.0
3265870.0
0.0
1134354.0
564071.0
8764.0
13967.0
726959.0
285488.0
1007813.0
1007565.0
2510963.0
8433.0
1281137.0
0.0
39818.0
5114.0
3064971.0
2810235.0
316286.0
1650278.0
12.0
2518169.0
0.0
193689.0
502525.0
2832249.0
1137870.0
565483.0
0.0
126136.0
1463628.0
1877017.0
536644.0
1169771.0
0.0
3052164.0
30046.0
135.0
124720.0
182118.0
0.0
541449.0
640514.0
1096129.0
521436.0
2291930.0
10.0
753629.0
612926.0
2474091.0
508725.0
80835.0
56290.0
0.0
0.0
1980027.0
0.0
77685.0
170186.0
209018.0
127530.0
2116872.0
55570.0
149475.0
3047359.0
499441.0
2723918.0
2987.0
2324346.0
0.0
0.0
3246520.0
3211667.0
2755313.0
387422.0
1461639.0
3227324.0
25172.0
0.0
364552.0
420738.0
0.0
1265017.0
0.0
234671.0
0.0
3675617.0
167808.0
877201.0
973121.0
371570.0
0.0
3619285.0
1919134.0
1829232.0
0.0
80082.0
3121547.0
2013684.0
334398.0
2537847.0
764141.0
1114800.0
0.0
0.0
95756.0
491072.0
0.0
2170509.0
0.0
0.0
0.0
2267630.0
1816915.0
1579622.0
3544134.0
295.0
747617.0
0.0
2157139.0
1018698.0
658041.0
94166.0
731490.0
31.0
514827.0
927433.0
3401726.0
76314.0
3664421.0
2668596.0
0.0
1155466.0
0.0
2327757.0
3638749.0
0.0
0.0
955531.0
3218172.0
68.0
2185632.0
0.0
386457.0
1248999.0
174061.0
668976.0
1920260.0
658208.0
439710.0
3506075.0
468233.0
2816861.0
253277.0
592336.0
25830.0
574416.0
186218.0
212656.0
1079844.0
1849959.0
411403.0
175121.0
1365812.0
781319.0
258549.0
1385024.0
66131.0
2444687.0
485830.0
258605.0
0.0
1456577.0
190391.0
0.0
613622.0
3025685.0
79055.0
214921.0
3354420.0
2302220.0
1954441.0
161955.0
194017.0
0.0
1828911.0
524368.0
1870729.0
1559816.0
553070.0
418514.0
2546932.0
318611.0
353481.0
247199.0
0.0
131409.0
2606650.0
3175283.0
510888.0
629250.0
2043819.0
0.0
0.0
242103.0
0.0
0.0
0.0
2098374.0
0.0
1527599.0
3620118.0
1070983.0
2.0
2398614.0
467990.0
2613501.0
1419955.0
3502143.0
157795.0
2536147.0
9677.0
2991027.0
0.0
2695019.0
973590.0
0.0
0.0
0.0
2643156.0
1117618.0
905027.0
449803.0
71.0
104087.0
273104.0
3316079.0
116416.0
720822.0
110627.0
2710722.0
2491413.0
3570325.0
1187687.0
137955.0
1640050.0
821641.0
1728857.0
377842.0
1410774.0
0.0
1078932.0
3516739.0
3578724.0
176967.0
2006013.0
51696.0
3586159.0
2125978.0
612198.0
1242592.0
0.0
23816.0
3037617.0
3059567.0
2489175.0
324146.0
13016.0
0.0
0.0
2752715.0
403160.0
256384.0
0.0
0.0
1342506.0
9571.0
132743.0
0.0
63491.0
218032.0
714451.0
0.0
1863036.0
1867677.0
2339440.0
3652467.0
0.0
683243.0
1317104.0
1165203.0
511239.0
253711.0
85.0
1915273.0
2857230.0
568414.0
2527092.0
43034.0
434570.0
207792.0
0.0
257840.0
0.0
337147.0
1997764.0
1448672.0
368412.0
957516.0
2898415.0
0.0
3470389.0
3520579.0
690868.0
3496556.0
312613.0
720357.0
1225729.0
502400.0
199251.0
1456342.0
1912528.0
2357806.0
678758.0
356234.0
0.0
121291.0
2521091.0
1407858.0
191588.0
814748.0
0.0
2111880.0
0.0
1440273.0
3635463.0
486969.0
213506.0
3061190.0
2652883.0
2308622.0
174143.0
0.0
0.0
1634708.0
561315.0
3479858.0
2726401.0
631227.0
67606.0
1267959.0
18314.0
0.0
11839.0
1134252.0
632236.0
650134.0
359564.0
661194.0
170330.0
275.0
0.0
417539.0
3534774.0
3065064.0
17589.0
618210.0
2439627.0
1415493.0
1062432.0
606968.0
502883.0
3591771.0
3654946.0
3626935.0
0.0
1726684.0
1180838.0
1425013.0
1419358.0
2593429.0
18142.0
0.0
3442168.0
225030.0
1778311.0
765959.0
2765991.0
7.0
320974.0
1837366.0
1407527.0
439960.0
1179719.0
954419.0
3296358.0
186164.0
1067169.0
2084704.0
382008.0
281148.0
3401880.0
446389.0
0.0
1865623.0
64.0
2.0
1975600.0
0.0
872147.0
1267738.0
0.0
2082847.0
994434.0
3010817.0
0.0
1208344.0
85944.0
98681.0
86422.0
982657.0
3198422.0
1366232.0
2213457.0
846690.0
3613880.0
240190.0
3319532.0
0.0
2729832.0
132772.0
69253.0
1891906.0
3643081.0
9854.0
3575093.0
656434.0
1484532.0
561727.0
1146192.0
3562512.0
364663.0
0.0
95731.0
347491.0
2740794.0
2642185.0
1565086.0
347911.0
814211.0
364400.0
3458889.0
986063.0
1610345.0
55083.0
0.0
217662.0
2915796.0
27948.0
566637.0
2024281.0
3649562.0
332503.0
2502252.0
0.0
3644178.0
1946436.0
1360899.0
1512021.0
422757.0
2000048.0
205097.0
3445552.0
0.0
3302711.0
0.0
2741566.0
2300092.0
2905595.0
3674811.0
340347.0
3113704.0
8891.0
951183.0
3281205.0
32106.0
103165.0
0.0
2694544.0
0.0
2044120.0
1120.0
116980.0
0.0
13974.0
909191.0
1034374.0
88391.0
702088.0
1568163.0
14744.0
298917.0
0.0
105873.0
276862.0
17767.0
815213.0
1851542.0
464882.0
2776667.0
3325051.0
61249.0
2956920.0
833731.0
3515454.0
202519.0
3185524.0
0.0
1102411.0
3361507.0
2921941.0
332837.0
0.0
759539.0
0.0
2018963.0
3469292.0
0.0
0.0
850470.0
0.0
639087.0
3417604.0
507254.0
12468.0
1766919.0
3656287.0
0.0
41003.0
1157457.0
3027936.0
885710.0
1392738.0
189512.0
2808301.0
0.0
119580.0
1025718.0
598180.0
740262.0
262672.0
830160.0
504447.0
1087486.0
2113503.0
161856.0
2289089.0
26821.0
3245604.0
2446244.0
0.0
215058.0
2645009.0
201563.0
1377747.0
159822.0
0.0
496855.0
67820.0
3039020.0
0.0
0.0
0.0
548185.0
364354.0
1318073.0
2008167.0
0.0
2714225.0
306436.0
204.0
0.0
0.0
54958.0
83651.0
2315947.0
0.0
1742878.0
43032.0
3454191.0
269236.0
14998.0
0.0
1043365.0
882559.0
3569292.0
2396885.0
743065.0
240959.0
1848766.0
185043.0
0.0
3294168.0
1253073.0
2163589.0
0.0
1305871.0
2543030.0
0.0
1391710.0
76325.0
1227170.0
3237994.0
2044359.0
254939.0
1187815.0
0.0
0.0
47302.0
1988078.0
2470080.0
0.0
1102560.0
552082.0
92052.0
100235.0
912451.0
0.0
2459841.0
1704117.0
2753037.0
229121.0
2418163.0
3669658.0
159878.0
0.0
59635.0
916077.0
3248054.0
68129.0
3421119.0
1135560.0
0.0
0.0
568470.0
67396.0
0.0
16859.0
280527.0
1889886.0
2607436.0
2047072.0
337260.0
604778.0
2518164.0
1406026.0
222274.0
2473827.0
937887.0
835669.0
684882.0
0.0
1964955.0
2934021.0
2011507.0
2446814.0
2876831.0
879563.0
158104.0
562560.0
0.0
67029.0
571440.0
1134912.0
3625257.0
2304563.0
30636.0
1106248.0
73928.0
1481190.0
0.0
214145.0
3043610.0
1390026.0
951405.0
1873788.0
1641826.0
1292285.0
539589.0
403006.0
1334275.0
98261.0
340277.0
2770187.0
2068137.0
0.0
3101881.0
3621449.0
74077.0
233789.0
2236688.0
1942742.0
2158490.0
2173358.0
40834.0
1370462.0
47425.0
646802.0
3632774.0
254092.0
1224.0
0.0
0.0
23651.0
454088.0
196795.0
931599.0
141425.0
407046.0
122459.0
3509176.0
247713.0
442182.0
2798049.0
105004.0
1988005.0
175819.0
2146509.0
268274.0
216873.0
2206199.0
1008865.0
147861.0
384908.0
0.0
0.0
830914.0
3509614.0
2264804.0
2847915.0
0.0
1641078.0
53505.0
0.0
169199.0
536801.0
28618.0
198302.0
1544604.0
3555318.0
1082934.0
3502088.0
51708.0
414749.0
0.0
2454595.0
2761018.0
0.0
2677743.0
212131.0
573320.0
16901.0
590452.0
0.0
2212959.0
3374625.0
94053.0
0.0
670265.0
2708485.0
977387.0
1325802.0
1080446.0
0.0
0.0
0.0
0.0
0.0
177394.0
1148174.0
790091.0
0.0
0.0
2358474.0
743496.0
300666.0
3615815.0
0.0
903295.0
0.0
2794350.0
3297395.0
3595552.0
91706.0
3616282.0
301531.0
0.0
324518.0
1238062.0
0.0
106628.0
1142365.0
1068232.0
26057.0
2158812.0
609975.0
4.0
2043566.0
2224753.0
97085.0
1071450.0
3105939.0
3686594.0
0.0
649871.0
81875.0
2522070.0
163474.0
2716549.0
3623295.0
0.0
146109.0
0.0
783570.0
1477686.0
2497134.0
0.0
1252473.0
3474778.0
702482.0
3042796.0
2328131.0
0.0
1009465.0
303277.0
3626109.0
3173980.0
1946763.0
416519.0
891998.0
253005.0
655083.0
0.0
132808.0
7.0
195917.0
1909041.0
2070151.0
3569080.0
1364020.0
982138.0
3682777.0
1472362.0
3555774.0
0.0
361830.0
0.0
0.0
0.0
3617657.0
237017.0
100259.0
13027.0
58494.0
1616888.0
417943.0
583158.0
203049.0
820533.0
804083.0
364381.0
20.0
0.0
25754.0
0.0
2570879.0
12808.0
1301915.0
3458878.0
3301913.0
0.0
1653914.0
0.0
1388140.0
1457578.0
279879.0
0.0
3346656.0
769188.0
1262144.0
0.0
568458.0
2575773.0
0.0
2713417.0
1073124.0
2425869.0
102038.0
0.0
192195.0
0.0
0.0
3013835.0
1735607.0
0.0
0.0
3687744.0
735435.0
955390.0
954066.0
2046159.0
0.0
72660.0
2882900.0
1983895.0
2555335.0
0.0
1038721.0
296958.0
2250147.0
2379061.0
693923.0
3333079.0
0.0
0.0
129332.0
3411926.0
0.0
120602.0
868788.0
1149747.0
115159.0
45148.0
3666566.0
0.0
183329.0
1634708.0
725869.0
2883208.0
1876332.0
0.0
0.0
236737.0
2486176.0
0.0
54616.0
209794.0
285938.0
2663759.0
3129679.0
516092.0
2673294.0
0.0
0.0
2087202.0
920341.0
2309570.0
575365.0
2749898.0
1665091.0
0.0
1059709.0
2019377.0
2181515.0
178254.0
0.0
247920.0
3635386.0
1027472.0
1211850.0
37.0
1747648.0
2736365.0
1290899.0
9093.0
0.0
0.0
0.0
2908642.0
0.0
348280.0
1127139.0
629486.0
0.0
1638295.0
38.0
235137.0
2376125.0
12.0
0.0
347168.0
37552.0
159731.0
2266516.0
3622921.0
1245924.0
55457.0
36763.0
84.0
52102.0
0.0
1634708.0
1828790.0
3173423.0
0.0
2445082.0
922078.0
57459.0
1174633.0
426485.0
623443.0
0.0
853507.0
2092236.0
0.0
3278680.0
216646.0
0.0
113731.0
1423157.0
84813.0
210285.0
1383999.0
231043.0
707414.0
170182.0
0.0
0.0
0.0
2725717.0
41.0
409417.0
0.0
1001702.0
203.0
217989.0
9.0
91798.0
0.0
1595785.0
0.0
384795.0
0.0
2687211.0
2893120.0
3263921.0
0.0
1299350.0
821577.0
3526141.0
35880.0
1890253.0
631458.0
2082273.0
190104.0
3485755.0
390500.0
0.0
934450.0
2441064.0
0.0
2699329.0
22717.0
1247748.0
0.0
3649472.0
144499.0
3033277.0
2068814.0
0.0
1559816.0
2478076.0
6322.0
2377.0
8491.0
2780759.0
3025305.0
0.0
2067491.0
293784.0
0.0
2356067.0
139565.0
1563946.0
0.0
616684.0
2217883.0
1014866.0
114098.0
158572.0
3570400.0
233070.0
526355.0
1076578.0
1969524.0
336930.0
2276622.0
2701045.0
3115785.0
26666.0
1529273.0
1920239.0
880106.0
55720.0
128073.0
2494881.0
2902729.0
1199149.0
94504.0
160387.0
0.0
0.0
2975484.0
92386.0
1063769.0
2526532.0
2752702.0
849094.0
935782.0
263648.0
2858352.0
3565363.0
0.0
0.0
1362356.0
0.0
475370.0
3572641.0
2511697.0
242124.0
1221829.0
227422.0
1411671.0
0.0
0.0
437052.0
0.0
41142.0
0.0
179311.0
2333526.0
798459.0
514659.0
53873.0
309905.0
204627.0
0.0
57146.0
568239.0
2581176.0
0.0
131765.0
1387600.0
0.0
0.0
498659.0
1681185.0
133591.0
2065961.0
1696970.0
293417.0
1978209.0
3094561.0
0.0
18057.0
8.0
138413.0
285284.0
297688.0
126547.0
0.0
2321728.0
2785681.0
1965760.0
1454828.0
0.0
252356.0
1935382.0
0.0
2012299.0
3564124.0
2220255.0
2571901.0
600113.0
3574977.0
1892019.0
1179005.0
17248.0
3004167.0
2317820.0
781962.0
0.0
2806802.0
0.0
0.0
3578642.0
501487.0
5.0
1634708.0
231226.0
900264.0
0.0
1303784.0
3689198.0
1443635.0
319793.0
875372.0
0.0
1952148.0
2075863.0
1935379.0
0.0
2796777.0
379204.0
3310833.0
0.0
239861.0
410215.0
0.0
375615.0
1769682.0
1843290.0
101689.0
0.0
270344.0
21635.0
0.0
1725819.0
71.0
0.0
1620450.0
0.0
1531096.0
2731205.0
471690.0
308.0
1762325.0
326162.0
1478328.0
3325243.0
21324.0
0.0
27926.0
2758678.0
98628.0
215513.0
3064004.0
2053663.0
3665132.0
1317341.0
1987666.0
1119458.0
522038.0
873225.0
680642.0
0.0
251507.0
481729.0
173263.0
1496988.0
2235307.0
144691.0
25741.0
319569.0
2511185.0
0.0
3525515.0
1296565.0
0.0
1926864.0
87414.0
582987.0
0.0
3266666.0
1841710.0
0.0
2792442.0
0.0
3486.0
3326463.0
2743877.0
145076.0
103170.0
853700.0
2748675.0
1055666.0
63.0
1345746.0
899324.0
149299.0
3597950.0
1270685.0
0.0
175805.0
420892.0
1150535.0
0.0
1583316.0
107732.0
1650541.0
2442022.0
0.0
115520.0
0.0
3259140.0
2602946.0
400377.0
1550293.0
1231446.0
541060.0
670787.0
144031.0
1364046.0
352846.0
23307.0
253624.0
898532.0
29494.0
2256350.0
29026.0
3378383.0
102744.0
0.0
2280000.0
2107124.0
0.0
0.0
2739403.0
47792.0
2471971.0
1253394.0
1062873.0
106173.0
2253996.0
579931.0
1317300.0
38491.0
530430.0
0.0
198.0
899414.0
0.0
2888844.0
100216.0
1734225.0
2322853.0
2371651.0
938728.0
3553252.0
3230011.0
3528025.0
109978.0
797599.0
0.0
2060253.0
1401239.0
0.0
0.0
218603.0
3295546.0
2057615.0
191693.0
174659.0
2473263.0
762249.0
3425402.0
3651155.0
2662236.0
3149185.0
73304.0
379484.0
3199239.0
3627645.0
282828.0
3238833.0
1570622.0
3299025.0
36221.0
76182.0
151798.0
1193930.0
0.0
139507.0
3552255.0
123484.0
928203.0
165030.0
2030405.0
3578238.0
37074.0
1963.0
3674520.0
335551.0
760224.0
190.0
56889.0
3545536.0
3334473.0
412423.0
66699.0
0.0
333371.0
91.0
2874194.0
1522890.0
141825.0
3407061.0
0.0
334346.0
39182.0
75658.0
3110018.0
2640139.0
3510373.0
2554303.0
1825.0
843191.0
2690876.0
2579348.0
67852.0
0.0
64521.0
0.0
222961.0
1681672.0
0.0
1624548.0
781132.0
2543359.0
60647.0
12.0
1316447.0
0.0
0.0
2207420.0
3505739.0
0.0
43613.0
0.0
49182.0
101299.0
0.0
127416.0
50536.0
291590.0
224765.0
2980594.0
1776024.0
1426566.0
3183219.0
0.0
2976051.0
280962.0
76.0
541498.0
1116251.0
254057.0
2070585.0
2515810.0
18494.0
480156.0
26237.0
836723.0
773617.0
890750.0
2721474.0
1118913.0
114176.0
895491.0
75.0
40045.0
449872.0
668949.0
153553.0
3562713.0
3253391.0
0.0
115272.0
3568501.0
3583957.0
3524413.0
2180269.0
2111358.0
113140.0
71213.0
2012395.0
4720.0
79498.0
549180.0
1033228.0
930266.0
0.0
0.0
0.0
2885814.0
212380.0
407705.0
1634708.0
344550.0
0.0
511382.0
409243.0
2.0
0.0
3559949.0
2130454.0
326420.0
3659258.0
1110989.0
2937045.0
497806.0
0.0
743783.0
3601042.0
100553.0
446681.0
333977.0
3688270.0
1346402.0
0.0
0.0
2625408.0
745807.0
3660956.0
3683702.0
346237.0
235181.0
972815.0
718242.0
1038312.0
0.0
727086.0
656359.0
1510468.0
1011297.0
0.0
1997747.0
0.0
128916.0
1143142.0
346749.0
0.0
3654431.0
636862.0
3185863.0
0.0
90214.0
2206690.0
473693.0
0.0
1900764.0
0.0
52577.0
543880.0
0.0
180645.0
419782.0
0.0
0.0
2776151.0
0.0
3683781.0
1112927.0
2323048.0
287677.0
2835814.0
26391.0
329602.0
3430634.0
334240.0
293621.0
1344183.0
3065593.0
348.0
1458446.0
0.0
1331552.0
0.0
44880.0
3080980.0
869476.0
518343.0
0.0
17693.0
3226315.0
3648179.0
334727.0
0.0
185753.0
381805.0
1283420.0
1513419.0
363233.0
665928.0
2678046.0
202.0
0.0
0.0
1918385.0
0.0
207.0
214899.0
3447790.0
2526515.0
767236.0
0.0
1757814.0
1059766.0
262377.0
2330092.0
3238951.0
3312705.0
3652821.0
2724581.0
0.0
613146.0
1943073.0
3519642.0
1825636.0
0.0
257930.0
1019650.0
1128752.0
1248316.0
1896213.0
3364652.0
0.0
571094.0
1908271.0
1932747.0
2608090.0
0.0
2182102.0
199586.0
2068650.0
2266638.0
296384.0
3166468.0
2771522.0
41998.0
1248833.0
540129.0
0.0
1911122.0
0.0
189711.0
0.0
889374.0
975820.0
3614816.0
3000380.0
3008382.0
1000607.0
0.0
0.0
607236.0
120183.0
3459626.0
36611.0
1388042.0
1749190.0
0.0
1755084.0
849386.0
949642.0
0.0
817427.0
16618.0
0.0
2242423.0
343354.0
67586.0
206563.0
679979.0
0.0
3279610.0
2864833.0
1411301.0
3158321.0
322837.0
2846895.0
0.0
0.0
2784554.0
1788677.0
0.0
1877880.0
67377.0
193450.0
275220.0
3644213.0
0.0
1966467.0
1052307.0
3648592.0
1378369.0
3599178.0
34027.0
717482.0
327494.0
0.0
1502387.0
2057167.0
587883.0
18083.0
546472.0
161226.0
10.0
86470.0
2094859.0
81530.0
78.0
67524.0
1031509.0
0.0
0.0
2327244.0
3424374.0
762081.0
223755.0
2506561.0
3194189.0
1363941.0
7.0
0.0
3510934.0
0.0
340981.0
231078.0
229545.0
1082540.0
2475856.0
2085415.0
101459.0
2915762.0
619934.0
0.0
1783301.0
1965184.0
0.0
1634708.0
1319911.0
2639788.0
1137253.0
1133882.0
74758.0
58123.0
1242065.0
33896.0
0.0
1191923.0
47064.0
3131379.0
3023668.0
959936.0
1584745.0
2563165.0
1928748.0
505030.0
1827610.0
957846.0
972163.0
232871.0
1793021.0
1529021.0
500093.0
2491940.0
0.0
739270.0
2416173.0
429759.0
0.0
1726674.0
0.0
0.0
809201.0
3497702.0
85415.0
329626.0
391667.0
1152180.0
1971923.0
3012836.0
0.0
0.0
2739676.0
2502913.0
176898.0
132049.0
0.0
3646790.0
1419144.0
233025.0
1481393.0
434198.0
38325.0
65978.0
0.0
0.0
3160466.0
0.0
0.0
0.0
1062440.0
249968.0
366490.0
560516.0
3161783.0
3223745.0
2612772.0
2997183.0
1001565.0
3379134.0
2293351.0
210993.0
1634708.0
1984563.0
1167669.0
2566686.0
190837.0
1881907.0
1174416.0
3637794.0
3670704.0
3344914.0
56655.0
279884.0
225799.0
309771.0
0.0
0.0
0.0
423992.0
0.0
647698.0
1299457.0
727838.0
1750902.0
0.0
3364143.0
1250861.0
3522896.0
0.0
0.0
659792.0
531312.0
3601113.0
3601051.0
271652.0
153079.0
289824.0
136836.0
2207709.0
3035549.0
941334.0
958831.0
1586002.0
0.0
2428236.0
426621.0
679541.0
8311.0
17128.0
1535139.0
145721.0
127869.0
741793.0
0.0
494817.0
919192.0
828674.0
2137657.0
419843.0
784993.0
0.0
2618307.0
358363.0
61358.0
0.0
68645.0
702045.0
1598953.0
3502020.0
3493660.0
3611405.0
0.0
84837.0
3266096.0
0.0
1159552.0
290026.0
761712.0
869534.0
0.0
1578981.0
1570073.0
99758.0
1009287.0
1358780.0
926537.0
522483.0
3465458.0
3089318.0
0.0
3560657.0
1385551.0
619870.0
0.0
801288.0
1916583.0
1050908.0
596881.0
449196.0
978179.0
1315045.0
791482.0
2340051.0
374167.0
2172228.0
3491474.0
1429045.0
1035762.0
1281185.0
2582109.0
2463969.0
0.0
2518384.0
72702.0
3144130.0
0.0
53058.0
491019.0
2848307.0
70562.0
0.0
2400111.0
271428.0
3674763.0
144349.0
30098.0
693890.0
1310478.0
627489.0
553989.0
438417.0
1102303.0
50419.0
3362633.0
2449681.0
1881538.0
0.0
189879.0
2026341.0
1634708.0
320099.0
0.0
580609.0
0.0
0.0
3647010.0
247482.0
39627.0
0.0
0.0
2437437.0
2769650.0
896318.0
3338862.0
1609968.0
60.0
127.0
3364147.0
134678.0
9897.0
649590.0
3358531.0
1593696.0
245943.0
61134.0
1381958.0
240243.0
1055827.0
0.0
561057.0
576325.0
1547151.0
75406.0
2570499.0
406525.0
1690454.0
1889367.0
0.0
1123435.0
3437487.0
1003743.0
3656638.0
0.0
369040.0
0.0
630421.0
243895.0
0.0
2263177.0
2250775.0
0.0
216020.0
132493.0
3478314.0
90156.0
1143047.0
2040146.0
1742275.0
1686460.0
802686.0
0.0
0.0
1891014.0
3405993.0
1409966.0
3599390.0
705979.0
163114.0
3350106.0
1291318.0
377466.0
100892.0
1292503.0
2496497.0
213.0
1601586.0
100636.0
87277.0
372137.0
2300145.0
2956538.0
739604.0
1265553.0
0.0
493682.0
0.0
2645361.0
3477406.0
0.0
1128186.0
3304.0
2643763.0
0.0
696561.0
1099528.0
1119658.0
3054568.0
554492.0
3643832.0
0.0
11981.0
1288075.0
3207518.0
880392.0
2369033.0
2663805.0
331309.0
0.0
0.0
2710048.0
553462.0
1187449.0
662103.0
129670.0
2112187.0
3068822.0
898154.0
854742.0
780668.0
3484069.0
21880.0
1953796.0
0.0
0.0
1389653.0
421261.0
841893.0
2006966.0
0.0
3506278.0
3381324.0
954662.0
0.0
3402430.0
74073.0
0.0
136895.0
1242550.0
1506942.0
300137.0
144008.0
51112.0
607711.0
417753.0
925048.0
326770.0
0.0
1151989.0
2501786.0
1224918.0
736971.0
1117439.0
1179058.0
0.0
0.0
3548060.0
59165.0
705368.0
0.0
5020.0
0.0
0.0
33407.0
947305.0
903516.0
2545572.0
1692230.0
234441.0
85373.0
0.0
378561.0
0.0
391339.0
488882.0
1973255.0
131856.0
2693677.0
1471949.0
2291212.0
1120419.0
74.0
1470696.0
424028.0
3061988.0
2749043.0
107100.0
2220662.0
797763.0
2711006.0
3044588.0
620941.0
1597884.0
0.0
3687858.0
915291.0
92875.0
923580.0
3416602.0
459745.0
1493968.0
0.0
288781.0
1998608.0
2490.0
657946.0
1965202.0
263402.0
711180.0
18538.0
0.0
3316978.0
0.0
0.0
0.0
1538934.0
0.0
403953.0
0.0
1048009.0
2258631.0
0.0
0.0
23439.0
254817.0
3514734.0
1427850.0
1874443.0
179059.0
93573.0
1086685.0
317342.0
0.0
1077964.0
921184.0
504780.0
955850.0
2796511.0
0.0
560257.0
0.0
355.0
2737113.0
1634708.0
0.0
0.0
0.0
135258.0
137529.0
1034442.0
153625.0
616351.0
74910.0
1522209.0
20.0
3124748.0
1613282.0
2966333.0
2771180.0
791701.0
728999.0
3143795.0
898099.0
2607247.0
1283878.0
0.0
213224.0
77944.0
2213066.0
3282266.0
0.0
0.0
3685922.0
2964231.0
1501172.0
3017093.0
237643.0
47779.0
1350132.0
0.0
1658195.0
55.0
84173.0
418571.0
1340847.0
160326.0
82410.0
416642.0
0.0
0.0
536444.0
744234.0
3665499.0
0.0
3414626.0
0.0
1603600.0
2698488.0
1435158.0
1179691.0
53503.0
3671864.0
107657.0
118089.0
753650.0
24538.0
17548.0
67532.0
0.0
290083.0
976199.0
3396870.0
653740.0
286061.0
450774.0
2527353.0
2045085.0
557102.0
687554.0
2249649.0
29.0
0.0
46394.0
1687951.0
1316312.0
17958.0
2306905.0
3227751.0
2574679.0
320066.0
31481.0
692403.0
1068477.0
140523.0
3656460.0
1882424.0
2322906.0
1579055.0
0.0
211978.0
0.0
153685.0
2520995.0
282.0
0.0
3684476.0
12533.0
96990.0
347562.0
136125.0
930600.0
321605.0
200673.0
0.0
0.0
3476545.0
1044830.0
0.0
0.0
3686364.0
137584.0
57630.0
0.0
138327.0
95801.0
987224.0
40249.0
3424938.0
2029813.0
1729758.0
2486240.0
2663163.0
85909.0
804696.0
289966.0
1732416.0
1075680.0
416834.0
336739.0
555876.0
481472.0
2136540.0
1197662.0
3380469.0
2250873.0
2122601.0
745220.0
823788.0
1327347.0
3565900.0
0.0
0.0
2456673.0
21019.0
1927185.0
0.0
397807.0
93968.0
1321895.0
3539978.0
3426120.0
0.0
13512.0
351558.0
662279.0
0.0
1850551.0
2139865.0
0.0
525180.0
72340.0
480142.0
3435267.0
2566603.0
627651.0
91188.0
1542795.0
0.0
0.0
3688514.0
1894505.0
1402338.0
2987646.0
0.0
1985405.0
593990.0
2111410.0
74110.0
2539870.0
264267.0
1443376.0
1009489.0
564928.0
1593558.0
44131.0
2838240.0
2514516.0
879118.0
0.0
2715681.0
1079086.0
215806.0
95.0
1705477.0
505424.0
1334638.0
0.0
60533.0
3261.0
244175.0
119473.0
394653.0
147251.0
3483787.0
68466.0
172537.0
35129.0
886911.0
172002.0
2787089.0
10.0
474966.0
142385.0
769072.0
10.0
0.0
587757.0
401777.0
1219548.0
820783.0
1459878.0
20740.0
317805.0
137614.0
0.0
0.0
0.0
656644.0
111779.0
559843.0
621260.0
429174.0
66553.0
169061.0
3437695.0
0.0
1736878.0
100188.0
2773407.0
2480194.0
0.0
363389.0
1611168.0
163896.0
0.0
0.0
0.0
2716626.0
0.0
1483463.0
1172240.0
246519.0
530407.0
1375183.0
1733530.0
2662734.0
1188433.0
795686.0
2965881.0
2402254.0
456700.0
94774.0
2517775.0
324098.0
1201.0
1578278.0
27620.0
185918.0
911807.0
2175059.0
21.0
473637.0
23433.0
588576.0
889982.0
2735858.0
2393398.0
1461708.0
1752781.0
3661003.0
288092.0
460634.0
1638993.0
50273.0
1848914.0
308729.0
1800496.0
333.0
1988989.0
343180.0
3567671.0
651279.0
781056.0
1661499.0
3416168.0
0.0
163682.0
254114.0
0.0
0.0
0.0
116720.0
2571733.0
72.0
472404.0
2165116.0
4109.0
3642657.0
235501.0
121367.0
0.0
161704.0
1067234.0
2555634.0
0.0
1150443.0
2607113.0
2959039.0
739042.0
1937928.0
1633661.0
0.0
0.0
295592.0
1012687.0
129910.0
112372.0
698882.0
1211688.0
0.0
0.0
90690.0
1608442.0
104694.0
3646773.0
1634708.0
228323.0
0.0
875262.0
38627.0
125008.0
359617.0
2902488.0
326365.0
1917140.0
0.0
0.0
31.0
149203.0
2801887.0
0.0
989323.0
2119890.0
0.0
156435.0
917299.0
29757.0
2112131.0
0.0
140196.0
0.0
0.0
0.0
67563.0
2189642.0
3002645.0
17462.0
3503914.0
702489.0
0.0
1188064.0
0.0
784920.0
69614.0
3371076.0
0.0
791561.0
2094116.0
23469.0
157697.0
98137.0
623516.0
2523997.0
3239260.0
822329.0
0.0
57113.0
663438.0
151005.0
2719755.0
16870.0
1512330.0
156154.0
2302855.0
1812119.0
570486.0
1339333.0
84.0
1111049.0
1436367.0
0.0
2258428.0
1544103.0
119235.0
246222.0
111186.0
1099142.0
3636183.0
20756.0
25279.0
2961069.0
2238756.0
3226253.0
418257.0
467188.0
675494.0
0.0
1634708.0
0.0
152502.0
1407570.0
1018367.0
202051.0
872692.0
3648649.0
0.0
2771496.0
3315205.0
0.0
1945032.0
9.0
2105939.0
42547.0
736399.0
494789.0
1051010.0
865293.0
3471416.0
3491035.0
1439976.0
0.0
0.0
12955.0
372578.0
24397.0
70474.0
1760659.0
2796768.0
313139.0
595082.0
762023.0
3212042.0
936007.0
374816.0
1555782.0
1634708.0
2443802.0
977235.0
0.0
0.0
2382254.0
337234.0
283776.0
108122.0
979714.0
648153.0
254664.0
1540321.0
68735.0
237966.0
1274309.0
115451.0
232851.0
0.0
850901.0
168246.0
959938.0
3621838.0
0.0
0.0
0.0
0.0
2090220.0
67567.0
2570240.0
3060352.0
26939.0
2136781.0
137162.0
433120.0
0.0
3584653.0
1716268.0
608636.0
0.0
8754.0
1410254.0
1634708.0
3146538.0
0.0
1634708.0
315984.0
0.0
0.0
1414877.0
149000.0
0.0
91138.0
3674806.0
1680461.0
0.0
222025.0
958267.0
54506.0
42041.0
275988.0
3143262.0
32716.0
34.0
1775921.0
343163.0
0.0
492292.0
0.0
0.0
623186.0
1023668.0
1604176.0
1889653.0
931192.0
0.0
428373.0
3257853.0
0.0
1409782.0
933827.0
3509638.0
0.0
804967.0
364660.0
2288240.0
953450.0
1077964.0
52101.0
1322623.0
3116187.0
2656754.0
315342.0
131402.0
547375.0
1566998.0
0.0
143928.0
1137458.0
707517.0
187522.0
2291551.0
2406047.0
293283.0
1596995.0
470777.0
1472608.0
3095558.0
1727217.0
0.0
526261.0
53987.0
217725.0
217804.0
806358.0
2594749.0
1487569.0
201482.0
2340484.0
0.0
180135.0
1564751.0
0.0
557493.0
2142889.0
0.0
895134.0
0.0
1191585.0
788612.0
2468452.0
1195793.0
2203751.0
2183982.0
3429348.0
77.0
10.0
52042.0
0.0
764486.0
1160300.0
0.0
38243.0
1091136.0
738383.0
3595604.0
1587710.0
1299547.0
106979.0
84911.0
359435.0
3091832.0
2573627.0
37618.0
1539637.0
284144.0
0.0
1410737.0
787198.0
2344639.0
0.0
0.0
69446.0
9929.0
3471445.0
3270200.0
29685.0
1839842.0
1477057.0
2835735.0
0.0
2652519.0
0.0
703589.0
0.0
1634708.0
1950201.0
3311169.0
1280016.0
38735.0
2109323.0
0.0
141.0
16628.0
2184475.0
976197.0
42512.0
315958.0
0.0
317977.0
64381.0
544707.0
2439960.0
849730.0
2034609.0
57497.0
96617.0
162520.0
164149.0
3095053.0
3661521.0
3254745.0
101392.0
0.0
350.0
683108.0
1540182.0
165207.0
1590071.0
941237.0
0.0
393750.0
1242213.0
857716.0
91113.0
1998383.0
0.0
1273606.0
0.0
2023.0
3588929.0
2818662.0
0.0
0.0
3484377.0
2901179.0
0.0
1230664.0
0.0
2832583.0
729060.0
763074.0
18268.0
1271309.0
2706439.0
896383.0
3435918.0
311932.0
0.0
3645866.0
259053.0
3318584.0
0.0
1290991.0
126911.0
2479959.0
1535455.0
512956.0
0.0
2297396.0
566878.0
10136.0
402521.0
1863332.0
1634708.0
1928658.0
200533.0
0.0
919303.0
1322524.0
2989173.0
938096.0
1340189.0
1185624.0
221684.0
0.0
1103278.0
0.0
0.0
1122433.0
3687082.0
2318929.0
0.0
2163711.0
1683070.0
1192508.0
428275.0
68070.0
153528.0
1047749.0
1313791.0
1674294.0
544462.0
1353704.0
27.0
943699.0
3406335.0
1258739.0
174400.0
230797.0
62799.0
6380.0
146657.0
627510.0
1186770.0
196.0
47651.0
0.0
311297.0
238348.0
35433.0
463175.0
3445415.0
164398.0
66943.0
3007390.0
1257337.0
371212.0
1574463.0
376848.0
781092.0
1672203.0
3237755.0
12.0
1104129.0
0.0
0.0
63798.0
0.0
484383.0
985700.0
0.0
250814.0
40603.0
0.0
3571534.0
229171.0
724236.0
0.0
569996.0
913835.0
3444010.0
2056183.0
211375.0
0.0
0.0
974149.0
0.0
0.0
2446598.0
524529.0
1832622.0
3318843.0
0.0
1124089.0
1070835.0
673187.0
240746.0
1865393.0
1591013.0
2557243.0
0.0
0.0
199238.0
3464044.0
1585895.0
1440150.0
2814634.0
1782660.0
1888754.0
240268.0
1503105.0
77709.0
1205501.0
0.0
683960.0
2022635.0
839715.0
3611479.0
263370.0
3644364.0
2720974.0
28430.0
1619690.0
74239.0
331673.0
0.0
0.0
3270112.0
1166343.0
1276028.0
1180778.0
2128133.0
524832.0
50010.0
420040.0
329716.0
0.0
6754.0
0.0
426066.0
0.0
99494.0
86794.0
3444068.0
1473388.0
0.0
0.0
1690324.0
0.0
215888.0
686179.0
506230.0
149171.0
193276.0
3589432.0
1452678.0
838283.0
0.0
2531451.0
0.0
3039845.0
0.0
755311.0
3266243.0
32824.0
725583.0
16538.0
1421797.0
2738671.0
1177908.0
3656623.0
309094.0
402663.0
465911.0
3102733.0
18535.0
1207492.0
2071145.0
2412724.0
3611061.0
661555.0
3445383.0
912954.0
0.0
3398502.0
1306365.0
303350.0
915822.0
946599.0
97899.0
252.0
1241374.0
3436240.0
232920.0
1096375.0
924342.0
1669964.0
3608589.0
3274071.0
167855.0
0.0
219.0
772960.0
2717871.0
354145.0
1038336.0
0.0
1288859.0
10571.0
0.0
3570190.0
3644337.0
25709.0
72.0
0.0
1757997.0
0.0
3603954.0
3160750.0
28450.0
396957.0
394608.0
0.0
262902.0
1960857.0
1472839.0
15816.0
0.0
160387.0
2179595.0
329652.0
0.0
55820.0
871772.0
552580.0
0.0
0.0
0.0
23488.0
1187608.0
0.0
0.0
0.0
954955.0
68.0
2372052.0
642658.0
1065863.0
177113.0
1559816.0
0.0
0.0
0.0
12.0
130051.0
2669421.0
1262483.0
3657119.0
1607882.0
0.0
159023.0
673475.0
32.0
71367.0
44504.0
1317367.0
447388.0
2353745.0
2030510.0
3305123.0
3598885.0
1492919.0
0.0
181440.0
1930518.0
0.0
215799.0
0.0
2065089.0
8339.0
0.0
525892.0
1649642.0
110441.0
1120025.0
1380415.0
1277895.0
1301390.0
940102.0
3297535.0
1314220.0
1217585.0
3650149.0
2936418.0
0.0
2184785.0
82207.0
2646380.0
0.0
560004.0
0.0
0.0
1235086.0
3374138.0
492532.0
3177043.0
233773.0
176303.0
170851.0
219115.0
2591423.0
48332.0
1794148.0
0.0
3659601.0
2870437.0
932168.0
152585.0
92838.0
338463.0
1803490.0
1370.0
0.0
2327837.0
235020.0
1088724.0
234147.0
461003.0
38947.0
488844.0
0.0
0.0
524512.0
1538550.0
283980.0
0.0
928019.0
10.0
27432.0
3565897.0
3209491.0
3366226.0
750700.0
3272426.0
2486112.0
1673050.0
0.0
2107949.0
3685644.0
1634708.0
65983.0
1209318.0
0.0
298804.0
1553043.0
1237278.0
922210.0
1429447.0
2913143.0
22780.0
0.0
0.0
2947755.0
2020398.0
71654.0
334869.0
554524.0
257932.0
766183.0
258980.0
710787.0
281500.0
387218.0
24929.0
951227.0
1936950.0
3086092.0
1584186.0
1840727.0
0.0
0.0
101154.0
140963.0
93575.0
3160643.0
0.0
2040977.0
311412.0
1291198.0
1292983.0
214576.0
1492465.0
0.0
0.0
101466.0
2035432.0
492075.0
88348.0
441921.0
2596969.0
806923.0
0.0
314505.0
1131018.0
853909.0
1082992.0
1703855.0
2124003.0
330033.0
3303099.0
0.0
70107.0
1050841.0
2298328.0
207.0
181624.0
0.0
3276304.0
3088205.0
1435584.0
801349.0
906189.0
1509495.0
1272862.0
2431214.0
1092942.0
3577648.0
236496.0
6187.0
690765.0
350.0
141782.0
0.0
454686.0
0.0
1781953.0
0.0
3652118.0
0.0
3575117.0
603124.0
23494.0
397792.0
3676235.0
1492686.0
357257.0
0.0
158527.0
0.0
384311.0
717327.0
46673.0
1683415.0
2449744.0
982093.0
0.0
293715.0
2075106.0
38.0
80241.0
447873.0
0.0
373029.0
674216.0
376837.0
0.0
180.0
639742.0
977621.0
830383.0
11890.0
124502.0
34.0
70445.0
205716.0
3115499.0
2024146.0
190414.0
1882711.0
1562449.0
3426190.0
0.0
169909.0
3024361.0
3306016.0
3672077.0
1994855.0
3305820.0
91825.0
0.0
884641.0
64743.0
3515432.0
127984.0
2911731.0
3100498.0
1613204.0
1166364.0
227725.0
480647.0
3531927.0
503672.0
1069503.0
2181110.0
0.0
2098873.0
49678.0
2597744.0
52920.0
0.0
0.0
2905995.0
432847.0
0.0
3624819.0
0.0
81192.0
3067978.0
0.0
1038245.0
2455058.0
2110455.0
3641433.0
3657061.0
179007.0
17519.0
1031832.0
216929.0
2437578.0
14474.0
1134658.0
65740.0
3180399.0
846198.0
2325848.0
3068501.0
2537327.0
0.0
1357204.0
0.0
435087.0
333369.0
643036.0
3382685.0
604781.0
33929.0
0.0
419789.0
355.0
3265331.0
709310.0
0.0
3038935.0
1233947.0
1118602.0
605017.0
353940.0
1236854.0
2822874.0
0.0
0.0
2290824.0
0.0
2259037.0
2122231.0
0.0
0.0
1634708.0
416112.0
383143.0
3101591.0
3606655.0
56400.0
1087902.0
61756.0
0.0
1579737.0
3602311.0
65861.0
0.0
1240721.0
0.0
3299591.0
0.0
0.0
70947.0
62233.0
168349.0
3310509.0
229727.0
1607262.0
2471206.0
820266.0
19.0
0.0
3383558.0
92016.0
2022445.0
0.0
1756870.0
267052.0
54886.0
308185.0
20.0
65352.0
845179.0
228598.0
735875.0
424769.0
3670958.0
2991535.0
3136347.0
0.0
1161340.0
1201136.0
528454.0
746213.0
184090.0
1567486.0
1030344.0
1731075.0
169575.0
840220.0
0.0
1461347.0
208255.0
41663.0
0.0
2130676.0
232274.0
0.0
288799.0
1634708.0
2252721.0
2086653.0
13418.0
0.0
3569335.0
3660382.0
2252072.0
2814157.0
118447.0
653514.0
43170.0
736838.0
1390394.0
722942.0
113810.0
3469462.0
3241811.0
1680144.0
3639554.0
1313785.0
3607452.0
0.0
3027973.0
0.0
926314.0
973439.0
2985637.0
53953.0
1603419.0
3549302.0
0.0
1891941.0
500066.0
1705024.0
1263343.0
3369852.0
0.0
0.0
659577.0
2477530.0
41797.0
249593.0
0.0
775350.0
0.0
151531.0
2696193.0
0.0
781394.0
1672227.0
1231615.0
3090527.0
1560948.0
3277908.0
3546137.0
3294552.0
1637683.0
185436.0
0.0
1886278.0
0.0
0.0
665784.0
928958.0
3117064.0
939997.0
859295.0
69471.0
725543.0
445797.0
1102757.0
77645.0
671728.0
1704996.0
0.0
1287246.0
133938.0
935326.0
3238755.0
1837477.0
0.0
243882.0
1399145.0
1531249.0
1252611.0
2877334.0
483216.0
1516260.0
851363.0
0.0
218086.0
2422232.0
0.0
2254951.0
1480122.0
1526618.0
101251.0
2137638.0
200781.0
1282636.0
81214.0
0.0
751540.0
302780.0
79618.0
0.0
1277931.0
1094065.0
1132376.0
111803.0
889980.0
2735465.0
2651156.0
0.0
268752.0
2809308.0
1765812.0
0.0
514598.0
2789974.0
993807.0
182956.0
249352.0
0.0
403692.0
1088487.0
273037.0
0.0
0.0
2519703.0
27098.0
2057793.0
2904032.0
135377.0
740351.0
94257.0
2774132.0
394606.0
2756470.0
2352297.0
73472.0
1152856.0
2046823.0
0.0
1880816.0
0.0
0.0
1240427.0
3513039.0
3335618.0
3686035.0
3677106.0
2191437.0
2557920.0
1056404.0
2478674.0
730439.0
618682.0
3509769.0
0.0
129621.0
0.0
33059.0
584666.0
414500.0
710795.0
524827.0
3641180.0
0.0
1247514.0
2005446.0
78213.0
2058636.0
2614661.0
1228003.0
11.0
1634708.0
1069383.0
3055448.0
0.0
47726.0
2784051.0
1044948.0
0.0
3040831.0
2940141.0
2110813.0
0.0
1536579.0
2087579.0
3496038.0
0.0
480068.0
3385335.0
828039.0
2322713.0
0.0
1315336.0
1859283.0
956231.0
201032.0
2756339.0
1829872.0
161529.0
3447218.0
113913.0
1945993.0
0.0
0.0
40576.0
1634708.0
1330039.0
431458.0
891372.0
217454.0
2086709.0
282044.0
620294.0
2010643.0
19825.0
0.0
3507528.0
139862.0
905141.0
2002694.0
1100352.0
0.0
3213174.0
3455251.0
70215.0
0.0
8593.0
1043884.0
3661170.0
181468.0
0.0
0.0
206048.0
206131.0
25842.0
1809753.0
58000.0
1145942.0
149608.0
375153.0
1488591.0
659562.0
0.0
77636.0
0.0
535515.0
3419659.0
3595997.0
28842.0
2169392.0
3292044.0
615605.0
3061647.0
713401.0
1867164.0
1044249.0
112909.0
1012130.0
770457.0
3497304.0
237555.0
3615377.0
194.0
73254.0
299783.0
399250.0
3461710.0
1727090.0
0.0
25.0
0.0
71852.0
2.0
3194228.0
1116944.0
10725.0
941740.0
87.0
1432410.0
1750768.0
0.0
0.0
1971331.0
0.0
2850182.0
32565.0
0.0
1472624.0
1975290.0
769867.0
0.0
3690006.0
3547638.0
1503468.0
2899414.0
0.0
58269.0
788166.0
1651241.0
2287737.0
211145.0
2068588.0
3345747.0
3527930.0
3373281.0
0.0
910110.0
0.0
0.0
0.0
3481441.0
1283287.0
225696.0
0.0
714379.0
0.0
736919.0
158507.0
0.0
1915373.0
7.0
2404457.0
0.0
1427897.0
970416.0
701782.0
973212.0
0.0
0.0
757404.0
1099316.0
0.0
0.0
185019.0
24299.0
0.0
2716988.0
3452821.0
23261.0
0.0
0.0
993284.0
2458341.0
800849.0
0.0
2755162.0
613690.0
70838.0
712411.0
1007566.0
2448542.0
0.0
0.0
1289675.0
1239487.0
73679.0
35525.0
3076284.0
603698.0
2121286.0
154825.0
184190.0
331022.0
764386.0
0.0
199980.0
189389.0
0.0
0.0
3690036.0
0.0
426221.0
3231425.0
3014688.0
2313362.0
834456.0
0.0
255534.0
973934.0
764915.0
0.0
0.0
2201919.0
3654205.0
1829142.0
15010.0
2108455.0
3023498.0
0.0
103137.0
2338359.0
344528.0
450072.0
61407.0
259010.0
423210.0
0.0
638264.0
1378102.0
966222.0
2583325.0
386955.0
1082860.0
0.0
103847.0
0.0
945589.0
3574459.0
3081065.0
2464736.0
3323849.0
59.0
684954.0
805301.0
556104.0
127.0
781578.0
2886968.0
548275.0
1897788.0
3152833.0
1024196.0
0.0
1555541.0
564847.0
693234.0
3461147.0
964891.0
483798.0
2911878.0
3691291.0
1295614.0
495022.0
0.0
3015395.0
1968426.0
650786.0
0.0
982432.0
3264487.0
1352654.0
0.0
765302.0
2165308.0
2857205.0
1442759.0
0.0
202.0
113867.0
2721592.0
2029165.0
0.0
0.0
0.0
815334.0
0.0
280052.0
543403.0
117166.0
3632112.0
294689.0
2659.0
18.0
0.0
2988560.0
1961423.0
1210328.0
0.0
2200480.0
703645.0
2601970.0
1189525.0
1805373.0
1343392.0
0.0
1414476.0
4.0
1509607.0
2285923.0
1851523.0
243594.0
1896508.0
1854114.0
3073008.0
3590165.0
2748149.0
3582861.0
396215.0
0.0
1061245.0
449297.0
200584.0
1549458.0
935347.0
475751.0
894459.0
969829.0
84289.0
1752940.0
9950.0
0.0
0.0
127.0
2310529.0
34614.0
444748.0
2745759.0
230138.0
0.0
3022191.0
3351410.0
850098.0
0.0
1514020.0
0.0
106022.0
295499.0
607925.0
58003.0
0.0
114000.0
929275.0
0.0
558002.0
205450.0
199860.0
2390916.0
0.0
835559.0
135.0
2.0
530925.0
593644.0
891963.0
0.0
665977.0
693271.0
1660508.0
31670.0
0.0
836829.0
895831.0
0.0
1873225.0
1680640.0
0.0
131131.0
426396.0
0.0
0.0
1569957.0
77275.0
2417007.0
59531.0
2647726.0
0.0
421415.0
74613.0
8728.0
0.0
466968.0
46751.0
186380.0
3175365.0
1712743.0
1058330.0
1893390.0
586117.0
1112823.0
969223.0
2278592.0
1692013.0
3107120.0
2721574.0
843517.0
30649.0
153.0
96306.0
555280.0
1011402.0
162012.0
3164948.0
67.0
0.0
0.0
3553147.0
9733.0
3502610.0
2326725.0
0.0
0.0
0.0
526306.0
1551481.0
2370737.0
0.0
2480113.0
98346.0
874437.0
1264299.0
336318.0
79798.0
1173653.0
1191139.0
2603522.0
700744.0
3542252.0
2596988.0
0.0
3680495.0
2898658.0
0.0
0.0
133381.0
0.0
1465986.0
3547838.0
2760414.0
86747.0
215852.0
3651307.0
229103.0
1031962.0
960370.0
313945.0
824269.0
1014803.0
0.0
3603074.0
1047984.0
1699093.0
3116605.0
2923914.0
988832.0
0.0
0.0
771167.0
3690115.0
0.0
619267.0
0.0
2514311.0
0.0
478536.0
0.0
1565709.0
1540542.0
304645.0
1105178.0
0.0
83417.0
560910.0
740727.0
432972.0
183012.0
1626697.0
2016.0
522240.0
1076278.0
1912705.0
879096.0
0.0
0.0
578096.0
3369309.0
282294.0
30840.0
497550.0
0.0
3206672.0
1245756.0
1113750.0
620339.0
0.0
2526424.0
12679.0
1744939.0
1062576.0
989920.0
2466799.0
186237.0
723408.0
3272949.0
0.0
104390.0
0.0
1173973.0
10734.0
962497.0
0.0
3075913.0
1061200.0
0.0
3482756.0
2000783.0
2067721.0
0.0
915209.0
0.0
1631400.0
2136120.0
3537156.0
253308.0
2594911.0
0.0
1283401.0
3353542.0
158296.0
0.0
3128624.0
545992.0
12677.0
122685.0
0.0
3494886.0
0.0
2494754.0
0.0
0.0
189026.0
536232.0
125219.0
0.0
3665102.0
630589.0
3078076.0
2664324.0
544970.0
1932460.0
335803.0
723670.0
2583178.0
1050826.0
11286.0
0.0
0.0
173240.0
2618860.0
1874354.0
2307250.0
0.0
3490879.0
493.0
0.0
2704642.0
0.0
31868.0
1493759.0
0.0
319161.0
399204.0
5905.0
3666358.0
0.0
1801736.0
0.0
2025993.0
1119418.0
2441847.0
22836.0
714275.0
0.0
0.0
1019762.0
0.0
1595448.0
138646.0
2764957.0
97137.0
3358959.0
301601.0
0.0
1177315.0
1082217.0
0.0
903153.0
145020.0
334132.0
167328.0
3295336.0
117317.0
1669163.0
1195357.0
1999001.0
89153.0
17492.0
1761664.0
3672379.0
2271378.0
19006.0
2858246.0
55228.0
2800513.0
1372594.0
3166646.0
244241.0
34003.0
2992787.0
17651.0
358063.0
1274944.0
1325523.0
3288633.0
0.0
3050550.0
0.0
0.0
110990.0
555503.0
242692.0
635589.0
1011610.0
553626.0
1585049.0
1055908.0
0.0
75.0
1634708.0
7471.0
564215.0
2711588.0
131840.0
19094.0
967211.0
3717.0
337626.0
0.0
3257516.0
1486609.0
1717198.0
200984.0
723747.0
417909.0
845715.0
1759828.0
0.0
2519826.0
282789.0
116070.0
821254.0
0.0
3925.0
1550544.0
0.0
2723522.0
157701.0
131885.0
56903.0
0.0
1367380.0
18.0
251557.0
2523277.0
1911193.0
0.0
3386283.0
0.0
0.0
0.0
673598.0
1383322.0
2493730.0
884275.0
115855.0
92575.0
0.0
1634990.0
835655.0
799535.0
2106512.0
3502658.0
2998891.0
2627762.0
0.0
3635817.0
3688124.0
2301801.0
1730910.0
61603.0
392851.0
1179703.0
1103482.0
2654530.0
0.0
1607778.0
1858181.0
755047.0
2499054.0
18775.0
102282.0
871622.0
257325.0
154088.0
3628419.0
3635451.0
828831.0
301545.0
59068.0
7.0
0.0
35506.0
2822750.0
1271079.0
621860.0
0.0
506779.0
0.0
0.0
3523816.0
782102.0
155839.0
1293601.0
1649978.0
408677.0
195961.0
2757720.0
125100.0
229916.0
366216.0
0.0
56.0
724720.0
2848768.0
2099881.0
841492.0
2802997.0
2866881.0
650579.0
3523235.0
1434252.0
1378071.0
0.0
0.0
162754.0
1283394.0
0.0
3630887.0
1533247.0
0.0
3500004.0
897610.0
1310454.0
1149612.0
365215.0
3164053.0
0.0
0.0
682652.0
90598.0
1739225.0
1634708.0
581284.0
74353.0
0.0
1365034.0
1505882.0
3297785.0
1077362.0
24387.0
0.0
0.0
976937.0
635553.0
74991.0
524271.0
2870250.0
166661.0
0.0
137490.0
926550.0
2087368.0
199178.0
106251.0
1634708.0
254859.0
719056.0
1634708.0
986160.0
24953.0
61857.0
1704115.0
12.0
28981.0
951767.0
658781.0
111309.0
788595.0
82860.0
0.0
2158820.0
3381.0
3536811.0
866228.0
1986987.0
3117348.0
23245.0
1257920.0
1945245.0
0.0
2293691.0
0.0
129881.0
550849.0
2741856.0
1479988.0
440264.0
12.0
2826286.0
0.0
1542319.0
3434331.0
1505642.0
1087275.0
657198.0
1947292.0
101354.0
2074091.0
37.0
1113049.0
86654.0
0.0
718622.0
377925.0
3631600.0
2754529.0
1060578.0
0.0
2710862.0
1273539.0
1252697.0
3056044.0
0.0
447874.0
0.0
3639504.0
1705658.0
3654626.0
946161.0
3541071.0
3688615.0
196.0
2238692.0
2945454.0
2699407.0
1900398.0
0.0
1582252.0
2189102.0
0.0
0.0
597084.0
139700.0
1146915.0
539691.0
1420094.0
0.0
0.0
58504.0
1151182.0
2127863.0
1634708.0
195591.0
3315968.0
738400.0
2156731.0
1536567.0
552224.0
2723302.0
682203.0
208113.0
308636.0
3555917.0
1597701.0
34696.0
3656716.0
0.0
242535.0
1698601.0
0.0
1661667.0
0.0
862817.0
723285.0
28513.0
3492582.0
1116404.0
80585.0
2669620.0
3608982.0
266749.0
1512591.0
3272535.0
889874.0
0.0
1920039.0
896195.0
0.0
4.0
313314.0
3658826.0
3647213.0
2537966.0
2333357.0
84.0
1612368.0
1165341.0
599322.0
2299341.0
1283308.0
308766.0
206218.0
1016123.0
204338.0
501110.0
1051346.0
891779.0
2268602.0
3642989.0
250240.0
0.0
23124.0
701443.0
14656.0
356.0
0.0
140004.0
3871.0
0.0
2789132.0
2594267.0
8252.0
764078.0
2182371.0
2930815.0
223517.0
3550081.0
0.0
2712504.0
695409.0
0.0
0.0
3493660.0
1260202.0
0.0
1452995.0
91.0
63566.0
97409.0
460415.0
3300921.0
63625.0
1044730.0
241311.0
186201.0
2298816.0
1326015.0
1385408.0
64712.0
724044.0
3349102.0
3113518.0
320602.0
1282519.0
359.0
1438180.0
1964490.0
17020.0
993683.0
798300.0
66495.0
892566.0
0.0
730106.0
2712418.0
140957.0
1245108.0
1579187.0
1298078.0
3689768.0
2374429.0
3515265.0
639969.0
0.0
197958.0
1319583.0
99570.0
0.0
1196060.0
178553.0
716030.0
3562271.0
973961.0
1326398.0
1827392.0
90463.0
34855.0
579608.0
0.0
55678.0
1443032.0
538569.0
520178.0
171409.0
2554108.0
0.0
2821256.0
32692.0
1464620.0
2524263.0
0.0
0.0
104661.0
3518922.0
3218623.0
145941.0
158949.0
2163637.0
190517.0
3420714.0
160576.0
2182001.0
76306.0
188254.0
2742933.0
8418.0
204930.0
1329920.0
0.0
2081854.0
2040434.0
1776777.0
4851.0
576924.0
2415885.0
3581583.0
447736.0
718.0
2002731.0
1189247.0
3163291.0
412234.0
0.0
7825.0
350105.0
0.0
875389.0
3571967.0
292739.0
1653901.0
2518752.0
0.0
3511987.0
3251960.0
161955.0
304137.0
53492.0
328316.0
1911966.0
0.0
337396.0
166662.0
1485643.0
38821.0
336284.0
66984.0
3542290.0
65550.0
1027532.0
3522489.0
1198929.0
2650570.0
1725492.0
935250.0
941649.0
951006.0
0.0
505692.0
0.0
0.0
881487.0
0.0
344382.0
0.0
3424.0
0.0
0.0
323279.0
108937.0
2077054.0
3575150.0
1264408.0
2812482.0
2088506.0
1942959.0
58933.0
238263.0
3339373.0
2645660.0
79436.0
625384.0
0.0
0.0
47.0
2453013.0
58599.0
2449978.0
1962995.0
187182.0
2369785.0
15806.0
2886066.0
0.0
3534828.0
993108.0
0.0
700776.0
96895.0
299994.0
541666.0
2158650.0
2964667.0
8494.0
2958197.0
118989.0
355.0
99603.0
2970467.0
3536233.0
2.0
58808.0
132408.0
3360928.0
3644364.0
3440029.0
0.0
3375564.0
0.0
1438752.0
0.0
2005445.0
2396400.0
799208.0
1244572.0
1250466.0
1400132.0
324880.0
0.0
2315542.0
2544827.0
456341.0
2071019.0
273140.0
694909.0
106227.0
1032604.0
919573.0
166.0
3030641.0
641552.0
426380.0
3161255.0
1285291.0
2523976.0
3098372.0
91975.0
504588.0
291823.0
149920.0
1010542.0
0.0
301720.0
3229250.0
0.0
3624308.0
0.0
0.0
0.0
1314368.0
3420273.0
266060.0
3442918.0
678691.0
671572.0
0.0
3582675.0
232466.0
3482084.0
829682.0
814440.0
2764310.0
381114.0
44.0
82010.0
2329907.0
0.0
2948830.0
2615317.0
3580376.0
11783.0
752586.0
214602.0
879501.0
2469687.0
1449299.0
12813.0
2293681.0
3465459.0
2906800.0
2909235.0
0.0
479256.0
0.0
11974.0
5687.0
893284.0
943506.0
320551.0
951510.0
1357402.0
2387317.0
308611.0
562323.0
842795.0
2733258.0
0.0
210819.0
0.0
823735.0
3402523.0
531031.0
597825.0
0.0
0.0
1666325.0
0.0
1491242.0
0.0
856390.0
296737.0
0.0
0.0
794564.0
1838855.0
161834.0
3077505.0
1785765.0
0.0
11434.0
203.0
450844.0
1951063.0
1533701.0
0.0
401097.0
216749.0
154619.0
2141267.0
116757.0
0.0
3256164.0
3133434.0
3263740.0
572303.0
0.0
2305457.0
120435.0
2675191.0
1789105.0
686275.0
228716.0
10.0
1297937.0
0.0
3671467.0
1276049.0
462459.0
1053526.0
1439548.0
214100.0
242174.0
2927668.0
0.0
0.0
68099.0
20845.0
0.0
0.0
2131992.0
3231341.0
42583.0
1027646.0
53048.0
3190414.0
831081.0
493070.0
173104.0
928364.0
230494.0
668492.0
2964401.0
0.0
370999.0
464579.0
2683440.0
155617.0
3291757.0
1003721.0
1692769.0
764356.0
2538391.0
0.0
43320.0
567570.0
395167.0
51523.0
208937.0
1512857.0
723402.0
874367.0
2161557.0
0.0
3316809.0
1818169.0
1163363.0
3382366.0
890205.0
1043083.0
0.0
121282.0
0.0
166598.0
0.0
1516168.0
2527016.0
0.0
63632.0
0.0
932575.0
1583293.0
963319.0
1368590.0
21927.0
87043.0
51900.0
0.0
1555887.0
61176.0
1274108.0
1246645.0
0.0
103793.0
1871613.0
2245897.0
41678.0
18694.0
525669.0
77805.0
0.0
805185.0
447989.0
678128.0
730366.0
497452.0
0.0
59568.0
973570.0
219954.0
1917750.0
767689.0
0.0
2960249.0
1978726.0
2552548.0
2337601.0
1021363.0
0.0
3375311.0
1242065.0
195170.0
3646252.0
399953.0
3680578.0
1566325.0
938410.0
792440.0
2327184.0
561415.0
2911122.0
1818476.0
0.0
0.0
0.0
1030853.0
3291701.0
25864.0
0.0
414161.0
3405624.0
85326.0
0.0
346093.0
185859.0
2860447.0
1083565.0
2430415.0
0.0
3580144.0
847696.0
913047.0
2003673.0
1792528.0
3392847.0
2090926.0
2046935.0
3402416.0
762993.0
1121163.0
0.0
1016459.0
270279.0
1992318.0
941845.0
2353636.0
208967.0
218875.0
2351990.0
896928.0
9341.0
3249804.0
70746.0
279951.0
0.0
0.0
1996371.0
741723.0
180657.0
2884348.0
1609797.0
286440.0
0.0
1836298.0
3577694.0
75.0
3481740.0
68488.0
3129534.0
484939.0
2765176.0
187689.0
1068953.0
919689.0
3417961.0
0.0
2945144.0
3368689.0
0.0
355.0
659449.0
1173057.0
1849376.0
7274.0
2282377.0
394957.0
379457.0
1585003.0
2666129.0
2672090.0
2764970.0
31277.0
3428203.0
0.0
28.0
771947.0
46150.0
439907.0
3570158.0
99832.0
0.0
1082536.0
2559373.0
0.0
535610.0
1744559.0
1653903.0
29792.0
0.0
270270.0
2424817.0
506051.0
1359469.0
0.0
2808975.0
134.0
0.0
0.0
833537.0
751051.0
3398494.0
136.0
402017.0
328877.0
2188888.0
361463.0
9397.0
1609186.0
0.0
3617551.0
451598.0
3359922.0
1288930.0
91.0
133618.0
0.0
965039.0
74652.0
634541.0
2677409.0
434739.0
148788.0
1677664.0
0.0
824286.0
2710741.0
3526100.0
1961495.0
0.0
1225299.0
1962028.0
215510.0
2544259.0
87480.0
3401424.0
179529.0
0.0
97127.0
1390714.0
0.0
162035.0
743994.0
4.0
3643205.0
2473312.0
0.0
0.0
726561.0
2392655.0
2139894.0
1076939.0
367786.0
3599180.0
201161.0
294856.0
175719.0
588981.0
561207.0
134534.0
0.0
26.0
225229.0
684620.0
9617.0
2636015.0
0.0
75.0
809302.0
3575201.0
65.0
16904.0
0.0
791172.0
43518.0
0.0
3577231.0
2723743.0
0.0
55035.0
70377.0
0.0
2047761.0
0.0
3135173.0
81879.0
0.0
3599262.0
3317520.0
1716551.0
0.0
3400563.0
1505637.0
2464541.0
558891.0
216607.0
1982667.0
368904.0
3289776.0
0.0
3211040.0
15.0
868165.0
354705.0
0.0
1594596.0
2081203.0
1043707.0
2203660.0
1615556.0
1856245.0
0.0
1852819.0
290484.0
2328643.0
1830146.0
2527151.0
127885.0
3364457.0
0.0
118351.0
126778.0
2756152.0
2767459.0
239848.0
0.0
0.0
3300403.0
2216182.0
1601924.0
2127580.0
22688.0
80238.0
3645542.0
0.0
1724795.0
2392754.0
858237.0
313797.0
580007.0
3671491.0
3498248.0
2982985.0
0.0
323842.0
179868.0
2173538.0
38207.0
2774039.0
21638.0
2325045.0
0.0
0.0
2563535.0
0.0
48095.0
2679284.0
922078.0
2454.0
3202324.0
2303919.0
0.0
105664.0
319258.0
0.0
0.0
44324.0
0.0
2771069.0
607414.0
70129.0
0.0
2790004.0
0.0
3602605.0
0.0
2529507.0
1087275.0
241457.0
3637735.0
524752.0
0.0
3561212.0
1634708.0
193567.0
1606294.0
51.0
316726.0
527624.0
1240140.0
795946.0
516027.0
405639.0
798134.0
0.0
1134482.0
178770.0
0.0
2379820.0
2120036.0
3541255.0
2730546.0
389492.0
1963143.0
1028356.0
0.0
295744.0
3088802.0
947871.0
0.0
0.0
2423904.0
3034773.0
1079855.0
915050.0
0.0
1792.0
0.0
1395768.0
319228.0
0.0
0.0
2297245.0
3379443.0
2995262.0
1014967.0
0.0
3639755.0
1094494.0
927426.0
0.0
163836.0
1634708.0
0.0
2234722.0
56629.0
175419.0
0.0
1457154.0
427149.0
0.0
0.0
3426777.0
1355781.0
3466308.0
0.0
2397759.0
68629.0
1062811.0
2708293.0
0.0
587745.0
3253541.0
0.0
284043.0
3501751.0
2514524.0
399391.0
1612855.0
0.0
7062.0
3419833.0
2144681.0
1529038.0
1212231.0
3277635.0
2034226.0
132845.0
3674273.0
2424368.0
674601.0
1689314.0
484363.0
66562.0
0.0
1750696.0
3689272.0
0.0
997039.0
0.0
0.0
1300738.0
1421547.0
1758015.0
0.0
168840.0
0.0
1523969.0
304153.0
3165261.0
0.0
0.0
3538675.0
1018542.0
0.0
2215501.0
927852.0
1504526.0
662642.0
2361729.0
459926.0
899260.0
0.0
1634708.0
2508487.0
132078.0
85005.0
93646.0
2554799.0
3125808.0
472860.0
0.0
27105.0
2125980.0
0.0
2760729.0
0.0
0.0
110652.0
177435.0
2675331.0
1579997.0
3641416.0
72815.0
2121537.0
2384942.0
484741.0
211970.0
3349879.0
1428617.0
1189587.0
364443.0
0.0
0.0
0.0
627927.0
3277623.0
2259897.0
1762245.0
2189983.0
375182.0
0.0
2160113.0
55.0
2292037.0
2805840.0
937727.0
3587285.0
1963515.0
19743.0
1110394.0
2013125.0
349585.0
0.0
848427.0
390089.0
0.0
594814.0
1804705.0
0.0
274580.0
0.0
752264.0
32.0
1088184.0
1213267.0
70865.0
3097625.0
3034478.0
941259.0
130902.0
3565585.0
1282523.0
1820487.0
1540931.0
1157991.0
841296.0
3119596.0
1463518.0
2842079.0
1360074.0
2902034.0
0.0
54990.0
2513876.0
988365.0
45289.0
66894.0
1155077.0
3594954.0
1396209.0
312674.0
1740254.0
0.0
143344.0
30.0
222919.0
3057906.0
1332792.0
3357949.0
2336676.0
2052426.0
1070663.0
167523.0
1160556.0
0.0
3561157.0
51635.0
2094622.0
501130.0
2370364.0
1419970.0
295609.0
202872.0
3640069.0
122476.0
1957273.0
797779.0
2332652.0
114309.0
0.0
168289.0
2.0
155726.0
0.0
1025988.0
885834.0
130950.0
1059297.0
1049637.0
2272408.0
178975.0
138272.0
0.0
2184524.0
1279234.0
0.0
1360998.0
0.0
2487131.0
1203963.0
327856.0
3499683.0
1587652.0
732364.0
303587.0
0.0
188406.0
2957630.0
1879139.0
2212027.0
541996.0
3506966.0
0.0
1723863.0
3596466.0
1170709.0
799415.0
0.0
1427930.0
2119385.0
2952077.0
552142.0
0.0
545732.0
1150514.0
519605.0
0.0
191090.0
2622936.0
1920661.0
210745.0
3490596.0
5881.0
828631.0
0.0
119096.0
113869.0
3617554.0
1799824.0
2982816.0
633482.0
1748903.0
0.0
19238.0
1385889.0
342423.0
0.0
1565243.0
1482156.0
2622584.0
0.0
515734.0
767811.0
1805347.0
3630397.0
152178.0
816132.0
87.0
1634708.0
3484804.0
558368.0
2717033.0
366398.0
2686694.0
3094890.0
1334177.0
513024.0
2849095.0
3429665.0
506825.0
3566080.0
2507446.0
1516762.0
204559.0
3450194.0
0.0
2678587.0
57160.0
660719.0
979172.0
75018.0
105535.0
0.0
3539991.0
20469.0
199000.0
65976.0
3526018.0
0.0
100552.0
43776.0
413502.0
1634708.0
2745068.0
1331460.0
2161862.0
70820.0
2261642.0
935153.0
0.0
0.0
0.0
2864069.0
1088239.0
2813156.0
990843.0
0.0
3603864.0
1814295.0
0.0
3580260.0
0.0
2590838.0
1109143.0
172753.0
1656295.0
1453031.0
135467.0
65.0
1029488.0
3229408.0
0.0
840922.0
862335.0
19696.0
1071006.0
0.0
0.0
1260310.0
5513.0
178333.0
626538.0
307406.0
367437.0
0.0
1102346.0
264283.0
2831570.0
86900.0
498823.0
1786491.0
137908.0
0.0
1107773.0
54561.0
3665518.0
231472.0
3651865.0
3559889.0
2850465.0
1309301.0
0.0
0.0
725617.0
3516758.0
837059.0
202266.0
2122833.0
2182430.0
109929.0
3667985.0
1331387.0
249549.0
408660.0
0.0
1710013.0
1630031.0
129531.0
393769.0
0.0
579542.0
3621927.0
3647130.0
219478.0
506673.0
44802.0
69741.0
350711.0
0.0
1159144.0
189816.0
208103.0
2058764.0
3427397.0
1957703.0
644481.0
0.0
174560.0
2696595.0
60310.0
240829.0
929581.0
424694.0
2279542.0
2338193.0
2336875.0
1634708.0
1805645.0
0.0
0.0
205694.0
356.0
0.0
3321460.0
1893780.0
214018.0
157047.0
1534899.0
3406236.0
574560.0
1197981.0
1910618.0
3235796.0
1711529.0
0.0
966888.0
906392.0
13681.0
2913801.0
0.0
149116.0
0.0
587012.0
1041828.0
797292.0
24555.0
655134.0
117420.0
1080873.0
0.0
1111603.0
22518.0
966034.0
0.0
0.0
574354.0
0.0
0.0
2743449.0
2892507.0
335518.0
3499614.0
0.0
75374.0
0.0
0.0
3367974.0
369734.0
0.0
1711573.0
457482.0
2546805.0
2365040.0
452510.0
2489069.0
0.0
300688.0
1392750.0
0.0
1634708.0
0.0
3631098.0
940367.0
450532.0
2600414.0
906384.0
0.0
15925.0
3034402.0
0.0
409578.0
0.0
3391470.0
1850446.0
798443.0
9749.0
44513.0
61998.0
332929.0
0.0
26117.0
1093928.0
0.0
12.0
273666.0
1975747.0
0.0
2122757.0
63158.0
79239.0
1629568.0
2602259.0
2037103.0
215606.0
143343.0
231416.0
461647.0
100002.0
1615988.0
2454368.0
3194540.0
14769.0
1665617.0
3265958.0
973027.0
0.0
2866444.0
192269.0
564241.0
1055327.0
2993474.0
327153.0
649167.0
0.0
64501.0
141698.0
1589433.0
1979011.0
51689.0
584713.0
91552.0
920417.0
0.0
35630.0
0.0
67637.0
11978.0
164603.0
18536.0
188149.0
2143491.0
1700858.0
0.0
511653.0
0.0
483613.0
1037128.0
88423.0
422664.0
335891.0
74056.0
609230.0
1396643.0
1364883.0
3659679.0
0.0
70944.0
324403.0
1977321.0
111477.0
3542121.0
1692134.0
2197955.0
0.0
0.0
0.0
3603840.0
0.0
2644745.0
1413429.0
230013.0
0.0
0.0
256172.0
1904523.0
3649369.0
1293790.0
915658.0
656271.0
2630768.0
43035.0
116115.0
0.0
1523934.0
2077243.0
1961438.0
3394703.0
395067.0
0.0
0.0
0.0
0.0
129533.0
0.0
115539.0
0.0
168414.0
1183538.0
38569.0
49514.0
63245.0
1586450.0
915658.0
1076205.0
2731757.0
77.0
53797.0
0.0
716693.0
195701.0
3663008.0
2413972.0
3366406.0
0.0
1547315.0
2207765.0
34300.0
2834070.0
2598858.0
2577053.0
1981737.0
3542090.0
3505734.0
3557825.0
202.0
0.0
1988046.0
411591.0
673638.0
2061275.0
1056261.0
763738.0
1461042.0
3133465.0
1292961.0
339370.0
1545974.0
58027.0
653024.0
0.0
2698792.0
1677068.0
1195552.0
3105801.0
3670244.0
2741875.0
0.0
0.0
3131277.0
3574967.0
1148907.0
2702045.0
1529251.0
111862.0
0.0
11733.0
3433481.0
224492.0
0.0
2917077.0
196354.0
0.0
782628.0
1159103.0
0.0
35927.0
192287.0
1771988.0
3599898.0
875902.0
3328807.0
1135149.0
919037.0
617286.0
0.0
140457.0
34137.0
291515.0
986464.0
3461806.0
3573766.0
0.0
550769.0
3682754.0
0.0
841532.0
1395019.0
0.0
793909.0
927255.0
2746930.0
2682517.0
2719940.0
204.0
0.0
479452.0
21267.0
0.0
92771.0
2479959.0
358082.0
3435.0
1748656.0
0.0
456660.0
2774510.0
912559.0
3554156.0
128676.0
2039642.0
213905.0
306538.0
731444.0
0.0
81701.0
190932.0
0.0
669369.0
3042843.0
2322882.0
0.0
0.0
1789645.0
4959.0
1314181.0
2264663.0
3530992.0
3357893.0
0.0
363542.0
2032140.0
764579.0
746979.0
197342.0
840184.0
665110.0
0.0
337328.0
3533879.0
0.0
1235840.0
12.0
377135.0
70881.0
637579.0
180618.0
740531.0
2153988.0
0.0
126779.0
1521927.0
1115059.0
0.0
3327848.0
1459022.0
92492.0
189714.0
31969.0
3482591.0
3546876.0
3494168.0
2285128.0
54639.0
0.0
3627602.0
616071.0
419779.0
0.0
743844.0
323449.0
949698.0
0.0
1016805.0
786590.0
780988.0
535042.0
1155357.0
2365295.0
3091212.0
0.0
0.0
0.0
586061.0
130682.0
172.0
0.0
928906.0
138370.0
1179021.0
0.0
144549.0
1634708.0
950662.0
196169.0
1590235.0
3015625.0
0.0
3661678.0
869761.0
2647477.0
1043241.0
100133.0
18918.0
10751.0
0.0
2861502.0
0.0
0.0
231173.0
3498433.0
0.0
2347345.0
1550367.0
1098526.0
841627.0
11821.0
5691.0
105518.0
3540192.0
1187575.0
807508.0
2367411.0
2130196.0
3247749.0
45482.0
3212334.0
515765.0
14612.0
11410.0
0.0
97981.0
951246.0
353423.0
0.0
409497.0
1022603.0
0.0
102614.0
2753240.0
0.0
1054652.0
3469721.0
3178479.0
3581412.0
2689898.0
2481131.0
3578553.0
2855362.0
0.0
1110731.0
666010.0
3074785.0
0.0
1408151.0
153978.0
1281537.0
122733.0
1109511.0
0.0
751360.0
224447.0
3359453.0
3951.0
533488.0
3161762.0
0.0
481851.0
2715440.0
1264224.0
121814.0
0.0
2371695.0
100103.0
1803047.0
2869471.0
1073132.0
1206033.0
1456965.0
82549.0
1875222.0
1098207.0
0.0
2169986.0
941149.0
707299.0
86446.0
144992.0
3615601.0
2937649.0
206654.0
1485524.0
423422.0
3204711.0
228954.0
140663.0
0.0
2327166.0
0.0
3391718.0
0.0
669379.0
651964.0
3323615.0
0.0
1980330.0
2176399.0
39918.0
239754.0
1767825.0
1358002.0
188621.0
26518.0
395427.0
1630068.0
1746126.0
36.0
2857700.0
42745.0
0.0
0.0
3654630.0
2666085.0
3666196.0
2832268.0
0.0
57297.0
1791684.0
3578457.0
31697.0
73399.0
2515817.0
8.0
2425072.0
2792983.0
631549.0
2.0
3035381.0
0.0
39373.0
0.0
426124.0
902351.0
3158321.0
1605554.0
3502272.0
984611.0
1634708.0
313768.0
491198.0
253401.0
2882255.0
100298.0
417725.0
459190.0
0.0
2575932.0
2570540.0
3021466.0
1640702.0
508.0
464848.0
1401012.0
0.0
3453332.0
3542017.0
349730.0
2558105.0
207462.0
473542.0
1835034.0
0.0
53396.0
215873.0
477541.0
407197.0
1116484.0
694822.0
3608407.0
0.0
0.0
860086.0
972302.0
2685703.0
814991.0
34776.0
390060.0
0.0
387137.0
2834755.0
13407.0
0.0
261962.0
0.0
285358.0
890004.0
0.0
454675.0
404275.0
1317599.0
0.0
192649.0
0.0
970619.0
489087.0
1957848.0
2595665.0
2485783.0
118698.0
1339188.0
1808597.0
2338590.0
1555190.0
0.0
132643.0
1484132.0
248515.0
0.0
33425.0
267377.0
1295253.0
3566554.0
2292219.0
3433982.0
1403746.0
606827.0
0.0
1888168.0
0.0
922598.0
1100083.0
3452336.0
0.0
0.0
42817.0
353933.0
700089.0
376295.0
0.0
1469645.0
3689423.0
0.0
365623.0
1191699.0
1335553.0
3550680.0
562495.0
825471.0
675746.0
42597.0
2346300.0
0.0
2758642.0
88836.0
0.0
253493.0
891776.0
2947382.0
984612.0
0.0
242921.0
359177.0
526582.0
2714763.0
124551.0
203.0
1004054.0
3597007.0
2206775.0
2785985.0
1050673.0
710054.0
1511613.0
3614983.0
0.0
72788.0
0.0
2568045.0
19017.0
893570.0
3507817.0
1515896.0
0.0
794182.0
3299135.0
3052579.0
1283998.0
566492.0
1302429.0
1696993.0
2153616.0
152624.0
465097.0
930031.0
559319.0
1768678.0
131500.0
2899750.0
75587.0
0.0
1545201.0
2459419.0
48912.0
3064084.0
0.0
994774.0
1031508.0
3556104.0
944353.0
0.0
0.0
1194196.0
0.0
0.0
1214158.0
1629275.0
555167.0
0.0
530439.0
3073701.0
7.0
0.0
140.0
1303117.0
917188.0
0.0
1435845.0
2844802.0
541010.0
569228.0
1646487.0
2595155.0
0.0
1303007.0
3585260.0
643709.0
223468.0
71476.0
0.0
0.0
254782.0
2061554.0
0.0
2798355.0
225135.0
1392662.0
3267785.0
903993.0
173918.0
25770.0
69649.0
3390213.0
282973.0
0.0
0.0
2162848.0
715238.0
0.0
23808.0
1088020.0
491087.0
2076441.0
0.0
211629.0
0.0
3679368.0
2947153.0
0.0
2818233.0
3156265.0
2701095.0
91807.0
652257.0
312569.0
538333.0
211684.0
23185.0
954778.0
2932827.0
0.0
425708.0
1984006.0
47755.0
3627575.0
71030.0
1585478.0
0.0
2901575.0
200995.0
2609772.0
914571.0
369406.0
54224.0
1877799.0
2144364.0
3505183.0
3055133.0
332247.0
14892.0
18210.0
2859965.0
1904978.0
38407.0
1634708.0
2100383.0
1212548.0
101.0
0.0
757147.0
91.0
463544.0
2709635.0
0.0
3651103.0
155971.0
2250604.0
0.0
346072.0
1540455.0
1477115.0
1340087.0
381535.0
71779.0
250080.0
0.0
3683075.0
251162.0
0.0
1919910.0
221821.0
954090.0
52542.0
0.0
0.0
162098.0
0.0
0.0
1489717.0
1200300.0
1676056.0
935213.0
0.0
254707.0
499263.0
592797.0
0.0
101777.0
51773.0
1306859.0
141712.0
0.0
3392244.0
10890.0
0.0
1241580.0
8164.0
580971.0
2826185.0
0.0
2461202.0
726987.0
101343.0
34.0
617814.0
415894.0
0.0
2339675.0
69.0
0.0
118576.0
2136730.0
174945.0
2214218.0
3457847.0
1627812.0
1933966.0
2303812.0
2562006.0
3530912.0
667004.0
39835.0
0.0
0.0
1265947.0
231498.0
183940.0
710516.0
1514101.0
0.0
2498696.0
0.0
0.0
1542621.0
41045.0
3268630.0
2545915.0
0.0
3415118.0
305931.0
2578164.0
1483372.0
22153.0
0.0
1099567.0
94590.0
130205.0
1035566.0
2554507.0
0.0
438767.0
0.0
872440.0
627069.0
33560.0
73305.0
178914.0
0.0
156859.0
651967.0
1600095.0
412810.0
0.0
861145.0
85672.0
113575.0
75470.0
1228166.0
3558399.0
2993025.0
3618085.0
3197777.0
1843642.0
923876.0
965747.0
2159910.0
139955.0
2135830.0
1005580.0
0.0
3149135.0
0.0
516099.0
0.0
2702614.0
2645195.0
0.0
0.0
1185222.0
0.0
12751.0
390638.0
721132.0
324897.0
51577.0
3472825.0
1214359.0
685287.0
0.0
914945.0
34071.0
0.0
2643035.0
1696801.0
217250.0
774177.0
71.0
405224.0
755460.0
3504184.0
43032.0
1289397.0
2559802.0
1452065.0
1007824.0
0.0
3512327.0
42284.0
0.0
2211271.0
0.0
0.0
707976.0
3676317.0
3401718.0
2301458.0
3373416.0
0.0
681547.0
1600425.0
45374.0
420150.0
151900.0
1056218.0
966663.0
8869.0
609827.0
226774.0
0.0
0.0
17234.0
1151266.0
435704.0
3324041.0
64691.0
3085752.0
430543.0
1295295.0
1466588.0
211388.0
372648.0
0.0
940149.0
3436761.0
75.0
145348.0
3340809.0
861867.0
20.0
2309017.0
2633657.0
3180907.0
0.0
29276.0
3547554.0
0.0
0.0
1198148.0
1738968.0
207221.0
482345.0
2461208.0
0.0
0.0
2941818.0
0.0
151006.0
3680936.0
104369.0
55596.0
0.0
3620779.0
307711.0
2864875.0
2396155.0
1593713.0
2286688.0
1516776.0
102153.0
0.0
0.0
3544578.0
20319.0
2163956.0
1291058.0
98928.0
0.0
638630.0
256417.0
761378.0
3018940.0
0.0
1474519.0
84909.0
1664100.0
0.0
0.0
903584.0
0.0
3054404.0
685673.0
2666089.0
385259.0
827835.0
1145479.0
0.0
0.0
1237095.0
14756.0
2.0
45623.0
3506917.0
106929.0
2208043.0
80733.0
0.0
31252.0
746387.0
0.0
2527248.0
458227.0
3118744.0
2861345.0
2363211.0
1634708.0
873783.0
419384.0
0.0
240679.0
1146648.0
1517740.0
2808874.0
3366917.0
1123999.0
1584795.0
493320.0
746957.0
383100.0
381472.0
859170.0
233918.0
667977.0
3113384.0
2025171.0
2536931.0
2368996.0
3023911.0
1260260.0
124704.0
3180776.0
0.0
2640070.0
1599340.0
187987.0
683493.0
1043023.0
1722077.0
1634317.0
1609184.0
1018569.0
0.0
0.0
54786.0
961768.0
42390.0
2016973.0
1157719.0
1.0
66362.0
896322.0
