109189.0
27.0
209898.0
0.0
1729912.0
355637.0
1983072.0
0.0
1307002.0
176731.0
928350.0
1047281.0
2408621.0
0.0
0.0
223605.0
2621312.0
1141403.0
0.0
112360.0
3689768.0
1939556.0
1389595.0
2042404.0
2071295.0
2126894.0
3588658.0
0.0
2449681.0
0.0
43507.0
369408.0
1259718.0
0.0
0.0
2132096.0
2632021.0
0.0
0.0
0.0
912359.0
282044.0
1607833.0
885178.0
499441.0
3657061.0
0.0
2386018.0
230118.0
21591.0
139862.0
618541.0
15472.0
1529198.0
2453804.0
43436.0
903140.0
2927743.0
520675.0
167216.0
3668649.0
3471939.0
213422.0
38639.0
2438589.0
77801.0
2089081.0
2477214.0
18444.0
2985650.0
54.0
723159.0
2032061.0
287408.0
1328692.0
1815624.0
3245103.0
1473909.0
215685.0
17607.0
972358.0
21459.0
548309.0
1420410.0
767689.0
3401359.0
979695.0
118851.0
2286350.0
0.0
1692134.0
1256251.0
211362.0
0.0
0.0
2635934.0
12716.0
2537558.0
1185639.0
518294.0
0.0
1019756.0
2201728.0
188026.0
3589099.0
835540.0
108171.0
821609.0
576794.0
2961978.0
3461919.0
22929.0
527830.0
913773.0
1465680.0
23756.0
130946.0
0.0
6.0
409371.0
677560.0
645701.0
125740.0
248489.0
1054398.0
62995.0
3060926.0
182049.0
0.0
2336864.0
803006.0
91985.0
2659380.0
1062440.0
22920.0
911807.0
1027594.0
157263.0
802631.0
0.0
315042.0
3575368.0
1468402.0
1256702.0
2210163.0
288220.0
2756565.0
26234.0
2.0
920953.0
1975895.0
259417.0
1131843.0
0.0
0.0
83653.0
1384559.0
2158812.0
0.0
1410737.0
94882.0
2444050.0
686041.0
1636095.0
377253.0
3612132.0
0.0
1922506.0
0.0
0.0
949699.0
321675.0
3529382.0
2591628.0
2696889.0
3636125.0
10572.0
2124489.0
231416.0
1332610.0
189445.0
0.0
3521572.0
4.0
175902.0
608276.0
803248.0
0.0
2920032.0
86592.0
894345.0
0.0
305139.0
306436.0
0.0
3215159.0
3601453.0
381395.0
774549.0
0.0
2379061.0
549374.0
3679470.0
196644.0
2576240.0
600474.0
1148442.0
901681.0
0.0
369690.0
1528015.0
2613323.0
2955562.0
0.0
471605.0
275229.0
1212525.0
626847.0
1099920.0
3151744.0
406581.0
159247.0
27.0
3247749.0
507245.0
69734.0
235653.0
0.0
215513.0
1572180.0
0.0
0.0
162970.0
256978.0
752560.0
0.0
792793.0
635188.0
1326069.0
1039737.0
66362.0
83195.0
1614311.0
104130.0
177841.0
0.0
143330.0
0.0
1317599.0
1408874.0
2127583.0
21966.0
3428143.0
247874.0
149608.0
3492329.0
1884569.0
246851.0
61358.0
2377059.0
2105259.0
3122692.0
0.0
355.0
3426284.0
3587670.0
2559746.0
0.0
962072.0
0.0
129670.0
1148443.0
1440150.0
1506988.0
962766.0
2683867.0
721770.0
2986369.0
168602.0
3160466.0
26449.0
3196928.0
90514.0
333371.0
748005.0
65316.0
0.0
978240.0
2359990.0
0.0
168991.0
0.0
970545.0
1850446.0
141229.0
0.0
317165.0
1295295.0
3584903.0
1337733.0
136885.0
0.0
73289.0
99491.0
0.0
1091009.0
3132686.0
122366.0
1964955.0
331309.0
2520076.0
1911127.0
0.0
3450315.0
1202733.0
1900150.0
0.0
0.0
1714790.0
0.0
2570847.0
38697.0
930917.0
3469241.0
80758.0
3642640.0
91441.0
0.0
3456628.0
1116758.0
994774.0
186380.0
0.0
0.0
131695.0
1900436.0
0.0
756254.0
35202.0
0.0
2497974.0
557773.0
1065085.0
3649472.0
2758447.0
0.0
2522748.0
45861.0
0.0
2148068.0
1258828.0
3380566.0
980598.0
3606293.0
1033228.0
3619553.0
1429990.0
347134.0
217966.0
0.0
2208915.0
1634708.0
0.0
646955.0
1794.0
0.0
511653.0
285094.0
0.0
100736.0
3345747.0
0.0
1031642.0
0.0
0.0
1188064.0
497806.0
6030.0
2540636.0
0.0
2244084.0
1514988.0
0.0
37667.0
2413146.0
3684736.0
817427.0
567524.0
1656917.0
729347.0
1246220.0
1963397.0
310717.0
49525.0
1568843.0
2565658.0
129702.0
495003.0
2998145.0
1599791.0
0.0
1062440.0
670494.0
0.0
2566041.0
2784947.0
1605630.0
1920456.0
1544182.0
55471.0
3656425.0
1008007.0
1272811.0
0.0
50775.0
57438.0
460683.0
2779955.0
30662.0
49046.0
3428170.0
427297.0
0.0
0.0
312055.0
454710.0
179344.0
213506.0
3178874.0
658167.0
3064782.0
0.0
2715642.0
915695.0
3437661.0
2578828.0
201024.0
1212253.0
2191651.0
100041.0
1559816.0
191715.0
926550.0
438086.0
3031107.0
590617.0
0.0
1687306.0
54146.0
3240445.0
1112303.0
912456.0
32593.0
2302220.0
3459462.0
293013.0
611323.0
2754502.0
221158.0
3349505.0
92515.0
625728.0
0.0
0.0
53127.0
24425.0
17548.0
2531015.0
33941.0
103998.0
352018.0
1785209.0
2837229.0
0.0
3194128.0
2456673.0
3530138.0
3539459.0
2831223.0
0.0
1738185.0
3626267.0
129534.0
79.0
3389156.0
772365.0
1520077.0
1170458.0
470405.0
996790.0
188096.0
1648501.0
1011610.0
1559166.0
2623154.0
0.0
2282185.0
1239327.0
3145109.0
0.0
137400.0
0.0
205694.0
2344639.0
1491546.0
0.0
730166.0
2361903.0
0.0
3577523.0
197048.0
153146.0
168806.0
3061988.0
3674662.0
0.0
2910583.0
2288593.0
1187698.0
952499.0
1176239.0
0.0
0.0
826925.0
0.0
993035.0
350699.0
2907761.0
1193911.0
2715449.0
1771264.0
2614005.0
3076928.0
145581.0
2476817.0
127644.0
515057.0
838582.0
1090414.0
58304.0
161116.0
3438532.0
3676463.0
0.0
2348039.0
95221.0
0.0
748547.0
223.0
0.0
1497196.0
1443518.0
1048885.0
313309.0
3225246.0
10.0
1826753.0
368285.0
1169484.0
319969.0
0.0
29.0
581617.0
1257920.0
0.0
2091234.0
1511222.0
267013.0
3561976.0
101699.0
3668114.0
0.0
590040.0
1711145.0
671226.0
791135.0
69702.0
2640096.0
3094760.0
2213250.0
954275.0
57.0
2830583.0
3374915.0
1945245.0
11926.0
0.0
0.0
156597.0
3366831.0
1722902.0
335576.0
1189186.0
68314.0
0.0
676038.0
2296149.0
0.0
2857700.0
2787832.0
2434576.0
12634.0
0.0
705157.0
7.0
3021246.0
29.0
2676101.0
23651.0
979923.0
3308454.0
77736.0
3526462.0
3554768.0
3128056.0
534808.0
1689024.0
1712955.0
1775840.0
0.0
2672929.0
202498.0
68034.0
432306.0
1047837.0
0.0
101466.0
405964.0
510926.0
0.0
790655.0
3331529.0
0.0
0.0
0.0
127.0
683812.0
84294.0
8419.0
911663.0
3689945.0
0.0
136182.0
0.0
75222.0
0.0
290448.0
0.0
2657555.0
1113929.0
3632608.0
453713.0
0.0
3585616.0
1094598.0
189982.0
2927668.0
154695.0
163405.0
1725655.0
1166852.0
1261504.0
317977.0
1829607.0
608795.0
773884.0
783570.0
1503388.0
0.0
680277.0
1005504.0
658303.0
2523489.0
976369.0
0.0
3466755.0
0.0
1051153.0
2494308.0
1245246.0
0.0
3383025.0
3497103.0
1430832.0
168422.0
53028.0
2366149.0
2.0
71370.0
91891.0
0.0
1593713.0
332785.0
1540581.0
2788956.0
0.0
321521.0
1290603.0
93087.0
25342.0
0.0
195330.0
32857.0
428615.0
2993817.0
2028681.0
1130333.0
0.0
345227.0
0.0
362865.0
3558663.0
148676.0
909547.0
0.0
479621.0
1520330.0
2643763.0
0.0
1391389.0
3655.0
2387.0
358.0
1515547.0
3295118.0
0.0
3600365.0
151046.0
1715840.0
669959.0
841975.0
617955.0
0.0
1001951.0
0.0
705864.0
176296.0
331022.0
962688.0
3538008.0
0.0
2271378.0
89767.0
378487.0
2370955.0
317119.0
1254498.0
1904129.0
228649.0
457347.0
0.0
133243.0
1499604.0
3068925.0
533393.0
0.0
0.0
85.0
3055995.0
3411495.0
332269.0
0.0
0.0
0.0
3461710.0
2712443.0
3276012.0
3670565.0
85180.0
0.0
0.0
93982.0
0.0
0.0
3003037.0
430473.0
1109378.0
398415.0
60188.0
3296202.0
898838.0
0.0
2924359.0
0.0
750112.0
3637775.0
33915.0
0.0
0.0
2064899.0
1044948.0
376646.0
2279006.0
2.0
2231382.0
0.0
3411926.0
588052.0
3465459.0
3238956.0
60.0
0.0
1305069.0
2902517.0
1926989.0
233892.0
2969625.0
2920751.0
0.0
2519139.0
585385.0
335074.0
310884.0
0.0
16485.0
0.0
764141.0
1938850.0
0.0
258646.0
549426.0
0.0
1281654.0
2147693.0
47039.0
1413174.0
0.0
840579.0
1142312.0
1153527.0
336952.0
201704.0
69384.0
2329383.0
46870.0
186885.0
39020.0
429124.0
0.0
175039.0
0.0
264171.0
1550241.0
81231.0
3582906.0
437167.0
2328.0
374421.0
231244.0
419020.0
71.0
220357.0
521953.0
54224.0
2840146.0
2743027.0
2109651.0
99329.0
402649.0
215093.0
1240312.0
38210.0
154043.0
0.0
1768236.0
3483380.0
1244995.0
497967.0
776212.0
0.0
0.0
169092.0
19.0
0.0
1461418.0
0.0
504422.0
3147939.0
0.0
395.0
175859.0
0.0
3680043.0
0.0
965974.0
1432819.0
20250.0
2452808.0
2935610.0
2395429.0
713058.0
1372895.0
0.0
2759676.0
0.0
398878.0
942734.0
2152612.0
0.0
2897349.0
3540662.0
1206225.0
195738.0
1621683.0
63345.0
0.0
1763969.0
3645759.0
0.0
243882.0
1387051.0
0.0
877086.0
1290250.0
138576.0
3581868.0
736460.0
1769435.0
137281.0
48947.0
79.0
139283.0
3506797.0
2021143.0
0.0
1585917.0
0.0
3677405.0
1370500.0
0.0
3484733.0
420009.0
912659.0
2139588.0
0.0
208200.0
3636741.0
31411.0
2183704.0
2761072.0
2394875.0
2018480.0
24948.0
0.0
65.0
3682817.0
54950.0
0.0
1310164.0
1170980.0
18694.0
39835.0
0.0
290753.0
10.0
62149.0
0.0
238022.0
3575944.0
2030405.0
74.0
0.0
0.0
2110226.0
0.0
135964.0
251974.0
586852.0
480039.0
198640.0
0.0
3375783.0
761210.0
2525569.0
1543816.0
8.0
1755902.0
1426541.0
105347.0
2589307.0
2187192.0
481790.0
355.0
3167368.0
711450.0
1344919.0
301545.0
2685403.0
484019.0
1339442.0
1814776.0
419078.0
2030469.0
106375.0
1070133.0
406035.0
1471013.0
2756421.0
293063.0
58881.0
396157.0
1584320.0
353066.0
1099799.0
337328.0
94423.0
2666282.0
3682760.0
0.0
2872359.0
0.0
68728.0
0.0
0.0
402482.0
0.0
1995758.0
177673.0
0.0
0.0
982198.0
727924.0
956430.0
178254.0
2208636.0
1691101.0
681332.0
0.0
2755167.0
168838.0
13585.0
306754.0
569562.0
258634.0
6080.0
1428478.0
4122.0
0.0
3678243.0
383478.0
0.0
2991027.0
1406857.0
460348.0
55567.0
140.0
1227239.0
1278929.0
63304.0
734401.0
93385.0
1645429.0
722917.0
205757.0
1914747.0
2715391.0
30468.0
2155474.0
1083415.0
1163707.0
274421.0
647599.0
101712.0
1022559.0
7.0
2125505.0
3237706.0
989489.0
16341.0
83.0
3443283.0
264894.0
2712877.0
675294.0
1484524.0
503990.0
0.0
746956.0
0.0
2052260.0
0.0
1940311.0
77046.0
2089483.0
1976203.0
315894.0
679982.0
372330.0
0.0
73956.0
2222949.0
20.0
840340.0
68.0
1356367.0
907913.0
0.0
863718.0
0.0
10000.0
0.0
3373416.0
392166.0
486996.0
0.0
0.0
0.0
2733609.0
32.0
2997183.0
84603.0
1856700.0
1107068.0
1774364.0
2789430.0
1681754.0
1300470.0
33324.0
133450.0
1364124.0
161382.0
224061.0
2066393.0
1405006.0
917156.0
1189330.0
1517740.0
336749.0
3300987.0
577581.0
803501.0
1199811.0
1634708.0
666013.0
2267630.0
0.0
714791.0
148978.0
2536.0
2011114.0
0.0
1196586.0
1968665.0
575726.0
0.0
0.0
424814.0
3184524.0
559032.0
579608.0
0.0
1033437.0
403084.0
240388.0
0.0
873431.0
3615044.0
716049.0
78596.0
278013.0
477132.0
0.0
2505576.0
3546111.0
1062231.0
1631078.0
248080.0
399632.0
934763.0
3629409.0
2101961.0
2561524.0
657057.0
364354.0
240451.0
0.0
88059.0
3124018.0
367614.0
70875.0
867589.0
1509245.0
15690.0
61948.0
869761.0
0.0
1731915.0
1563182.0
0.0
0.0
3544578.0
3494811.0
2323275.0
3243005.0
3152709.0
3292685.0
797676.0
2598094.0
248237.0
66336.0
2.0
0.0
2407966.0
108906.0
0.0
1194881.0
12792.0
0.0
721132.0
3434864.0
0.0
0.0
630906.0
1812617.0
0.0
0.0
57340.0
1917549.0
0.0
149307.0
327712.0
149357.0
198913.0
1714057.0
0.0
2981115.0
274458.0
440900.0
38268.0
2165247.0
0.0
1514027.0
1768629.0
799889.0
455413.0
1086762.0
774793.0
0.0
3159681.0
1382187.0
0.0
3319422.0
3062112.0
928984.0
3384084.0
0.0
0.0
1001176.0
1330820.0
1158648.0
1209732.0
0.0
233796.0
2948405.0
70803.0
0.0
2325045.0
592792.0
1786720.0
309525.0
1445580.0
2658357.0
3529823.0
2987487.0
0.0
2771748.0
0.0
519718.0
76.0
648075.0
183663.0
1281473.0
2403413.0
92556.0
454675.0
787443.0
0.0
18930.0
685601.0
432798.0
0.0
85.0
340.0
197.0
1137601.0
186595.0
0.0
2934021.0
1778054.0
0.0
3652810.0
3204471.0
1035568.0
192137.0
1724725.0
7399.0
2755162.0
1595629.0
2281669.0
1825549.0
1242773.0
1164410.0
1403746.0
899297.0
0.0
1618346.0
3599968.0
946944.0
2647999.0
2021790.0
172776.0
2807266.0
0.0
0.0
2047584.0
643336.0
1851868.0
2921011.0
1483372.0
35151.0
1882693.0
3070927.0
641956.0
714215.0
2148907.0
0.0
40834.0
2990984.0
3517232.0
3569064.0
179750.0
860535.0
448279.0
330033.0
24953.0
521970.0
707600.0
59642.0
139689.0
117519.0
45965.0
238944.0
3071374.0
275.0
1102093.0
2680.0
190779.0
243986.0
625405.0
512825.0
454882.0
623322.0
1877604.0
208255.0
1164502.0
0.0
3481987.0
1011603.0
0.0
381148.0
0.0
0.0
1224326.0
0.0
0.0
0.0
3534231.0
2014942.0
1491877.0
29824.0
509992.0
2413767.0
3516738.0
2864284.0
0.0
45152.0
17958.0
11286.0
211486.0
2946419.0
1151304.0
448995.0
1082764.0
0.0
135853.0
670469.0
3045196.0
0.0
2501713.0
158794.0
714340.0
1980027.0
1930518.0
2645201.0
1586693.0
40392.0
0.0
859269.0
309881.0
1712386.0
886682.0
348.0
834421.0
84760.0
3273430.0
1289422.0
3570683.0
0.0
1315930.0
94343.0
190673.0
1185624.0
986673.0
213815.0
0.0
1765237.0
0.0
1162103.0
0.0
20535.0
34898.0
1994407.0
2582388.0
2673812.0
651401.0
700855.0
2604123.0
2067539.0
2253228.0
1288327.0
0.0
625911.0
479475.0
2543658.0
27874.0
171482.0
2815617.0
21523.0
895134.0
1793102.0
577652.0
607918.0
2679370.0
957249.0
0.0
245471.0
1149747.0
224874.0
2529559.0
2913874.0
290240.0
2621484.0
2763898.0
3588008.0
34663.0
0.0
77.0
410857.0
503936.0
1217075.0
63558.0
0.0
0.0
1413479.0
1393809.0
0.0
0.0
404671.0
168869.0
1218619.0
920943.0
3393766.0
49791.0
2964283.0
1705748.0
239901.0
0.0
5740.0
366610.0
1500264.0
756112.0
2214783.0
975350.0
920287.0
3234000.0
51232.0
176.0
0.0
2861277.0
46151.0
221651.0
78277.0
1394164.0
72788.0
570052.0
0.0
139464.0
475481.0
895156.0
63.0
904138.0
1113808.0
3579430.0
3622001.0
2686856.0
103990.0
2334658.0
0.0
1247615.0
60863.0
1219012.0
2109323.0
101890.0
593471.0
0.0
2594486.0
2910357.0
0.0
278031.0
3010700.0
921148.0
0.0
1959237.0
776891.0
0.0
3574058.0
954066.0
174030.0
0.0
2020971.0
0.0
2499750.0
40108.0
1137588.0
1857766.0
2958607.0
3522383.0
1526079.0
1769682.0
3632822.0
0.0
365981.0
3405052.0
348605.0
0.0
426380.0
1612120.0
1687941.0
764595.0
0.0
153333.0
2886901.0
0.0
866655.0
460761.0
0.0
0.0
352977.0
1478681.0
586890.0
1197662.0
695166.0
2054116.0
0.0
377180.0
399025.0
34336.0
146802.0
91693.0
1103278.0
0.0
3335452.0
2087047.0
456700.0
0.0
0.0
2159910.0
3324041.0
2437369.0
2342092.0
3673814.0
42933.0
2927034.0
2893478.0
91394.0
2378139.0
590589.0
1046228.0
2243203.0
3544284.0
0.0
3351730.0
42235.0
320887.0
120261.0
2689719.0
3127131.0
4338.0
0.0
0.0
51112.0
551175.0
2713935.0
2366579.0
280623.0
0.0
1944580.0
568777.0
1634708.0
2163381.0
1321131.0
3450661.0
1643441.0
245770.0
3643842.0
144776.0
1135173.0
711180.0
0.0
3610938.0
62306.0
0.0
0.0
3334410.0
45816.0
68.0
642791.0
3554524.0
1041808.0
253045.0
1052750.0
387778.0
1566861.0
310628.0
1547245.0
897211.0
711516.0
34.0
0.0
105518.0
736838.0
956516.0
2527430.0
3590484.0
1300639.0
3684774.0
1638208.0
71517.0
615710.0
296491.0
0.0
99643.0
2720810.0
1539447.0
1003342.0
3140617.0
2705520.0
325450.0
117117.0
0.0
1665954.0
977099.0
3027692.0
3026480.0
0.0
131887.0
0.0
787053.0
148.0
1458446.0
225229.0
2846289.0
1759547.0
67810.0
680250.0
1829232.0
988487.0
0.0
341276.0
431407.0
943660.0
3530300.0
365885.0
2022091.0
403166.0
36653.0
492775.0
103379.0
83530.0
1170918.0
384908.0
875400.0
1029.0
103708.0
1088225.0
0.0
3377502.0
0.0
0.0
675230.0
414708.0
1201835.0
2993129.0
338265.0
2993363.0
941259.0
1181009.0
53389.0
3466965.0
2763960.0
190391.0
712947.0
0.0
3125449.0
82479.0
1776371.0
32320.0
690996.0
3390552.0
1516888.0
2299671.0
1452065.0
40.0
3263921.0
1127134.0
146553.0
46785.0
266316.0
1364377.0
1989329.0
921670.0
937598.0
173918.0
3394737.0
8.0
134169.0
3030615.0
562866.0
750575.0
497.0
3315898.0
29.0
64951.0
3687717.0
0.0
315868.0
2253207.0
1621286.0
92139.0
616198.0
805173.0
3491440.0
1097229.0
3195298.0
3113156.0
889818.0
227502.0
2937045.0
64024.0
3672861.0
3368138.0
239988.0
436054.0
732551.0
245837.0
1811352.0
1429828.0
1970054.0
224917.0
668716.0
1520544.0
3058489.0
118829.0
556914.0
555907.0
2462468.0
2728618.0
1315391.0
367199.0
2799557.0
1494787.0
0.0
1166291.0
0.0
185485.0
2559802.0
3608774.0
0.0
166800.0
558281.0
33193.0
0.0
1417134.0
24923.0
91315.0
0.0
1718120.0
23269.0
379288.0
3448439.0
10751.0
0.0
364381.0
1948051.0
1601543.0
1216297.0
364507.0
467215.0
0.0
1082217.0
2124923.0
0.0
71189.0
3572367.0
0.0
134.0
3275810.0
413331.0
3467536.0
2144019.0
2840432.0
2026186.0
24700.0
753496.0
582864.0
0.0
2187388.0
1310383.0
393065.0
0.0
131517.0
2302025.0
3431963.0
3281807.0
0.0
2189621.0
2292194.0
2014407.0
0.0
193338.0
1039853.0
33.0
2156703.0
2780081.0
1299457.0
1609056.0
313314.0
0.0
668459.0
20235.0
695977.0
1049967.0
2920417.0
1265366.0
3024629.0
358149.0
0.0
0.0
1565329.0
811652.0
102904.0
0.0
1226114.0
2222708.0
950927.0
671507.0
890837.0
34.0
325867.0
0.0
480086.0
629250.0
307207.0
1543003.0
0.0
873225.0
610965.0
1523453.0
20727.0
0.0
0.0
3007038.0
2608456.0
952532.0
193980.0
3253541.0
750957.0
953295.0
0.0
361313.0
1062055.0
357166.0
2164595.0
3165732.0
2180974.0
927160.0
2065422.0
0.0
0.0
1612855.0
1366511.0
203296.0
0.0
1893694.0
1085041.0
890635.0
3477416.0
830059.0
1053127.0
850324.0
0.0
657946.0
0.0
1279371.0
2283598.0
3423033.0
365571.0
1789069.0
146775.0
2465434.0
0.0
890699.0
3343167.0
263468.0
0.0
41516.0
321802.0
1017815.0
0.0
83651.0
3677445.0
145034.0
25041.0
0.0
127081.0
285068.0
979373.0
261234.0
500239.0
55.0
2006945.0
3543724.0
548418.0
173341.0
39611.0
3186327.0
2791962.0
243352.0
2480094.0
0.0
145426.0
574213.0
0.0
1163.0
1378831.0
212394.0
163312.0
384471.0
38735.0
472039.0
2591712.0
926559.0
3231794.0
1634708.0
290245.0
3652118.0
2170380.0
203607.0
508711.0
0.0
18017.0
866730.0
0.0
0.0
176967.0
1592760.0
3254936.0
1829548.0
3607235.0
116334.0
2217604.0
479984.0
3640616.0
152771.0
499238.0
832954.0
0.0
100588.0
14796.0
250133.0
3506966.0
3366574.0
540512.0
90.0
1603927.0
842438.0
87.0
1391602.0
4.0
956633.0
3052238.0
0.0
1469138.0
14175.0
2725157.0
1440885.0
1879822.0
1104341.0
3512823.0
1100222.0
137358.0
3624038.0
2581176.0
992803.0
1633076.0
8183.0
184492.0
3079561.0
30784.0
2088637.0
328126.0
8420.0
95330.0
931838.0
780352.0
415474.0
10950.0
2010809.0
44365.0
3069244.0
111803.0
2310861.0
3680522.0
0.0
330396.0
28313.0
809682.0
3019311.0
3313281.0
702246.0
0.0
1161398.0
833537.0
1227928.0
2511094.0
2089553.0
3603270.0
83.0
1948169.0
2627227.0
0.0
1019354.0
652509.0
243145.0
105712.0
235830.0
3379448.0
1505406.0
451318.0
1528969.0
0.0
0.0
3336766.0
165441.0
0.0
2664237.0
45682.0
1515733.0
3143988.0
2376184.0
635589.0
0.0
976369.0
2769650.0
0.0
2480194.0
115451.0
644339.0
3052678.0
597825.0
3637060.0
802101.0
0.0
195380.0
255103.0
663438.0
3309889.0
13.0
1559816.0
1224557.0
1053555.0
0.0
637477.0
514563.0
2314206.0
934511.0
3480995.0
63491.0
171394.0
3531536.0
2000186.0
978180.0
833137.0
1367486.0
0.0
3366302.0
862416.0
1100071.0
1098792.0
1581438.0
0.0
859619.0
3406175.0
0.0
218111.0
891149.0
3485509.0
868955.0
29.0
2095402.0
1583853.0
1541135.0
0.0
1576730.0
3292573.0
1326807.0
233050.0
0.0
29753.0
415607.0
0.0
85444.0
228029.0
243478.0
0.0
1063044.0
2721216.0
0.0
2835112.0
0.0
663077.0
187895.0
968702.0
801191.0
47.0
2062692.0
757532.0
2771520.0
3187050.0
0.0
47.0
1884051.0
293159.0
0.0
420150.0
589362.0
0.0
2764717.0
1455516.0
0.0
0.0
336742.0
277551.0
78290.0
36312.0
3514652.0
1856245.0
3570233.0
0.0
0.0
0.0
246856.0
115032.0
494096.0
1154886.0
3550249.0
750292.0
2478390.0
72407.0
116529.0
71.0
71.0
1634708.0
933802.0
1184449.0
0.0
1278844.0
0.0
2417701.0
2413564.0
0.0
2662928.0
3318781.0
0.0
1466303.0
2192857.0
2544862.0
135747.0
2094116.0
0.0
3001448.0
19481.0
168271.0
0.0
0.0
2736408.0
1630394.0
526622.0
208867.0
40576.0
172537.0
2481131.0
0.0
1169048.0
270846.0
513220.0
3007581.0
381388.0
1914396.0
4751.0
46673.0
3595547.0
47934.0
33.0
110806.0
1637809.0
0.0
2972362.0
2511825.0
1784672.0
1043534.0
2400709.0
185508.0
1172240.0
3383713.0
0.0
385155.0
734290.0
1152180.0
0.0
3293603.0
3682930.0
36068.0
1745231.0
1103611.0
3467926.0
583936.0
73658.0
2633657.0
0.0
1341514.0
1429416.0
331020.0
1250831.0
881166.0
3405460.0
142655.0
273854.0
1607036.0
392648.0
0.0
3497824.0
2813981.0
2373873.0
321639.0
3545455.0
1907813.0
1253675.0
1357054.0
1823089.0
227794.0
481763.0
628275.0
0.0
3487729.0
144211.0
407583.0
3532229.0
56.0
3139366.0
1039826.0
0.0
763252.0
1523311.0
378038.0
301531.0
493070.0
1025340.0
885486.0
3653012.0
0.0
1087424.0
3366686.0
94235.0
691484.0
50883.0
1031216.0
0.0
0.0
930833.0
2847626.0
2381328.0
142904.0
28142.0
346758.0
81846.0
1691661.0
0.0
0.0
0.0
3125726.0
1743788.0
750508.0
0.0
29616.0
1301788.0
542385.0
158850.0
22085.0
1653420.0
941726.0
5613.0
480386.0
470327.0
1940328.0
0.0
65143.0
2238030.0
270270.0
3110497.0
186970.0
827835.0
1294077.0
169165.0
1056183.0
2479537.0
2476931.0
1333552.0
270898.0
454981.0
1712025.0
303257.0
0.0
1074752.0
3636254.0
163278.0
0.0
1339010.0
3585260.0
872043.0
256929.0
0.0
2377243.0
0.0
1192019.0
416606.0
730073.0
3126413.0
769053.0
0.0
1088083.0
759021.0
816321.0
71290.0
1632231.0
1521442.0
233762.0
2884042.0
3625933.0
2593905.0
25320.0
0.0
102402.0
3588649.0
2573403.0
34.0
300939.0
2733925.0
1637.0
63849.0
3656385.0
2708293.0
56781.0
98763.0
457490.0
0.0
722727.0
173970.0
2627445.0
17467.0
13002.0
0.0
0.0
1531405.0
0.0
0.0
2604299.0
0.0
0.0
0.0
3541094.0
0.0
1618429.0
169035.0
721214.0
295744.0
1.0
3673817.0
1894505.0
2086858.0
2613937.0
37794.0
375807.0
2107949.0
913835.0
886692.0
345010.0
2203399.0
0.0
2925052.0
141.0
69312.0
94266.0
3530383.0
1111009.0
1829924.0
603396.0
0.0
718952.0
1006829.0
1553908.0
1312749.0
421446.0
0.0
0.0
70712.0
829033.0
0.0
11592.0
92641.0
1648464.0
753486.0
0.0
1474294.0
88148.0
33561.0
3595221.0
0.0
0.0
784352.0
2311180.0
0.0
1214150.0
0.0
77794.0
3576461.0
1061200.0
3434343.0
10.0
895380.0
0.0
0.0
0.0
2246335.0
0.0
1084385.0
1570344.0
0.0
0.0
1502742.0
326573.0
3420959.0
53189.0
140113.0
103173.0
1730925.0
2077409.0
421524.0
1356406.0
34080.0
0.0
705979.0
0.0
177023.0
480931.0
0.0
0.0
3590129.0
0.0
0.0
0.0
3183831.0
75305.0
3639234.0
2212625.0
597493.0
364842.0
2325065.0
2702077.0
3229890.0
2457969.0
0.0
3272154.0
3614836.0
0.0
2097621.0
0.0
2.0
3193859.0
2512925.0
3114234.0
1127712.0
1704493.0
3219720.0
719086.0
505692.0
52979.0
1029892.0
1477057.0
2582091.0
3668298.0
219.0
2949004.0
1954624.0
1444108.0
0.0
2488578.0
726588.0
0.0
1645881.0
2660237.0
2978782.0
1099602.0
1062864.0
1003973.0
201454.0
830121.0
747164.0
0.0
0.0
665458.0
96.0
1629646.0
3685687.0
170851.0
368948.0
2634449.0
27105.0
142504.0
1879686.0
0.0
636672.0
2534378.0
438681.0
0.0
934846.0
545803.0
802685.0
0.0
3636010.0
3493964.0
1696371.0
324258.0
1036811.0
0.0
2878362.0
920935.0
98163.0
516549.0
48257.0
3572071.0
75.0
35437.0
194.0
3465938.0
937369.0
6.0
1175514.0
0.0
135.0
2922866.0
3465832.0
234658.0
472576.0
1549904.0
2767365.0
1564239.0
948253.0
1274507.0
821019.0
3582624.0
110997.0
2639604.0
492542.0
195963.0
124145.0
1987177.0
2730720.0
834681.0
1973863.0
703482.0
3401052.0
50205.0
0.0
2416452.0
0.0
1570374.0
19.0
0.0
2929015.0
1935605.0
0.0
87492.0
1248316.0
0.0
1003743.0
127776.0
372429.0
0.0
80.0
478043.0
232339.0
1589149.0
1292743.0
0.0
1306285.0
266.0
0.0
2941851.0
268551.0
1571855.0
0.0
0.0
2138365.0
94590.0
2920797.0
1308624.0
0.0
0.0
2193056.0
0.0
1157525.0
3501844.0
2552575.0
3294178.0
1418635.0
0.0
0.0
0.0
0.0
9.0
2790966.0
0.0
932037.0
234456.0
630063.0
598249.0
1802191.0
693923.0
314112.0
2713409.0
0.0
445229.0
0.0
1174257.0
1723258.0
0.0
2207665.0
3088506.0
842259.0
1412489.0
1313574.0
490918.0
344525.0
1829178.0
181139.0
311166.0
84141.0
0.0
1686636.0
2565423.0
606904.0
1013427.0
3069498.0
204030.0
1223386.0
1875870.0
0.0
0.0
2995262.0
147530.0
3363446.0
1366735.0
723386.0
1341590.0
0.0
198343.0
2668269.0
2538391.0
0.0
3047435.0
2797201.0
0.0
61775.0
71.0
233282.0
1500264.0
2721474.0
2516929.0
16859.0
0.0
1293562.0
3521480.0
2009146.0
1015667.0
1723863.0
2639980.0
3122194.0
0.0
1908813.0
0.0
2662041.0
1244922.0
3067365.0
101915.0
1918555.0
1693039.0
3551247.0
1467256.0
1164887.0
1769110.0
1914105.0
2497831.0
2166051.0
0.0
9272.0
94912.0
1016445.0
690765.0
1999137.0
3657316.0
2841594.0
191209.0
618254.0
771417.0
150391.0
148399.0
0.0
0.0
0.0
0.0
61938.0
718622.0
795973.0
0.0
2521367.0
1392572.0
47601.0
0.0
0.0
457920.0
132427.0
1964876.0
51297.0
2396587.0
3657411.0
3439330.0
646346.0
57003.0
0.0
106312.0
807568.0
155342.0
748699.0
143744.0
357446.0
0.0
0.0
3252798.0
0.0
63552.0
522483.0
5440.0
0.0
959938.0
788439.0
2285482.0
0.0
37441.0
2743824.0
1978209.0
1416939.0
2450882.0
2587894.0
0.0
0.0
1776171.0
164585.0
56182.0
61899.0
50010.0
3129970.0
2532163.0
0.0
2916531.0
24555.0
0.0
0.0
0.0
1696551.0
537925.0
212213.0
886237.0
1833322.0
1088979.0
2123014.0
16280.0
0.0
341633.0
0.0
40176.0
482345.0
154619.0
945180.0
3125919.0
0.0
547326.0
983732.0
220277.0
0.0
3199836.0
172715.0
0.0
0.0
337376.0
667874.0
4333.0
1310889.0
3406604.0
240515.0
275560.0
0.0
0.0
0.0
928169.0
1561605.0
460069.0
0.0
3420273.0
2683289.0
2682065.0
3395558.0
0.0
1205089.0
3010330.0
968.0
1956603.0
364289.0
2981152.0
401343.0
3228570.0
883645.0
1635930.0
140709.0
1505497.0
545955.0
50362.0
0.0
2067552.0
458818.0
0.0
0.0
2198163.0
3660397.0
0.0
41921.0
243217.0
2456450.0
652872.0
0.0
948604.0
3440564.0
916010.0
0.0
424029.0
1422588.0
940584.0
2410980.0
0.0
1717167.0
0.0
0.0
281628.0
436521.0
46042.0
0.0
3192271.0
178.0
1879409.0
2331732.0
86466.0
152354.0
599302.0
1025814.0
251106.0
1083211.0
231472.0
3362958.0
1431314.0
343273.0
381325.0
450620.0
0.0
100639.0
2389958.0
1106540.0
0.0
2479959.0
2759779.0
124039.0
1632050.0
3265204.0
580052.0
3135993.0
21912.0
2746930.0
3487948.0
62423.0
3682751.0
56398.0
7825.0
24.0
227029.0
0.0
0.0
271091.0
0.0
18.0
845716.0
3638078.0
3129629.0
83.0
84135.0
871439.0
1078228.0
1088020.0
0.0
246940.0
1.0
43329.0
485203.0
0.0
653131.0
3580289.0
956677.0
1187449.0
94991.0
3649619.0
192455.0
953004.0
3033813.0
710795.0
2276444.0
0.0
425461.0
0.0
1154669.0
418352.0
117447.0
151531.0
394608.0
2559793.0
1985405.0
820585.0
99053.0
2641799.0
3453744.0
526501.0
208910.0
1162303.0
769550.0
529716.0
2511724.0
2099201.0
0.0
532839.0
2350668.0
103633.0
981538.0
1917970.0
0.0
3316214.0
321134.0
3517553.0
3050976.0
2216511.0
0.0
717692.0
146895.0
253248.0
335439.0
55.0
644511.0
1017927.0
81384.0
0.0
0.0
1672491.0
917299.0
817344.0
67641.0
143729.0
2396200.0
3480289.0
176165.0
0.0
3650230.0
750461.0
3251346.0
246764.0
3368787.0
0.0
17983.0
4196.0
75.0
2969007.0
1150242.0
1856152.0
1570772.0
0.0
1315922.0
0.0
1364454.0
732437.0
1634708.0
652429.0
242196.0
0.0
1477750.0
238456.0
0.0
0.0
2683506.0
3180707.0
1479935.0
51992.0
0.0
1709859.0
8282.0
3108360.0
138394.0
879233.0
0.0
0.0
740611.0
3279486.0
1546699.0
0.0
0.0
1258540.0
3679115.0
0.0
0.0
0.0
0.0
1446106.0
2233400.0
0.0
85494.0
47816.0
629777.0
1634708.0
3603461.0
0.0
0.0
443854.0
1059221.0
0.0
1366952.0
88220.0
0.0
0.0
733507.0
0.0
0.0
34913.0
28088.0
822640.0
2609139.0
1453525.0
1076857.0
3476297.0
1059656.0
8980.0
3141531.0
290866.0
345837.0
705193.0
1232913.0
3552523.0
315342.0
1165655.0
168375.0
0.0
1215996.0
739858.0
24197.0
1140503.0
0.0
3535644.0
3644337.0
1634708.0
3317577.0
892786.0
0.0
1105705.0
1540182.0
568157.0
46526.0
464815.0
3528351.0
3629794.0
141431.0
12.0
3638534.0
3317982.0
0.0
530694.0
0.0
66277.0
3685088.0
2017426.0
301601.0
121504.0
1027281.0
746442.0
0.0
45681.0
1487169.0
149336.0
0.0
84141.0
1636857.0
0.0
2773840.0
1606916.0
1548780.0
902366.0
0.0
957962.0
204592.0
1937055.0
502824.0
1437823.0
0.0
0.0
624788.0
764691.0
1970362.0
1383801.0
2189648.0
2517062.0
1150374.0
2793338.0
383602.0
0.0
195927.0
302663.0
2245332.0
0.0
495940.0
158772.0
1119643.0
1754224.0
553284.0
0.0
3591937.0
4006.0
0.0
746316.0
3043510.0
3401214.0
934450.0
0.0
0.0
3241418.0
939084.0
142188.0
1891906.0
286600.0
114224.0
2440438.0
836235.0
315063.0
484920.0
3516384.0
191364.0
1937871.0
3668957.0
2743258.0
3686844.0
3301299.0
3654331.0
2709698.0
137924.0
702085.0
20.0
40374.0
321381.0
11034.0
2735873.0
421756.0
1629349.0
242188.0
45965.0
756649.0
0.0
5.0
15545.0
0.0
2409726.0
408302.0
3071851.0
0.0
3557735.0
3104613.0
2645.0
37.0
1139332.0
111.0
0.0
1675012.0
2463357.0
1254231.0
486454.0
144335.0
2339389.0
906392.0
3143908.0
2437144.0
2000048.0
1229623.0
0.0
3190189.0
97981.0
209570.0
1159912.0
2600267.0
2861097.0
69792.0
649167.0
923530.0
303763.0
1529033.0
2416173.0
0.0
497458.0
1534536.0
181311.0
0.0
0.0
0.0
137614.0
3642685.0
3361804.0
2451264.0
1606294.0
0.0
3366070.0
923516.0
921441.0
1099142.0
623183.0
1524782.0
2661542.0
0.0
46649.0
0.0
285639.0
3447306.0
330759.0
2928231.0
0.0
0.0
2632918.0
6536.0
3051947.0
10.0
99184.0
0.0
2396400.0
710657.0
2734447.0
2133800.0
2039085.0
87432.0
58939.0
0.0
2341056.0
1634708.0
0.0
0.0
1481174.0
673379.0
3249057.0
285972.0
342985.0
1906566.0
0.0
0.0
208765.0
0.0
79.0
14801.0
200642.0
1647940.0
1579961.0
978975.0
1534118.0
0.0
3288313.0
1029488.0
0.0
79.0
224344.0
1300738.0
1312225.0
0.0
68070.0
153204.0
0.0
964231.0
826657.0
1160.0
319782.0
902669.0
314967.0
930266.0
383095.0
950827.0
1147388.0
0.0
166020.0
2450048.0
3642574.0
3509347.0
0.0
61407.0
104750.0
1062850.0
3332232.0
1514919.0
0.0
2206690.0
51.0
0.0
3285946.0
694275.0
1081195.0
0.0
1634708.0
3246430.0
3473676.0
1152233.0
227825.0
293927.0
3615489.0
1244559.0
3070974.0
0.0
45477.0
1184811.0
154296.0
660558.0
0.0
3354885.0
0.0
1862286.0
3681455.0
3027893.0
1471269.0
2077841.0
1723636.0
202376.0
508454.0
50914.0
68.0
9.0
969478.0
1233270.0
172774.0
126878.0
0.0
954377.0
0.0
1691918.0
1634708.0
0.0
0.0
3673912.0
2618416.0
79863.0
1266112.0
0.0
2083637.0
89902.0
48708.0
2947618.0
309625.0
71939.0
7.0
1301458.0
0.0
1177468.0
0.0
262663.0
2760472.0
3428341.0
152969.0
1634708.0
2475198.0
0.0
3417292.0
0.0
2307494.0
1936345.0
0.0
154754.0
578365.0
0.0
138164.0
890254.0
2821256.0
1634708.0
434341.0
0.0
2868810.0
132236.0
0.0
0.0
0.0
677973.0
225513.0
2460107.0
0.0
1834379.0
15279.0
191.0
380.0
1402076.0
656101.0
483950.0
2259897.0
0.0
1634708.0
0.0
0.0
2677776.0
0.0
1193323.0
656898.0
1061736.0
201026.0
0.0
334885.0
3631666.0
884212.0
135049.0
92955.0
2467978.0
0.0
1481330.0
0.0
896318.0
0.0
3027649.0
2522070.0
1625430.0
1634708.0
251000.0
3462833.0
1073998.0
0.0
51523.0
1970723.0
3260392.0
16696.0
12.0
357142.0
97351.0
776231.0
0.0
46805.0
3607981.0
834349.0
3502658.0
2336088.0
0.0
3477306.0
141652.0
159576.0
0.0
22133.0
0.0
2087459.0
0.0
596632.0
1036395.0
0.0
1306507.0
0.0
2911184.0
721404.0
0.0
369383.0
3638835.0
293708.0
1038719.0
0.0
1420054.0
0.0
0.0
1302429.0
2335366.0
1414080.0
26026.0
1871645.0
1102594.0
176.0
2335827.0
2043379.0
87857.0
1273976.0
1724141.0
1462758.0
2487230.0
2651030.0
0.0
205865.0
101689.0
462244.0
2712072.0
1285890.0
762261.0
3581449.0
3134674.0
0.0
1634708.0
732612.0
207671.0
3108116.0
2644433.0
3609262.0
889167.0
25725.0
409166.0
493.0
1569141.0
109059.0
60897.0
3318502.0
3135658.0
566139.0
24337.0
574846.0
1232236.0
1562488.0
0.0
2585036.0
1320832.0
0.0
0.0
0.0
1138750.0
0.0
1099262.0
77.0
897579.0
910765.0
2711254.0
0.0
0.0
3433982.0
66252.0
2067826.0
2740094.0
2558105.0
651964.0
2301441.0
3643715.0
444116.0
3048017.0
0.0
1304398.0
214067.0
10836.0
1632351.0
0.0
46147.0
0.0
975386.0
584000.0
2670958.0
1019001.0
268932.0
525092.0
2671958.0
0.0
3633866.0
2177522.0
0.0
2102852.0
1653970.0
150875.0
3501571.0
2465658.0
3185176.0
0.0
107100.0
66758.0
144499.0
3131617.0
3026319.0
1410703.0
2302249.0
202.0
2918541.0
0.0
112593.0
335086.0
252106.0
0.0
181109.0
202467.0
3659619.0
1817716.0
2222281.0
74.0
0.0
847135.0
0.0
210734.0
15814.0
523459.0
629186.0
1198878.0
2870555.0
372273.0
0.0
739366.0
289527.0
2736603.0
245440.0
185833.0
261657.0
2733147.0
3434331.0
234671.0
1583620.0
11003.0
84156.0
1396643.0
0.0
0.0
3222760.0
153416.0
3562179.0
17210.0
115577.0
0.0
52960.0
630589.0
1395111.0
336295.0
493180.0
993045.0
1463317.0
0.0
1161959.0
444863.0
0.0
0.0
551549.0
114176.0
244319.0
579931.0
3095558.0
238686.0
989024.0
63003.0
690390.0
2599054.0
1356367.0
3632203.0
1740751.0
742634.0
293759.0
917294.0
2551925.0
345518.0
2711212.0
494098.0
2554785.0
361999.0
2927668.0
250689.0
3518527.0
48952.0
293904.0
788661.0
90598.0
33241.0
439630.0
35433.0
1415790.0
1165257.0
0.0
3167613.0
0.0
396717.0
1871346.0
0.0
3540459.0
1460690.0
2800064.0
1018445.0
0.0
3608269.0
70032.0
400810.0
1257004.0
3544575.0
110651.0
3626910.0
2773113.0
0.0
25855.0
0.0
244189.0
0.0
1910931.0
1792291.0
0.0
2073809.0
640957.0
156051.0
155.0
0.0
436337.0
3439888.0
1889905.0
1485610.0
116244.0
960423.0
3003117.0
1850927.0
0.0
1156643.0
3644937.0
0.0
92.0
607846.0
2604242.0
678815.0
611421.0
1045100.0
1467857.0
625039.0
3627980.0
141682.0
0.0
3281484.0
0.0
332156.0
0.0
3350395.0
23940.0
71092.0
278273.0
118858.0
743560.0
636566.0
1229785.0
3220622.0
101963.0
707075.0
933992.0
464684.0
40884.0
346005.0
2771522.0
1133079.0
529419.0
0.0
3292784.0
6024.0
0.0
97127.0
3594191.0
0.0
169575.0
57486.0
3618705.0
0.0
3663343.0
1367248.0
1874645.0
215606.0
428046.0
2186295.0
701184.0
956972.0
2083076.0
66072.0
0.0
0.0
1080270.0
1334590.0
1445387.0
474082.0
7256.0
1890801.0
23544.0
762163.0
11.0
309226.0
66906.0
1112823.0
555432.0
0.0
921474.0
41398.0
2291283.0
3587924.0
241845.0
86047.0
3625257.0
264509.0
1450924.0
2693302.0
0.0
1747867.0
849766.0
550059.0
8548.0
0.0
1085144.0
2471808.0
0.0
1965631.0
2071732.0
1699643.0
170825.0
139566.0
1416037.0
0.0
0.0
777296.0
112234.0
3674476.0
594246.0
985109.0
2576296.0
0.0
41135.0
1263948.0
48058.0
2490208.0
214100.0
118339.0
2133432.0
786664.0
0.0
792489.0
0.0
2511697.0
0.0
0.0
1003990.0
2716147.0
1241580.0
740597.0
2327234.0
1672950.0
1059323.0
3444763.0
1524927.0
312121.0
51809.0
3641646.0
0.0
172541.0
3678941.0
656838.0
3614681.0
71851.0
3130130.0
263843.0
1818871.0
367143.0
0.0
413277.0
350874.0
0.0
0.0
583408.0
1618881.0
2927493.0
1572478.0
128144.0
3029757.0
0.0
1648557.0
355.0
1423715.0
150294.0
1310127.0
442285.0
1386857.0
781572.0
1277753.0
82158.0
153679.0
1771630.0
372844.0
706717.0
48123.0
1376584.0
1585049.0
1016366.0
1360911.0
0.0
2266909.0
0.0
0.0
353644.0
77598.0
1361394.0
728631.0
3307484.0
12.0
298362.0
141712.0
536634.0
1673936.0
1072298.0
3505849.0
1049469.0
38701.0
1218703.0
0.0
2026342.0
1593510.0
1634708.0
3272426.0
0.0
1289135.0
464378.0
21.0
3242000.0
2832640.0
86.0
3110162.0
1505143.0
21956.0
1397699.0
3241571.0
3037850.0
10.0
183677.0
0.0
3113049.0
3595072.0
2070179.0
103814.0
950310.0
821218.0
0.0
0.0
556774.0
1768079.0
792740.0
2714834.0
1068539.0
1927435.0
3636907.0
2747229.0
131402.0
3536013.0
248365.0
3513693.0
1653903.0
953286.0
3665518.0
3229283.0
0.0
28450.0
3523573.0
176959.0
0.0
2688358.0
2173714.0
0.0
0.0
3114235.0
570298.0
10.0
3525807.0
1973255.0
951994.0
3560897.0
986084.0
0.0
241832.0
0.0
2092260.0
2123044.0
920022.0
3658316.0
555199.0
2544827.0
3362216.0
918586.0
231314.0
1976932.0
2214982.0
0.0
156512.0
1012951.0
1209766.0
2351528.0
3507028.0
1017759.0
2759782.0
2348482.0
336444.0
474516.0
0.0
1634708.0
209983.0
75.0
9.0
3533002.0
579608.0
2742933.0
3027759.0
0.0
1307590.0
1.0
6085.0
770454.0
190564.0
0.0
1634708.0
1016119.0
1060968.0
1739695.0
0.0
286447.0
695097.0
82708.0
87699.0
4480.0
2601547.0
390219.0
0.0
8624.0
1079022.0
179698.0
1349038.0
3169.0
1872239.0
0.0
0.0
610373.0
311173.0
2564671.0
0.0
1837366.0
1766764.0
3611636.0
1203770.0
0.0
1079733.0
517723.0
13609.0
3008915.0
2937195.0
890595.0
0.0
0.0
2274996.0
319581.0
787725.0
2463618.0
283851.0
1945613.0
129651.0
2232460.0
12.0
12584.0
1233605.0
1007398.0
3318644.0
133570.0
0.0
1853679.0
488363.0
550192.0
2927668.0
1538934.0
0.0
915011.0
11760.0
2469687.0
1513062.0
298054.0
0.0
1203962.0
41364.0
2.0
174086.0
2045617.0
1539490.0
1226683.0
1391504.0
2930735.0
367.0
0.0
952434.0
637506.0
1736681.0
61759.0
0.0
1021363.0
2836160.0
3068901.0
152042.0
1114547.0
3437038.0
1114364.0
2409800.0
691413.0
539589.0
566878.0
2626641.0
3072717.0
3175309.0
2828806.0
1565086.0
220687.0
1185509.0
1692382.0
2300378.0
267260.0
1634708.0
350404.0
925637.0
0.0
21236.0
1448827.0
6849.0
0.0
0.0
2866456.0
163253.0
1504526.0
0.0
0.0
2627375.0
992883.0
3065014.0
0.0
28725.0
324012.0
3581761.0
2670265.0
111603.0
28701.0
92945.0
3582625.0
0.0
978349.0
2869741.0
3611123.0
538688.0
3292568.0
0.0
1596758.0
92654.0
3201.0
2767362.0
2130322.0
0.0
3461543.0
305257.0
1297305.0
0.0
2340484.0
169469.0
3522215.0
763535.0
984601.0
2710629.0
1023668.0
73500.0
809302.0
54224.0
879105.0
1124069.0
29950.0
3371213.0
2494707.0
664993.0
924096.0
157687.0
1929486.0
1536212.0
1151172.0
228006.0
1902774.0
1069604.0
1477686.0
790163.0
609338.0
0.0
449587.0
0.0
279144.0
926743.0
21893.0
96195.0
1939508.0
0.0
1592888.0
1225628.0
447388.0
0.0
2991920.0
555530.0
0.0
1207627.0
3533574.0
3597579.0
1879877.0
2401064.0
0.0
63029.0
3657398.0
2465068.0
630833.0
3645006.0
147061.0
0.0
0.0
199879.0
0.0
1544103.0
0.0
822285.0
493282.0
1183029.0
697433.0
823782.0
2144826.0
208352.0
125427.0
155147.0
2045347.0
3551149.0
288904.0
2228452.0
1370048.0
0.0
141.0
751026.0
70191.0
442112.0
220099.0
82549.0
3305052.0
271253.0
1010015.0
46543.0
0.0
2137006.0
2276622.0
1173143.0
2357257.0
2668596.0
1571210.0
2165947.0
73371.0
384113.0
1634708.0
3689.0
1154752.0
1215062.0
2076618.0
1088628.0
1634708.0
3655503.0
768939.0
2700427.0
0.0
485328.0
59369.0
1429841.0
3435267.0
895768.0
1082672.0
1967435.0
326597.0
1199279.0
441349.0
733021.0
3533548.0
969768.0
1181723.0
3342164.0
305056.0
42462.0
3658057.0
2664042.0
2366707.0
7.0
2772527.0
7270.0
458227.0
3589983.0
3487194.0
0.0
1219548.0
158880.0
1450.0
23248.0
951685.0
585727.0
2417598.0
3442374.0
545413.0
3607060.0
0.0
1599449.0
3399870.0
3419008.0
2473599.0
2453495.0
0.0
38747.0
595494.0
3573168.0
0.0
2311417.0
307574.0
1956333.0
328877.0
1776740.0
365970.0
1149768.0
223459.0
963718.0
213042.0
257239.0
725876.0
1035056.0
3567456.0
48974.0
3597933.0
3151574.0
985891.0
2660618.0
2450316.0
80.0
0.0
945044.0
3509930.0
3148906.0
3491660.0
2981741.0
3313010.0
3614836.0
108981.0
1131818.0
167733.0
2427789.0
2210238.0
498459.0
1304752.0
937086.0
0.0
0.0
1528433.0
3292880.0
174770.0
1618018.0
2601578.0
0.0
217164.0
44064.0
744650.0
18327.0
1429531.0
0.0
53902.0
0.0
3570913.0
1023583.0
0.0
1038245.0
348078.0
335470.0
948834.0
705467.0
2206199.0
179814.0
0.0
637412.0
3539912.0
125172.0
1194158.0
0.0
53034.0
3333145.0
0.0
932426.0
955024.0
3472702.0
2312430.0
5411.0
1257855.0
79.0
0.0
1422455.0
0.0
1978716.0
69957.0
0.0
3337665.0
0.0
1496187.0
3501751.0
176264.0
0.0
206712.0
2307748.0
1629875.0
506955.0
139790.0
3570110.0
0.0
2140409.0
0.0
3614924.0
88723.0
418824.0
998788.0
112761.0
717644.0
120563.0
0.0
3492971.0
1431454.0
2780104.0
377521.0
621500.0
103304.0
711614.0
1080487.0
5720.0
964773.0
1841981.0
2423242.0
1226139.0
3327318.0
2363713.0
3568663.0
1059087.0
0.0
0.0
3439142.0
2789430.0
1473209.0
3523928.0
3648708.0
3514029.0
0.0
159661.0
0.0
2777739.0
3361957.0
1711573.0
99372.0
18845.0
0.0
208512.0
944130.0
3004593.0
443245.0
33850.0
2747270.0
0.0
580211.0
1556583.0
928804.0
25833.0
29182.0
827079.0
5.0
0.0
3092.0
1309159.0
3199850.0
623353.0
2367622.0
3572278.0
0.0
131.0
0.0
50225.0
2487831.0
3310509.0
1782660.0
123383.0
3401932.0
3583344.0
0.0
123701.0
2639102.0
1325759.0
0.0
2375137.0
1492318.0
383484.0
1537787.0
946846.0
0.0
1608871.0
2847939.0
0.0
402708.0
0.0
2005054.0
0.0
2545870.0
423301.0
746773.0
3019083.0
3601822.0
0.0
1583293.0
1958340.0
1267999.0
2422232.0
1530320.0
459342.0
1183925.0
892218.0
723905.0
0.0
1610900.0
458487.0
195571.0
2416879.0
45650.0
3244155.0
347.0
168218.0
3529587.0
2606736.0
0.0
1809497.0
159462.0
77924.0
2138593.0
2413467.0
288948.0
0.0
0.0
283295.0
3607.0
91739.0
266315.0
247199.0
0.0
3249804.0
2755901.0
536435.0
507807.0
541583.0
0.0
1228089.0
0.0
879501.0
45650.0
573954.0
370187.0
207572.0
194012.0
816083.0
194017.0
171335.0
2757091.0
1509064.0
0.0
287628.0
32113.0
0.0
0.0
231551.0
1679546.0
123601.0
107522.0
3615766.0
560588.0
54616.0
3609843.0
29963.0
489686.0
1534252.0
793806.0
651789.0
0.0
2135669.0
20854.0
354138.0
727016.0
0.0
0.0
0.0
2777656.0
1776193.0
196120.0
0.0
1695766.0
0.0
6252.0
1692663.0
2904553.0
0.0
14730.0
0.0
9.0
1798861.0
1133973.0
67852.0
3234841.0
0.0
1042307.0
10.0
0.0
50660.0
2878171.0
708107.0
3400840.0
0.0
3439657.0
751051.0
1237918.0
388001.0
300990.0
1304524.0
670210.0
1019317.0
1416023.0
1596144.0
0.0
3131917.0
2624001.0
0.0
3591023.0
339.0
2206082.0
1102560.0
10392.0
67563.0
3207490.0
19311.0
0.0
603643.0
0.0
99.0
678985.0
71584.0
2753423.0
481320.0
236456.0
0.0
3419072.0
0.0
0.0
0.0
1711641.0
2104390.0
2761181.0
1959415.0
3171157.0
3641180.0
218509.0
2658432.0
0.0
3623538.0
0.0
2491180.0
3502534.0
2745961.0
22271.0
533848.0
2713842.0
2112255.0
41269.0
0.0
604952.0
1616058.0
1109713.0
3278017.0
1087747.0
8.0
2479537.0
1217883.0
0.0
0.0
0.0
2873752.0
413083.0
27850.0
2042898.0
2905416.0
3468315.0
0.0
306264.0
0.0
33425.0
87906.0
635932.0
2473808.0
1440371.0
1011237.0
615141.0
0.0
3505734.0
207317.0
58494.0
59802.0
198302.0
3483828.0
737539.0
300820.0
82410.0
0.0
419670.0
0.0
3663477.0
1562932.0
1569202.0
2809308.0
0.0
12677.0
1827968.0
2223079.0
3639269.0
631596.0
2735858.0
2791388.0
29155.0
0.0
16404.0
823754.0
3546606.0
0.0
1364373.0
0.0
652259.0
555666.0
1930813.0
845143.0
569484.0
1150173.0
2941327.0
175322.0
1535295.0
0.0
7647.0
880552.0
2263650.0
192455.0
2765322.0
56.0
1717237.0
1249875.0
3300403.0
428835.0
0.0
303257.0
1011655.0
3350373.0
50966.0
59373.0
40373.0
682946.0
1018791.0
2392883.0
400994.0
2454.0
621747.0
3161293.0
345201.0
188283.0
3189695.0
310832.0
20.0
0.0
0.0
0.0
1634199.0
2248299.0
1355486.0
562912.0
394827.0
3558639.0
2200094.0
1017333.0
2927087.0
0.0
805900.0
199717.0
0.0
2163711.0
635210.0
356.0
1634708.0
0.0
1497505.0
446179.0
378295.0
3063755.0
3197022.0
64334.0
183776.0
87172.0
15261.0
0.0
1969466.0
3403306.0
525263.0
0.0
81425.0
1458356.0
0.0
2564646.0
1435639.0
2608139.0
3449141.0
1837477.0
3660373.0
991761.0
410640.0
0.0
3189977.0
263235.0
2459841.0
2787603.0
1591908.0
1466560.0
1509620.0
950694.0
2265945.0
735875.0
2760888.0
2724586.0
0.0
147600.0
3549369.0
2090223.0
473781.0
3578037.0
2325734.0
27948.0
2755297.0
1651436.0
1824485.0
0.0
1021887.0
21096.0
628052.0
83524.0
713515.0
372436.0
558736.0
333348.0
956102.0
58873.0
0.0
1387498.0
0.0
0.0
205257.0
431599.0
2039856.0
55231.0
1861173.0
0.0
0.0
2765062.0
0.0
0.0
2119918.0
3670944.0
811901.0
30366.0
1634708.0
3360839.0
786031.0
0.0
2379774.0
490548.0
0.0
429081.0
2537837.0
27620.0
1372152.0
182439.0
0.0
0.0
2452545.0
271790.0
3566401.0
19866.0
186164.0
2909636.0
392478.0
9.0
3528226.0
977715.0
1556658.0
833818.0
0.0
3535737.0
1633403.0
1164927.0
2655722.0
979411.0
0.0
65081.0
799694.0
470030.0
3657652.0
1345209.0
0.0
70810.0
265379.0
0.0
2461734.0
528739.0
44538.0
2298328.0
848283.0
60863.0
0.0
255341.0
3416608.0
1090248.0
0.0
2935350.0
119202.0
21334.0
181639.0
0.0
0.0
1568276.0
1116153.0
185638.0
140101.0
788468.0
3009058.0
265563.0
0.0
1060518.0
2874382.0
3295039.0
2015034.0
2398488.0
3623001.0
1378628.0
547104.0
168246.0
1634708.0
2130930.0
333451.0
3675139.0
308680.0
219379.0
3422873.0
912689.0
2490918.0
2752146.0
38474.0
1029932.0
953690.0
375772.0
871018.0
173840.0
595530.0
2940288.0
71.0
121494.0
2851.0
149128.0
1466887.0
0.0
387137.0
0.0
3077597.0
0.0
28.0
2471971.0
204.0
0.0
1309244.0
3494791.0
1213258.0
1060688.0
2593221.0
22052.0
2439627.0
1274208.0
1928658.0
1425470.0
3600701.0
2318895.0
3037851.0
2715702.0
3491035.0
147248.0
0.0
715398.0
936372.0
0.0
589481.0
103729.0
2172826.0
0.0
429594.0
133066.0
3408679.0
2539870.0
451010.0
151678.0
2493704.0
36193.0
425237.0
195729.0
296513.0
0.0
53377.0
0.0
1711490.0
730130.0
199178.0
104158.0
3622443.0
75.0
19146.0
0.0
147732.0
0.0
0.0
1638950.0
554686.0
0.0
3525283.0
120072.0
0.0
2133192.0
0.0
2943136.0
0.0
72815.0
0.0
146160.0
1926223.0
0.0
0.0
89789.0
701103.0
0.0
2832268.0
1620464.0
2631148.0
3478787.0
1021212.0
1104088.0
39597.0
220983.0
455242.0
884555.0
17421.0
133800.0
0.0
3624424.0
2739490.0
1041828.0
44.0
1452324.0
1305871.0
0.0
2715273.0
0.0
862530.0
2579046.0
1387488.0
318609.0
385560.0
0.0
0.0
187964.0
327811.0
436162.0
2697429.0
471293.0
3428386.0
1001505.0
323029.0
114.0
58269.0
0.0
3097625.0
277821.0
429954.0
898553.0
466561.0
2002731.0
1496120.0
1185876.0
715572.0
3554996.0
3421298.0
1951109.0
0.0
0.0
0.0
404659.0
2504164.0
911088.0
307677.0
624738.0
776381.0
0.0
0.0
248209.0
861305.0
3644433.0
1865292.0
1274919.0
499422.0
616596.0
0.0
2889718.0
1922689.0
20491.0
1151304.0
3415358.0
0.0
315489.0
28760.0
2708629.0
2875390.0
3653890.0
955295.0
0.0
1571905.0
0.0
3555918.0
10869.0
2941030.0
217056.0
355.0
2825181.0
2563324.0
187356.0
117393.0
932362.0
41663.0
2774676.0
1578034.0
104744.0
3626935.0
0.0
76.0
59712.0
754909.0
2800682.0
2475182.0
2459077.0
835921.0
67329.0
289210.0
0.0
1473981.0
267915.0
184375.0
0.0
1877171.0
853568.0
1609311.0
1086765.0
3310320.0
0.0
1997966.0
2399815.0
3305626.0
748899.0
2753335.0
0.0
704865.0
2241652.0
1257337.0
424226.0
902332.0
0.0
0.0
23.0
138667.0
0.0
119777.0
1058312.0
64506.0
412234.0
0.0
2738671.0
3178652.0
0.0
1785240.0
646955.0
857825.0
196.0
0.0
0.0
2498919.0
2668612.0
209124.0
521220.0
0.0
2052919.0
1672788.0
0.0
0.0
1211244.0
104417.0
3630207.0
22778.0
33079.0
46143.0
633435.0
164575.0
373028.0
1213741.0
2411092.0
262377.0
10.0
1922305.0
3613391.0
294308.0
0.0
1287096.0
895317.0
0.0
0.0
217082.0
2246241.0
1411980.0
119728.0
390316.0
0.0
1240558.0
6.0
1946662.0
298060.0
922019.0
49.0
1562148.0
2171569.0
0.0
216358.0
0.0
3033027.0
2738190.0
194629.0
223179.0
64516.0
504094.0
14571.0
1579737.0
0.0
1713728.0
0.0
884707.0
853773.0
1867164.0
270527.0
12.0
1658022.0
2712361.0
1468730.0
1874125.0
252146.0
666383.0
306523.0
3629970.0
156041.0
343738.0
970792.0
69759.0
0.0
95.0
1706474.0
63857.0
77342.0
424691.0
117311.0
3021117.0
65250.0
86500.0
1369649.0
0.0
88178.0
107673.0
469924.0
1238608.0
791928.0
7.0
3675500.0
460634.0
0.0
261382.0
823029.0
200354.0
1281247.0
2467253.0
347347.0
229481.0
2318929.0
7115.0
2400571.0
2072129.0
0.0
3455767.0
2525507.0
6.0
0.0
376136.0
1230833.0
1224196.0
68409.0
354.0
7573.0
1104489.0
0.0
3436280.0
2384311.0
2235515.0
3405995.0
0.0
3554831.0
2322853.0
73.0
1091057.0
2766411.0
419739.0
101095.0
0.0
3122878.0
3395634.0
0.0
240884.0
1539186.0
275800.0
2769321.0
1727683.0
42594.0
0.0
1428528.0
0.0
185456.0
1029409.0
1815204.0
0.0
2019961.0
1503753.0
3549.0
1578723.0
0.0
16098.0
1252611.0
216128.0
0.0
2894767.0
2298047.0
3566.0
310060.0
3152520.0
3672576.0
0.0
1616366.0
15538.0
729690.0
42844.0
337930.0
0.0
1800496.0
263702.0
126397.0
1762352.0
2658589.0
193133.0
18494.0
488257.0
676110.0
0.0
2612070.0
2618936.0
3059567.0
2021377.0
839934.0
24387.0
463849.0
270817.0
0.0
77254.0
3013796.0
311405.0
2877334.0
1614446.0
0.0
268154.0
2368066.0
223801.0
1443032.0
874367.0
0.0
0.0
3138670.0
0.0
3683168.0
3343302.0
0.0
352677.0
413011.0
707321.0
2225502.0
0.0
767028.0
0.0
1697896.0
3437761.0
282361.0
0.0
61109.0
0.0
39292.0
1330071.0
1214308.0
618995.0
343311.0
3544911.0
128744.0
624791.0
279559.0
2038047.0
65.0
3322977.0
358293.0
3516001.0
373088.0
317610.0
651595.0
0.0
2425895.0
1275157.0
0.0
1400776.0
2727620.0
601486.0
3434395.0
71.0
1321130.0
166529.0
791561.0
1056832.0
140107.0
1281996.0
2496390.0
998184.0
3666.0
2581771.0
1984219.0
1282346.0
1094962.0
3504854.0
1928470.0
2618084.0
2975719.0
75973.0
0.0
1448623.0
341201.0
26.0
3666316.0
115491.0
985473.0
0.0
134258.0
497663.0
0.0
0.0
2911878.0
965467.0
1540596.0
11996.0
42022.0
251649.0
3614045.0
1180406.0
2766786.0
961768.0
577455.0
3078727.0
160834.0
3340006.0
881536.0
0.0
657609.0
1123321.0
863772.0
3687193.0
3686594.0
456792.0
0.0
643807.0
28439.0
501402.0
0.0
2280722.0
2040303.0
0.0
1339683.0
22126.0
1821524.0
0.0
0.0
245112.0
431801.0
1185156.0
1462440.0
40843.0
382569.0
2808648.0
625438.0
1303752.0
1045168.0
257932.0
0.0
1671749.0
2919238.0
510898.0
276819.0
2231452.0
176458.0
226876.0
692402.0
517740.0
0.0
354097.0
2107282.0
344251.0
59443.0
2605453.0
72628.0
3637245.0
109918.0
187033.0
263466.0
492414.0
255913.0
2890378.0
1803642.0
129610.0
402554.0
2215216.0
3627173.0
227.0
117146.0
1763144.0
518343.0
948419.0
1033964.0
2671722.0
919462.0
0.0
1821751.0
2789091.0
464897.0
1464460.0
0.0
149342.0
0.0
0.0
966036.0
3488030.0
838724.0
0.0
1012204.0
3230.0
2473827.0
2452121.0
1459001.0
3207518.0
3503012.0
0.0
2465394.0
0.0
124211.0
403268.0
0.0
1014540.0
2805080.0
3577447.0
134891.0
0.0
1962325.0
362736.0
2790488.0
18452.0
0.0
23831.0
589953.0
126778.0
0.0
1707280.0
3522896.0
424003.0
1997507.0
0.0
957834.0
0.0
0.0
469794.0
111632.0
723408.0
956450.0
607423.0
1869144.0
489163.0
62500.0
0.0
1189031.0
3477831.0
0.0
678162.0
166285.0
930096.0
99590.0
2486020.0
810782.0
563785.0
1641604.0
3502059.0
125806.0
2091714.0
0.0
681894.0
0.0
41998.0
0.0
0.0
687578.0
316342.0
1358825.0
838473.0
2540420.0
253948.0
185640.0
254597.0
1567213.0
3136540.0
1107421.0
3437916.0
132179.0
97390.0
481442.0
0.0
5346.0
1205997.0
3336638.0
1067415.0
3579341.0
2352189.0
0.0
58918.0
1741614.0
1572177.0
747474.0
488437.0
0.0
492627.0
216607.0
0.0
1046919.0
3283012.0
73679.0
354.0
3003018.0
2759850.0
973717.0
447736.0
235751.0
1482266.0
679631.0
8.0
1561467.0
0.0
4527.0
2082630.0
898686.0
192840.0
1150535.0
354383.0
0.0
2827235.0
0.0
189638.0
821588.0
2113203.0
194516.0
2106813.0
144992.0
91823.0
1622944.0
532745.0
485200.0
2946592.0
484741.0
3054176.0
2867226.0
3057693.0
0.0
3144420.0
1795962.0
2625899.0
1634708.0
458552.0
0.0
14612.0
0.0
31245.0
0.0
1023684.0
394262.0
441303.0
0.0
0.0
989670.0
0.0
375729.0
3512168.0
1998952.0
381579.0
1767017.0
963453.0
377085.0
1220241.0
117545.0
2193331.0
728182.0
1329130.0
92100.0
2589031.0
2654800.0
1569380.0
1831020.0
7743.0
991667.0
727506.0
211224.0
2936614.0
949636.0
699621.0
2818233.0
0.0
88317.0
187007.0
243705.0
0.0
1011610.0
2641845.0
3514322.0
1943800.0
1259606.0
1259835.0
2872022.0
208017.0
2799390.0
2966153.0
155933.0
3650024.0
659935.0
197464.0
109572.0
131905.0
1356285.0
3597696.0
0.0
342725.0
3529636.0
1965722.0
0.0
3469996.0
494823.0
0.0
2102506.0
1993.0
1724254.0
3664104.0
2850689.0
1273880.0
3655099.0
2285338.0
1634708.0
1335177.0
2031970.0
3318781.0
116261.0
757147.0
879946.0
3185303.0
313917.0
126.0
565655.0
0.0
3359171.0
377318.0
315984.0
478578.0
2657381.0
3288021.0
0.0
0.0
2449736.0
2712504.0
0.0
1973283.0
923627.0
2439247.0
757455.0
2924472.0
3327103.0
774301.0
325353.0
1443836.0
3609898.0
1411965.0
768444.0
0.0
0.0
0.0
465612.0
394522.0
1527844.0
0.0
3536233.0
654908.0
893466.0
75530.0
1634708.0
0.0
545776.0
456682.0
2614929.0
1163225.0
1127943.0
829727.0
675865.0
3464870.0
0.0
47296.0
0.0
966386.0
3126623.0
335799.0
2859965.0
85510.0
903692.0
3297530.0
3110018.0
20558.0
95387.0
332247.0
696358.0
30001.0
0.0
226866.0
60927.0
0.0
592687.0
3619137.0
95958.0
1686411.0
382173.0
0.0
754266.0
2764783.0
3437193.0
811615.0
0.0
1491335.0
2498240.0
789371.0
2635358.0
1330039.0
982311.0
1604611.0
762929.0
830459.0
3619317.0
1540313.0
1322508.0
0.0
353.0
2737752.0
374199.0
149345.0
723377.0
1711606.0
0.0
1193240.0
3646822.0
58807.0
1871818.0
2004579.0
1282636.0
1258223.0
3306995.0
2719755.0
3644067.0
1406137.0
3670989.0
1403286.0
1103275.0
239861.0
872938.0
3015175.0
0.0
1988242.0
0.0
0.0
2898415.0
438124.0
419779.0
0.0
3648079.0
29757.0
38947.0
51692.0
104103.0
3101591.0
0.0
0.0
860722.0
1462819.0
1701011.0
412263.0
1113181.0
72422.0
3591771.0
0.0
2339523.0
2561992.0
0.0
1634708.0
894240.0
341548.0
0.0
0.0
922530.0
0.0
490291.0
1049488.0
2479537.0
674063.0
0.0
136804.0
1547366.0
195676.0
1696395.0
21907.0
77138.0
29407.0
101839.0
343674.0
811900.0
133618.0
2398698.0
826082.0
0.0
572215.0
0.0
3571747.0
1994857.0
0.0
474153.0
3664649.0
1792528.0
0.0
1281137.0
2584409.0
298670.0
6608.0
3420752.0
74.0
375083.0
1294131.0
3272535.0
125260.0
1098024.0
3516758.0
0.0
543880.0
1799797.0
207623.0
2913491.0
2213457.0
511316.0
0.0
0.0
0.0
0.0
1957703.0
0.0
3260455.0
1628280.0
25.0
0.0
792240.0
3561285.0
2594267.0
9.0
850470.0
743944.0
473892.0
1720092.0
475066.0
0.0
3642801.0
1509942.0
231895.0
497431.0
1489668.0
2620561.0
3528790.0
0.0
3307936.0
0.0
0.0
935249.0
33259.0
1700916.0
269255.0
607236.0
0.0
3218060.0
335406.0
1098485.0
1312649.0
1981067.0
1285038.0
2457849.0
8491.0
57662.0
3542669.0
1225299.0
192516.0
266483.0
211979.0
346726.0
2165678.0
12.0
122487.0
312310.0
598349.0
604391.0
0.0
43119.0
48603.0
0.0
2630608.0
2299865.0
330673.0
2272438.0
0.0
162293.0
1149966.0
0.0
0.0
1980900.0
2362018.0
536444.0
2394587.0
2686421.0
0.0
1849279.0
1273726.0
890205.0
38709.0
325422.0
531017.0
1471891.0
2622965.0
2602466.0
1176534.0
2247696.0
1040595.0
3243560.0
2601882.0
1013401.0
1440273.0
2107879.0
1634708.0
448955.0
0.0
109160.0
343916.0
0.0
1350266.0
751510.0
129621.0
40464.0
1174487.0
2569114.0
850127.0
108358.0
1741297.0
393282.0
2097062.0
728812.0
1227270.0
65861.0
1663966.0
106858.0
0.0
2171819.0
0.0
1614292.0
105873.0
2051641.0
2576842.0
0.0
1245288.0
2043298.0
0.0
1123958.0
571966.0
1221430.0
3651056.0
243953.0
0.0
3461018.0
346803.0
0.0
0.0
0.0
54946.0
0.0
128658.0
67253.0
2200724.0
137266.0
1093355.0
1458379.0
2256193.0
2361234.0
0.0
69302.0
258510.0
0.0
3487351.0
35.0
3429348.0
1395048.0
3618336.0
1316702.0
59116.0
42557.0
34724.0
3584572.0
71923.0
0.0
0.0
33834.0
583454.0
1397154.0
143343.0
0.0
2850534.0
0.0
2679209.0
0.0
1634708.0
0.0
365805.0
1393891.0
451583.0
461003.0
1237550.0
0.0
2705811.0
0.0
0.0
2655619.0
241361.0
0.0
1980547.0
96005.0
210407.0
3605554.0
3024324.0
119485.0
1447720.0
688924.0
318926.0
1496130.0
2437330.0
0.0
2601628.0
0.0
1038228.0
1571053.0
0.0
1784071.0
2631172.0
1128752.0
0.0
1634708.0
1075717.0
3517549.0
488621.0
0.0
3584928.0
5722.0
12.0
3688615.0
889629.0
292.0
481304.0
262719.0
0.0
118165.0
105194.0
1899783.0
1872312.0
46269.0
67291.0
3539574.0
3644089.0
756748.0
10754.0
39040.0
3590725.0
2005613.0
653054.0
50474.0
0.0
161222.0
0.0
0.0
0.0
657046.0
1191448.0
64316.0
8.0
2383409.0
536336.0
1853609.0
926617.0
112999.0
144298.0
2880522.0
2.0
3642465.0
1955400.0
1658195.0
823408.0
2647352.0
2234309.0
520656.0
566834.0
72.0
663767.0
3186680.0
967808.0
340.0
645365.0
0.0
2917718.0
2385569.0
3119925.0
2297396.0
710895.0
0.0
124222.0
2185456.0
3621509.0
532717.0
0.0
920287.0
62650.0
1476127.0
245855.0
0.0
245577.0
303707.0
3537069.0
76.0
230374.0
3656794.0
1738204.0
0.0
791327.0
470949.0
0.0
3320398.0
269163.0
380385.0
183280.0
952346.0
1441317.0
366660.0
136125.0
615862.0
0.0
1117590.0
1066344.0
1167379.0
516099.0
3431914.0
298963.0
72.0
1807744.0
82043.0
83.0
1601704.0
513667.0
1226183.0
166536.0
2808975.0
0.0
108569.0
4517.0
3595249.0
1400499.0
2511126.0
107125.0
1129071.0
0.0
1271785.0
116695.0
0.0
566983.0
1312845.0
1680803.0
977274.0
0.0
0.0
1129724.0
0.0
1158439.0
0.0
0.0
0.0
1449792.0
21806.0
3600866.0
39623.0
0.0
0.0
0.0
0.0
1092922.0
803910.0
2795148.0
0.0
0.0
0.0
0.0
1853199.0
358527.0
1087530.0
1182428.0
717101.0
947563.0
925751.0
549494.0
1083745.0
91975.0
1241049.0
3673239.0
132786.0
656801.0
1430015.0
652075.0
1497978.0
819863.0
382008.0
880070.0
1979528.0
1548568.0
0.0
1080969.0
86849.0
160877.0
28711.0
0.0
239444.0
2292461.0
1281736.0
1816915.0
180431.0
3492274.0
108142.0
1612253.0
157627.0
0.0
0.0
84813.0
1743296.0
1526483.0
3540324.0
3553059.0
3423888.0
2756768.0
0.0
1771379.0
1178190.0
2047468.0
3278680.0
341939.0
580609.0
110533.0
90492.0
2793845.0
2544716.0
317946.0
0.0
921148.0
68610.0
2206543.0
55.0
2764140.0
1668017.0
690394.0
2455255.0
3683282.0
986262.0
348190.0
3093854.0
86877.0
1917657.0
272735.0
54990.0
78901.0
521572.0
210642.0
1230843.0
304645.0
16197.0
481996.0
1011936.0
334175.0
1111815.0
2772410.0
61912.0
1123525.0
618613.0
349695.0
2487326.0
1161003.0
1827584.0
1612856.0
0.0
0.0
2047669.0
3219964.0
35880.0
901577.0
0.0
27926.0
1404438.0
1293885.0
0.0
984042.0
2660290.0
0.0
146519.0
0.0
3271756.0
2741970.0
56015.0
2292582.0
3518564.0
762993.0
1214278.0
0.0
0.0
281351.0
359685.0
3601504.0
0.0
1452697.0
128455.0
156739.0
0.0
0.0
755930.0
3579296.0
253483.0
1927974.0
0.0
12468.0
0.0
1150328.0
2518169.0
2792839.0
0.0
148639.0
375495.0
3300816.0
251826.0
0.0
11476.0
117443.0
0.0
0.0
930708.0
1392662.0
0.0
91339.0
1003220.0
373029.0
125109.0
1307104.0
1505468.0
0.0
0.0
2716047.0
0.0
585978.0
383903.0
1157991.0
2513866.0
2905874.0
797466.0
1034690.0
3114880.0
1451798.0
0.0
330727.0
1169771.0
1347573.0
912451.0
5328.0
0.0
0.0
120703.0
0.0
0.0
3525614.0
2351218.0
306400.0
3377.0
2097500.0
12794.0
1681563.0
621601.0
101415.0
3643440.0
448317.0
1579111.0
0.0
777309.0
1634708.0
1603814.0
1772.0
1528229.0
136378.0
1932747.0
0.0
0.0
711179.0
2800123.0
147061.0
0.0
3498774.0
1535297.0
1701462.0
1352219.0
989371.0
0.0
1104926.0
139850.0
2380625.0
0.0
0.0
2495906.0
0.0
715628.0
393029.0
201978.0
249890.0
3626649.0
0.0
3580144.0
784920.0
2792453.0
897856.0
30.0
0.0
1625181.0
0.0
1845222.0
63.0
2794213.0
708055.0
2525998.0
696600.0
0.0
449329.0
2510368.0
3450187.0
288653.0
835650.0
2760655.0
639087.0
496415.0
0.0
2827617.0
311381.0
269105.0
1190179.0
686370.0
309760.0
2790529.0
1009863.0
0.0
1565981.0
154665.0
3414042.0
6.0
767126.0
0.0
796124.0
59245.0
913026.0
897409.0
2047285.0
235893.0
334263.0
139107.0
988508.0
448488.0
2062573.0
64615.0
3551620.0
525942.0
16239.0
812080.0
5079.0
0.0
2797108.0
3094122.0
1749923.0
3597374.0
0.0
1483561.0
2091677.0
1849504.0
3623134.0
58277.0
1745018.0
203702.0
1943925.0
0.0
3643081.0
0.0
2455652.0
1658608.0
1586236.0
5861.0
1200986.0
0.0
3083148.0
45571.0
2061412.0
83845.0
146847.0
804486.0
844909.0
329604.0
0.0
362092.0
0.0
847458.0
21911.0
3477021.0
2684098.0
2282098.0
217719.0
38765.0
417746.0
0.0
1634708.0
243436.0
2995799.0
87951.0
352933.0
85235.0
91.0
2489405.0
10.0
3654425.0
2989980.0
3259449.0
824963.0
823830.0
855364.0
352110.0
588257.0
114531.0
361830.0
409497.0
77957.0
0.0
112790.0
377423.0
1396889.0
98722.0
2035684.0
156498.0
406566.0
3652722.0
2483004.0
1077655.0
122233.0
10.0
724045.0
2134482.0
661806.0
2650570.0
0.0
1792857.0
460415.0
531072.0
1348895.0
11782.0
2992260.0
1060966.0
3570400.0
0.0
1739990.0
2585613.0
20.0
3243684.0
1634708.0
2476198.0
138063.0
0.0
364265.0
0.0
2229851.0
2449584.0
3615565.0
3386423.0
92134.0
1879669.0
633325.0
3483246.0
84729.0
2492703.0
240829.0
45130.0
0.0
1094494.0
1414615.0
3604811.0
555280.0
2667748.0
2529191.0
3043610.0
0.0
2039787.0
0.0
3447077.0
0.0
124923.0
103699.0
1104463.0
2600416.0
0.0
2165634.0
3624315.0
291664.0
3037845.0
427283.0
0.0
487142.0
0.0
3381638.0
3310494.0
3339979.0
346704.0
0.0
2695357.0
767863.0
222985.0
1160683.0
109541.0
130153.0
227317.0
32716.0
2301480.0
128471.0
93359.0
480084.0
3272614.0
603124.0
458086.0
3649660.0
689504.0
0.0
3007317.0
1200430.0
3512914.0
540198.0
1624239.0
1044160.0
0.0
265649.0
493864.0
3068818.0
268345.0
0.0
1295271.0
164109.0
325989.0
3597767.0
2764957.0
0.0
2590775.0
3651908.0
1630068.0
180618.0
1104183.0
90899.0
110874.0
644166.0
2169710.0
0.0
3517438.0
0.0
1946763.0
2575190.0
3391390.0
2059529.0
307708.0
1410639.0
3321473.0
0.0
2366521.0
202512.0
2786716.0
3675989.0
0.0
2765534.0
3243504.0
754770.0
2888844.0
0.0
3594211.0
0.0
963980.0
0.0
3177172.0
70983.0
3571229.0
219730.0
0.0
0.0
829108.0
845526.0
39282.0
2785985.0
1245246.0
0.0
1500273.0
3087489.0
2395187.0
3631690.0
2408196.0
1253475.0
222141.0
0.0
124950.0
791612.0
2377494.0
14026.0
48702.0
704342.0
3135737.0
211970.0
1531096.0
321811.0
488682.0
0.0
0.0
906074.0
0.0
143838.0
635045.0
21349.0
337937.0
72243.0
5.0
522514.0
3314.0
0.0
0.0
72143.0
1081019.0
3630635.0
505464.0
1260260.0
3487763.0
0.0
0.0
3409047.0
93124.0
0.0
1593195.0
2109522.0
1007679.0
2715494.0
1393632.0
0.0
0.0
29.0
1360905.0
2769252.0
502315.0
3309820.0
347091.0
0.0
683865.0
1875802.0
151786.0
494719.0
1188338.0
46900.0
966451.0
18368.0
2309017.0
979374.0
1459021.0
0.0
3525759.0
773712.0
2474104.0
275304.0
3148335.0
95370.0
100566.0
3006483.0
1808650.0
3021950.0
160026.0
3536362.0
119130.0
171716.0
0.0
0.0
269559.0
535450.0
10.0
0.0
88263.0
2144562.0
37127.0
905851.0
191299.0
0.0
3678069.0
3605947.0
1928889.0
2719364.0
1155553.0
1105410.0
1116404.0
2600077.0
0.0
3622514.0
3466650.0
0.0
0.0
319887.0
3631098.0
125476.0
66699.0
941740.0
0.0
1583161.0
0.0
1221878.0
61.0
2394436.0
3481782.0
2379185.0
2727402.0
1512791.0
3160466.0
2157235.0
0.0
0.0
0.0
2502932.0
2353745.0
0.0
3437146.0
1226355.0
3364652.0
2674655.0
3634241.0
3541253.0
98681.0
0.0
40506.0
0.0
3502372.0
80904.0
71.0
3135617.0
3410573.0
2339401.0
2713616.0
1008304.0
284528.0
1918049.0
3598040.0
2785860.0
707356.0
0.0
436688.0
955072.0
3676664.0
127573.0
0.0
1334638.0
2257150.0
10455.0
2623668.0
2013676.0
1468730.0
931936.0
1221408.0
0.0
0.0
0.0
119429.0
0.0
166679.0
1291932.0
0.0
0.0
1370462.0
3623246.0
820480.0
2323221.0
233757.0
1749249.0
131708.0
969514.0
2769731.0
0.0
1894424.0
241190.0
1268372.0
387812.0
560023.0
0.0
255971.0
389664.0
0.0
3549078.0
0.0
1197110.0
1296482.0
230059.0
2744250.0
657281.0
67.0
1204090.0
127.0
967649.0
9.0
3630286.0
0.0
154623.0
3412856.0
2508324.0
2350039.0
3149586.0
50694.0
3414693.0
121882.0
1939971.0
0.0
1479988.0
1912010.0
2479959.0
336795.0
1159253.0
0.0
2704642.0
2515535.0
3524885.0
1942275.0
573557.0
360109.0
627638.0
2101635.0
947467.0
2180589.0
3107611.0
1846056.0
0.0
478417.0
1215763.0
0.0
100103.0
621029.0
0.0
32493.0
1521502.0
1662983.0
0.0
1032053.0
2630608.0
3551664.0
582037.0
131593.0
219248.0
0.0
1562558.0
3476452.0
1639934.0
490500.0
773194.0
39464.0
123569.0
2513826.0
606348.0
1100464.0
0.0
44903.0
79406.0
3312705.0
0.0
58631.0
0.0
69741.0
418514.0
0.0
728849.0
905025.0
1452427.0
3114861.0
1469935.0
0.0
77820.0
4711.0
2660925.0
0.0
0.0
62119.0
12150.0
2327184.0
1237278.0
3499614.0
516909.0
2671862.0
1872470.0
271994.0
1005560.0
84730.0
1397953.0
2746279.0
3280285.0
3588929.0
3010120.0
130048.0
87404.0
2167537.0
760104.0
2580652.0
1913646.0
270439.0
0.0
903963.0
70071.0
1428335.0
46862.0
384757.0
0.0
0.0
731366.0
2401242.0
1197834.0
2122757.0
190924.0
1315119.0
0.0
1278050.0
194326.0
2068588.0
1062990.0
0.0
72.0
1966453.0
3079730.0
3550903.0
1390766.0
3629974.0
78934.0
1291467.0
96750.0
841532.0
23275.0
919934.0
250131.0
0.0
1030998.0
412891.0
391667.0
0.0
1732177.0
398940.0
0.0
3348066.0
1199035.0
34855.0
2651029.0
11069.0
19.0
1285432.0
2392466.0
897341.0
516241.0
1111429.0
273187.0
808113.0
764702.0
325310.0
0.0
1196531.0
777883.0
1131987.0
0.0
298027.0
282753.0
0.0
1064389.0
2972076.0
2277928.0
1051992.0
2228101.0
125954.0
614743.0
0.0
2813712.0
141846.0
6469.0
0.0
633950.0
570893.0
237504.0
0.0
2722252.0
1199317.0
650491.0
1218471.0
460172.0
1454243.0
77522.0
0.0
189420.0
1554024.0
1746026.0
991677.0
0.0
2778930.0
0.0
3031849.0
151351.0
3170661.0
3122631.0
129534.0
3560761.0
971693.0
2995607.0
1958506.0
145927.0
71839.0
156145.0
2925311.0
3140397.0
2090926.0
362664.0
1541169.0
372288.0
398051.0
37172.0
3565936.0
0.0
3464025.0
4830.0
1581250.0
726237.0
90744.0
3642378.0
9812.0
2028582.0
432471.0
856544.0
2544144.0
388834.0
484939.0
392891.0
483596.0
279744.0
0.0
3077852.0
280131.0
2243068.0
1634708.0
0.0
1144007.0
775547.0
56291.0
0.0
275876.0
348222.0
451612.0
1181.0
3191990.0
0.0
469480.0
911806.0
177640.0
558338.0
651965.0
8.0
3236544.0
0.0
0.0
473637.0
0.0
3149.0
2182371.0
1184075.0
933152.0
0.0
122257.0
0.0
1634708.0
950758.0
860506.0
3501018.0
31909.0
2295664.0
56339.0
1443690.0
655289.0
122740.0
3681890.0
70.0
1634708.0
739270.0
0.0
0.0
134851.0
2955132.0
229103.0
2784554.0
465126.0
3506332.0
1368388.0
146536.0
1184120.0
0.0
173027.0
114679.0
82543.0
1928483.0
2677950.0
1204919.0
1865956.0
1750997.0
71441.0
3622543.0
303318.0
570885.0
0.0
694068.0
1394242.0
313474.0
1441404.0
743568.0
1181262.0
583050.0
565924.0
3220901.0
79668.0
525271.0
2852273.0
0.0
209902.0
1245250.0
351107.0
353055.0
3399042.0
1384183.0
423588.0
1019043.0
2020262.0
2462381.0
816249.0
2409072.0
1849533.0
2460631.0
2925004.0
0.0
3015853.0
55315.0
1556510.0
219674.0
644874.0
381032.0
0.0
324777.0
0.0
40648.0
2763500.0
3177525.0
436300.0
0.0
1624869.0
42.0
2208005.0
969925.0
3673514.0
2315155.0
0.0
810454.0
119033.0
2647999.0
3677164.0
976417.0
1912589.0
1657654.0
0.0
2882049.0
2762647.0
2417350.0
3500192.0
874202.0
126315.0
359854.0
744862.0
1487619.0
826554.0
1555806.0
402536.0
1985516.0
1182446.0
96336.0
3637861.0
2274853.0
2641984.0
1106556.0
9983.0
3636989.0
18891.0
200995.0
105632.0
81071.0
7141.0
0.0
3269564.0
710694.0
163261.0
2414193.0
1552886.0
1854027.0
77916.0
1637573.0
0.0
608180.0
87082.0
3663085.0
7.0
222353.0
1146192.0
0.0
1463296.0
3661870.0
0.0
0.0
292201.0
71113.0
18223.0
102646.0
3098372.0
784724.0
540136.0
2364503.0
1181012.0
3402135.0
769289.0
0.0
2645382.0
2715958.0
1495569.0
483947.0
3428064.0
174242.0
326573.0
3596872.0
3039845.0
3555277.0
3384914.0
1165187.0
3062573.0
33117.0
937627.0
0.0
3308580.0
2191474.0
900304.0
3491002.0
242421.0
1816637.0
3516142.0
36120.0
3638426.0
2294665.0
900145.0
2818594.0
0.0
28132.0
0.0
3478054.0
3495417.0
2101072.0
359435.0
2969672.0
11838.0
1331107.0
3630144.0
232897.0
0.0
2820129.0
2311163.0
109263.0
630591.0
853170.0
2396171.0
7.0
1293058.0
1391268.0
398459.0
1551862.0
686275.0
163431.0
3490560.0
3448095.0
1474.0
605445.0
0.0
3790.0
2028300.0
0.0
3273402.0
928519.0
529200.0
3041005.0
407716.0
388206.0
2708008.0
665928.0
2032637.0
2517397.0
1189707.0
3464411.0
43483.0
0.0
46309.0
702461.0
347911.0
352475.0
520848.0
937444.0
308020.0
127794.0
126041.0
0.0
694356.0
0.0
840025.0
2622940.0
394423.0
0.0
3061625.0
88575.0
206649.0
0.0
818237.0
125465.0
2211665.0
3638783.0
1810.0
78527.0
148754.0
1405742.0
3241706.0
2630768.0
0.0
357873.0
213567.0
3219626.0
915497.0
517716.0
1606025.0
0.0
0.0
763775.0
0.0
3199815.0
3483294.0
2537966.0
2223047.0
780649.0
1949910.0
0.0
3596477.0
2614727.0
3490380.0
0.0
3663025.0
0.0
2106142.0
0.0
2885814.0
1219678.0
0.0
3322449.0
2596062.0
0.0
8300.0
0.0
0.0
2218861.0
1184090.0
1545974.0
0.0
3301315.0
0.0
0.0
483718.0
175826.0
0.0
10475.0
730511.0
3493907.0
2472518.0
102235.0
3407061.0
3590988.0
104150.0
480142.0
815076.0
191862.0
2592487.0
0.0
0.0
3177936.0
981591.0
1482373.0
0.0
3107947.0
198866.0
2975192.0
48391.0
0.0
2138195.0
0.0
0.0
3549054.0
2347448.0
869290.0
0.0
3504618.0
189964.0
2070585.0
0.0
0.0
338498.0
3637020.0
2354276.0
2255055.0
9.0
3069369.0
1634708.0
368581.0
175107.0
151720.0
922906.0
1502161.0
327748.0
2165973.0
0.0
22351.0
1071818.0
559502.0
200323.0
1536567.0
3371076.0
230941.0
873940.0
3212334.0
1484132.0
895388.0
0.0
1177908.0
947008.0
843197.0
59860.0
2964412.0
448289.0
258675.0
3596310.0
932378.0
463803.0
22697.0
470221.0
1727968.0
0.0
3665832.0
1352597.0
926872.0
2257122.0
120703.0
330936.0
87.0
966179.0
2333526.0
659221.0
0.0
2399864.0
20570.0
6300.0
2940507.0
0.0
0.0
437182.0
0.0
0.0
0.0
422797.0
0.0
0.0
585799.0
3457132.0
937092.0
0.0
0.0
356099.0
704145.0
1833.0
2904863.0
2406229.0
1554340.0
159806.0
2573627.0
0.0
255541.0
1626049.0
0.0
1852318.0
1507057.0
0.0
71779.0
183348.0
1245173.0
137117.0
1461452.0
539627.0
988110.0
905734.0
49005.0
3525901.0
2065089.0
530286.0
415540.0
2852905.0
0.0
0.0
432907.0
570241.0
2696239.0
845553.0
0.0
0.0
1022174.0
769072.0
1962710.0
0.0
249278.0
2374086.0
0.0
0.0
64746.0
118711.0
1167265.0
1127273.0
3350106.0
478853.0
1089839.0
0.0
2113017.0
45557.0
0.0
3059149.0
1418574.0
1529130.0
1908197.0
0.0
0.0
234632.0
2664490.0
907143.0
1152834.0
0.0
12.0
384005.0
914606.0
3513573.0
0.0
1634708.0
75.0
3615605.0
1715893.0
0.0
1394521.0
277090.0
948715.0
89047.0
0.0
0.0
9694.0
405990.0
167131.0
900304.0
525995.0
586811.0
0.0
2592116.0
491923.0
188378.0
4802.0
0.0
249132.0
586226.0
1891530.0
2841594.0
0.0
918182.0
1121102.0
1364198.0
141877.0
2184547.0
126424.0
611186.0
2465798.0
2764970.0
1176799.0
0.0
1752034.0
1388063.0
1572467.0
2579775.0
2585180.0
0.0
2176847.0
254602.0
0.0
51635.0
3101212.0
0.0
3447202.0
362108.0
3611405.0
326335.0
0.0
1544231.0
0.0
115247.0
0.0
0.0
1971180.0
3318843.0
1499301.0
3514411.0
3591126.0
41901.0
2387793.0
3164053.0
3030330.0
41891.0
2471682.0
22802.0
904822.0
0.0
39787.0
0.0
0.0
3587276.0
583553.0
1692845.0
1646392.0
836489.0
1776575.0
1312557.0
1321144.0
232851.0
700235.0
0.0
0.0
565317.0
672322.0
2074384.0
0.0
394376.0
1202571.0
2003599.0
2691916.0
1100971.0
1116007.0
761956.0
28.0
3630740.0
685457.0
29997.0
770074.0
1563898.0
1357923.0
2672090.0
2748892.0
3873.0
118979.0
2064705.0
282828.0
0.0
1598496.0
776405.0
1448589.0
1862539.0
202615.0
405044.0
558368.0
1354365.0
2020316.0
3669930.0
0.0
1901634.0
75.0
1559816.0
3403391.0
1114102.0
189052.0
106293.0
2691167.0
1561518.0
68019.0
3433486.0
0.0
0.0
949570.0
85867.0
1369170.0
0.0
0.0
0.0
2457921.0
55.0
392755.0
0.0
199337.0
900686.0
2542675.0
722762.0
1022603.0
2702032.0
1438752.0
2181606.0
2724294.0
110777.0
936924.0
0.0
1435126.0
0.0
3463385.0
262237.0
0.0
3159639.0
0.0
2071707.0
3060352.0
2313362.0
73749.0
2122600.0
22340.0
1025226.0
759430.0
1476863.0
2077513.0
1690198.0
3480662.0
0.0
2792045.0
3617407.0
251938.0
1634708.0
0.0
929300.0
1179863.0
7679.0
2044618.0
0.0
3097367.0
3557214.0
881835.0
1412628.0
28.0
0.0
201580.0
1912995.0
1879029.0
951195.0
