0.6675349789132764 1.4367309188420745 0.753776607793055 2.9876952461060164 0.43396419368105615 -0.4570444189485882 4.605951194987254 5.4059734259773835 4.831512369784115
-3.815828345449289 3.7269659768221275 2.5232118356975173 3.0244605079299163 0.7790355918385105 0.04565288807378212 3.5249336706160688 -0.4407622868979249 0.6806079009776438
0.16725660022903693 0.8408557292057088 1.6629919522044279 0.5327184722962376 -0.6262403623766826 -0.8995723501903734 2.40872149186571 8.399739012135917 3.9482639273139717
2.03249191256269 0.9205114947742086 0.6863408136012463 1.5128556734343275 0.7995083955233877 0.1923239027431925 2.5738648057508047 2.895016369136411 2.6373332090947685
0.7550058504791319 2.610476937517767 1.5598876598158264 5.39762887860705 0.0809117144591276 -0.976923069426717 7.8709491088960615 11.560396072618456 7.629378169161079
0.2962621502905718 1.3649571979329584 1.183921853698367 2.529727852002095 -0.038790806048421334 -0.8211539093532374 5.612956395148223 11.054020928646587 8.457284816206906
-1.1232395859491597 2.897673826390089 2.842839550016032 4.938929163258652 -1.8021228129390903 -1.1202604061737964 3.879401207876206 0.3088500885049338 -1.0676494084282506
0.44099391714061936 1.340905498107794 0.8479721371234169 2.610826527312981 -0.057764556730744654 -0.6369331925521878 4.283997112128236 6.408439720341177 4.332499981536802
-0.2687290187366359 -0.3461986275163057 0.9403569206230074 -0.12768744372743102 0.7997367272011663 -0.1291212447178221 1.3053026819371474 1.4064115866558162 0.41920583393246896
1.4210701257039948 0.7444098191605004 -2.8516866303326585 0.9996755422165091 -2.698742997275866 -0.6291933403158799 -4.875614917114797 -0.5439490492094877 -0.24257815187940612
0.8281477508586857 1.9944571364113781 1.2012880951027243 3.2971951203194383 0.05482463578954499 0.1306411730263093 5.61710242383062 11.571533884115425 10.884801687238612
