0.9984605313231767
0.7097232504595806
0.8065718422454502
0.7064440186548332
0.7353941963915102
0.7050906639638276
0.7416782259872836
0.9114351727708218
0.0
0.8471957735639918
0.702864061837117
0.9794010131588952
0.0
0.976870740429142
0.6571075529588191
0.0
0.9021404784683729
0.8144580551245078
0.0
0.9217758477819303
0.9860047603666052
0.9169306154738202
0.7867194987273821
0.9288483251561618
0.0
0.3132069323368215
0.0
0.0
0.8820985820749996
0.9415949317437857
0.9688406580785649
0.6621473582777714
0.9065084665433709
0.0
0.9834401094705393
0.7563906268807181
0.9831519506685013
0.800263730148406
0.9275099909698958
0.0
0.9105238638991519
0.8897864107549419
0.8640298287798545
0.6380659444722994
0.8408363054646673
0.0
0.9250945698236106
0.9488921263658591
0.9251690890249746
0.9979605489311739
0.0
0.932231164091939
0.9844459843668353
0.9634421573216864
0.9497243815307204
0.0
0.9739226218503931
0.8213419086536103
0.8029251093253796
0.0
0.763104543397286
0.0
0.9389372443581283
0.9285588133091379
0.9951479098512962
0.0
0.0
0.9247642535592708
0.0
0.7466363668430261
0.9207665429694101
0.997732003253548
0.9131149482482083
0.9661940162568688
0.8532662116988007
0.9539465443076933
0.9753135320064219
0.9285348543395313
0.7470013447418415
0.897742099779177
0.9864458899242328
0.9358576139808982
0.8878018429971278
0.9825928644926549
0.9984505932033529
0.9897614031439923
0.9709512170537529
0.0
0.9558904236159979
0.8911254651595301
0.0
0.7556270411548571
0.9529048975614453
0.9726329070049653
0.8958307520807864
0.9147552560686271
0.8644810281641258
0.9299538877246488
0.9896293147741516
0.8734214451942338
0.8715291203156744
0.8390258789652771
0.9600830427824745
0.9538522362862942
0.9803067162407844
0.0
0.1375144038704865
0.771107278108118
0.0
0.9597175455044479
0.8065741786153553
0.9987882015446861
0.9013342935162829
0.0
0.8435973164635612
0.9683186078192597
0.9981225685742958
0.0
0.2291906731174775
0.8952081329165188
0.9968901520653963
0.9986425269500355
0.0
0.9289560875849002
0.9820389771770953
0.9257480913308955
0.8849726243254461
0.5911611665715442
0.9614968533087271
0.9070168674146902
0.7568105898845416
0.9927676775021033
0.9038357708094574
0.9327191584864427
0.8599547687885435
0.9293994574945579
0.9158962407127941
0.582688959733596
0.0
0.0
0.8566487788666768
0.7059154779357301
0.8704173254359198
0.8803066429458216
0.8451309262858646
0.915537051108306
0.9311515083915001
0.9533174096750251
0.8689021672922816
0.9023401650237086
0.7899608406385021
0.0
0.0
0.9048990436555849
0.9706259651764086
0.9726992292909288
0.0
0.0
0.0
0.7318242011759954
0.7166965632965563
0.9253788584078789
0.9894063228688977
0.8030378757591924
0.8597712276679804
0.7833546961462582
0.5979776447029224
0.9715164351733367
0.9995861051932023
0.9194306172902467
0.12868391285320918
0.8444854063177628
0.0
0.9400370999105963
0.8680351823128227
0.8265489243822606
0.0
0.9952087568833045
0.9677784088234865
0.7140686755129071
0.8776579181529479
0.9409912461064268
0.9206984198688206
0.9491168838831993
0.9974657108180819
0.688513807571163
0.8906868596356192
0.8655912274712821
0.9596135750818269
0.7116342692125922
0.9734189828726917
0.0
0.9985439745924252
0.9878762921967765
0.0
0.9522811720122971
0.920142265272571
0.9432002615054724
0.849877839277543
0.7003589137459936
0.9545670439527166
0.907514934482552
0.6912937155996128
0.8988209644049022
0.991592127440024
0.8562824364226967
0.8466754740716097
0.0
0.0
0.7259040515598938
0.8777181560535966
0.8885800035569291
0.571257856916932
0.0
0.7951623789159975
0.9104183647327037
0.0
0.8758492584038708
0.9992587153270858
0.0
0.0
0.9565634078251091
0.8665933310910142
0.9584241907507681
0.959334116309732
0.0
0.9623366172432297
0.5749713391298473
0.9085287464789534
0.7907948426221332
0.8602874497506097
0.5876896556410706
0.9997361029976939
0.9931553265185346
0.0
0.8115538595860734
0.9460289433865923
0.9226796160426051
0.0
0.8534622903853342
0.9587656495019803
0.9165396906978955
0.0
0.9932224002149385
0.0
0.0
0.8302406738246282
0.7520671342499965
0.9340907947568939
0.927910826203586
0.978538834520143
0.8567210539569546
0.9997094087997314
0.8105825071486797
0.8994284995286953
0.9883109668811406
0.9439347483705068
0.9759060712965677
0.9286569860438264
0.9002330916606402
0.8193024098040954
0.704853322866846
0.7894854300368622
0.0
0.968149025987046
0.9098843407286716
0.8990015512977897
0.0
0.895447351865074
0.9985704660502406
0.8480487157392891
0.8941229840798295
0.16432799372823945
0.0
0.9732037115947286
0.9101107575531008
0.9386435789652867
0.9958073737037234
0.8261243885514284
0.9536498225902362
0.937565286867604
0.7389754581839066
0.9954294782678089
0.7528636729978688
0.8201963793214786
0.0
0.658791027567142
0.2249227117042673
0.8338119507108104
0.8439246584014536
0.0
0.9218510465231242
0.0
0.9942053332523008
0.896916984586452
0.9838886816069436
0.85214895255365
0.0
0.6984504177466614
0.0
0.9953598037449897
0.0
0.9965472738157275
0.9146576029347833
0.0
0.8882049872097799
0.9322630510108462
0.9015669857955737
0.895258088897596
0.5370181817519442
0.0
0.0
0.8326132635482267
0.8311392486314308
0.9543635238443021
0.9046686427013811
0.7596677698774077
0.9972746752808725
0.7637448275124811
0.9860886637828036
0.9657376186127203
0.8240401079524141
0.722772305149282
0.949760270088437
0.9701813669620365
0.6403100025294266
0.955189042257549
0.9840625117753092
0.9199137970151796
0.7330347251320726
0.7948395327656501
0.0
0.2828178528329834
0.0
0.8239803652265572
0.15227098722301888
0.0
0.8458035943599623
0.8056837433833864
0.8940605182713618
0.207351641919464
0.7763575953823425
0.9535548732273785
0.0
0.8737052948707077
0.91764470339186
0.8394687954989365
0.0
0.876202136820993
0.8131835239077994
0.874508756791344
0.8935239815021764
0.9799075487805637
0.9619213976050596
0.857373882957682
0.0
0.0
0.8242131339556115
0.7233375815835806
0.9467330390635252
0.9783981819459839
0.9976273676774395
0.7207836042579914
0.9105253886227268
0.7736501338469141
0.9727977097828078
0.843390873784952
0.0458381346234955
0.9998159234109968
0.0
0.7802939519898915
0.9990500859806443
0.7621960342515711
0.8697255734806257
0.0
0.8607835011063841
0.9482438008243492
0.9005452443838042
0.7901848702932127
0.8874824979581489
0.6591611065263855
0.9798830533102787
0.9760849423835383
0.9357226725109609
0.0
0.9436605700722218
0.8120039602254009
0.9444276890913718
0.7542196548181551
0.9780727675997913
0.2270911174267383
0.8714838599112003
0.0
0.9512798375427207
0.0
0.7563813590719293
0.07265172448124844
0.9779354205661787
0.0
0.8968113267650047
0.8534470131926225
0.8583436406502355
0.6995253467133263
0.0
0.7878162160500533
0.891387757264939
0.9280555443601711
0.6838720727470996
0.9309406735812812
0.840619650611639
0.0
0.0
0.8363914491387168
0.9895224883498147
0.9378402499232766
0.7433410381130816
0.7132278845253405
0.9788578261916371
0.8800533280877749
0.9613276903889356
0.9996208666905871
0.0
0.29830516681949026
0.0
0.0
0.9825780631402112
0.8830791829117673
0.8543939043429858
0.0
0.8865029470136349
0.9464198379679011
0.0
0.8642057077385917
0.9560273388071232
0.0
0.9367529585432213
0.9238071276366875
0.9035553630425128
0.9894558599455621
0.9990351469838621
0.9974671067434943
0.8109305901578101
0.3263189792682316
0.0
0.0
0.8994688150303799
0.9014563464073253
0.9719221667194747
0.8951413495755645
0.9912635326647664
0.9510549650879953
0.7285953084508532
0.6732444102560984
0.7144891260610333
0.0
0.16432799372823945
0.0
0.0
0.9150473532286507
0.8752710461056912
0.9394040012499865
0.9996688252124343
0.9172815840839409
0.8434940801951157
0.9769357152067074
0.9351669595681202
0.0
0.8595196164096429
0.9895305892126786
0.7617347546739022
0.7447746887140236
0.2291906731174775
0.0
0.8673971287406705
0.9171591386372091
0.7942095978723361
0.9996119482978602
0.7411345869968434
0.7335542938688226
0.0
0.0
0.6783436247588871
0.0
0.7606629098568652
0.645602311037953
0.8554145586555393
0.9534260329947101
0.8900667123583642
0.8591702346524266
0.9945110432921656
0.9593194048382897
0.0
0.9049623991399334
0.9070003490365384
0.9998074444826452
0.9825537677560289
0.9109953341507968
0.8832953544118406
0.9461266714774585
0.9871604343470867
0.8097574976521483
0.8686028944619484
0.9482944795222552
0.0
0.7811132454521014
0.9433573303478837
0.0
0.8895162483428741
0.8874798466263938
0.897412679644609
0.9786155834618661
0.9590548689411
0.9985096865456529
0.0
0.9833021823637906
0.9394334169675028
0.7482393505298687
0.9052018467979687
0.8491658525097262
0.89176425440072
0.8639792714539967
0.9316602439875175
0.0
0.9264419778671291
0.0
0.5404475816520421
0.9382871913817643
0.8022287615042136
0.9720038686142404
0.9794330468386724
0.629296375107884
0.9058812121147626
0.9664570879030941
0.8971151484627505
0.9623182204031011
0.9787539965468853
0.9972827386655557
0.0
0.917441080421706
0.7911253518582528
0.6721017172287739
0.9450980180474292
0.0
0.0
0.8454861854876349
0.7622586874533253
0.9607235115404016
0.9867973257078295
0.7563499814627416
0.9249946346042884
0.999803474102234
0.7588239146934123
0.9489051609253649
0.8794399423062814
0.0
0.9872905088805508
0.8943325195002293
0.2770637513606173
0.9833354927200385
0.7883894730316549
0.7425645190687604
0.0
0.8730361463973574
0.0
0.8932270246757686
0.9139994294305716
0.0
0.7272412186308668
0.0
0.9431369315100785
0.883157748621638
0.979054278330628
0.9985930678530562
0.941278826587071
0.9364815724066667
0.0
0.9743932807675567
0.9140869611265371
0.9660254480511619
0.9461266714774585
0.993960563947072
0.8309520590194479
0.9676784061566613
0.7575530032991235
0.7791265836718052
0.9283785387446356
0.9884856772735775
0.9747614606438496
0.9768080928881254
0.7958218399534888
0.9636689277047918
0.0
0.9837679919207053
0.8450873165402464
0.9987582563371808
0.8361543706497999
0.9796884669521808
0.7961309482669964
0.9309412334448582
0.9001917810873964
0.8933752206545349
0.9085036700719665
0.968626799612167
0.0
0.28551742968029514
0.0
0.9689637560435806
0.9626988864692537
0.7982131451384568
0.0
0.8481851248763685
0.0
0.927798036416162
0.0
0.0
0.6440383423813416
0.9123585682589215
0.0
0.9988743666005995
0.92435473170449
0.5393367522537574
0.9828898221373904
0.9687473938006818
0.9555465570238982
0.9971932771206489
0.9956051053262601
0.9984055962750111
0.7818294156315402
0.8560855577722031
0.0
0.8844315829013084
0.0
0.8605501814179565
0.9056207085971466
0.8777874357788958
0.1585738922558734
0.0
0.9230460094594183
0.6832049602669261
0.0
0.8143542857192382
0.8893152159550102
0.787802031339641
0.6675306261880242
0.0
0.36076283755227356
0.8311634155423944
0.8916975845088368
0.9186997756052754
0.9541532129525258
0.9777614165904784
0.0
0.7882746902991954
0.9962161337786787
0.8276804073936185
0.8416004553710499
0.0
0.8819993334264129
0.0
0.9379290559284532
0.7778985991333925
0.9519983389069687
0.0
0.849689779369107
0.9816272717225579
0.9798996112026612
0.8940924249681503
0.35136469970624945
0.0
0.9952592917180957
0.9917566262031897
0.8220017443644586
0.9224280465753083
0.6162944005198124
0.9483104113963875
0.0
0.0
0.998450116429435
0.878972315237077
0.7536908421160416
0.9658480733295063
0.0
0.9911826326078339
0.9581476101652602
0.9311819423243624
0.9908160662753103
0.0
0.9776599933108391
0.8346159922647609
0.9200379737304836
0.0
0.9685431202344909
0.8186608275989754
0.9826253226308868
0.9610028903388205
0.9048680980883679
0.0
0.9971543918000089
0.9332788371898516
0.0
0.0
0.0
0.0
0.0
0.9804804152316462
0.0
0.0
0.8061143293213131
0.9962465886900477
0.8183841861226495
0.975337750902537
0.7362793598421846
0.726538519964265
0.0
0.8032375638246234
0.8994132518980241
0.9513054287797625
0.8456978374446296
0.93330383901832
0.9248023524790163
0.9729148513527959
0.9659447649616669
0.9329304824674964
0.9317326523602456
0.9840796737070402
0.9621338429448318
0.9224598199858457
0.0
0.0
0.9587079143918726
0.9039911766733041
0.9695568451792215
0.8490456782934839
0.6321518505252385
0.0
0.8987905978898252
0.9033217699861409
0.0
0.9187550579537931
0.8126994359858158
0.9764449740077955
0.0
0.8663028810750822
0.9817518812483336
0.8933657884555511
0.0
0.9175540947400617
0.7394947397866376
0.9627026332842054
0.9959239957636887
0.8100691124947109
0.9656391175512341
0.9377355275049576
0.8133909855327096
0.8717436229311756
0.0
0.991647940756209
0.8894364044603071
0.8829801348195299
0.9718635858055746
0.0
0.7627642614749054
0.9730762894431141
0.858186771013091
0.0
0.9254303256713386
0.7805823551806517
0.9733581225427179
0.0
0.0
0.0
0.9965485949009402
0.9891950220374327
0.0
0.9170024790800798
0.9979351795629838
0.9334141957755361
0.31262428143551924
0.0
0.9535444595242972
0.8681719467445383
0.9684931501895324
0.8541012542698002
0.9634153136600371
0.7983516200529969
0.8971360269116775
0.9740170432215229
0.9514130728537951
0.0
0.8136016999338587
0.992246734900162
0.784432634817348
0.8408534005244814
0.8612549854191998
0.0
0.9615891340476482
0.9816318595493945
0.9358269889731834
0.8696353459803602
0.9936460812809371
0.9918200652831906
0.0
0.0
0.8867573893233258
0.9856198944724934
0.0
0.9865034061237395
0.9516664277533821
0.3238963475738297
0.8348521115680692
0.0
0.8617432789123067
0.0
0.0
0.9071277844466246
0.0
0.9110869310146035
0.946105874860536
0.8046713245879525
0.19810912184651436
0.37763310552402635
0.9094364254278302
0.9400203755614541
0.0
0.9553782948288422
0.0
0.9344489880676504
0.5394505740538098
0.993008133741748
0.9526936250592483
0.9315847320978807
0.9453650033916013
0.7205670697058046
0.7770924614271644
0.7593379279474924
0.9779327947546955
0.8545445121072973
0.8203835380252544
0.0
0.0
0.9002339014139752
0.8954427378870423
0.9188209323427224
0.7308852937363761
0.6339241504540343
0.9412361960395376
0.9729521267723269
0.9656601060919136
0.7707565527834322
0.9505150305839223
0.9946456679059817
0.0
0.9861496939531769
0.8886340658567088
0.7232140820555085
0.9507326882961462
0.9567690274264227
0.8115764529972098
0.9796345761045269
0.9834761331838189
0.7796311296456249
0.9284164096931645
0.8958489250646768
0.0
0.9682373172488289
0.9667623030276002
0.9426175604616405
0.9200154025660939
0.9126734312433409
0.9565415699928455
0.0
0.8401510635430064
0.9304641948268823
0.9532664083133573
0.9367369212228897
0.0
0.0
0.9972305332286968
0.8367252802710763
0.9207086992518074
0.9973626101074816
0.8061338196797052
0.950825406820956
0.0
0.9612362993000448
0.8003404261172183
0.0
0.8935543564604634
0.9307416729494637
0.9785420806321037
0.9865851218470095
0.8004294872538554
0.9445112723841634
0.946167274808767
0.9576111902740845
0.9729893542435417
0.8624987606899148
0.9983977971187741
0.9702332248022185
0.9122811362335276
0.9346942124995045
0.999918105961242
0.9970980610217376
0.7361178028952065
0.0
0.88967260766018
0.0
0.997679502083829
0.8619553905526005
0.9852127294669673
0.7419120079543783
0.9826441890283925
0.9572041614292186
0.9846636623169767
0.9934369242221461
0.7446283710578571
0.9107918133777461
0.9405759537683958
0.9434421080957714
0.731876891882748
0.7827291766319088
0.9951759318737587
0.7877013211107771
0.8349921199360495
0.9100624095667669
0.9316476059105419
0.699196065786507
0.9458353689620967
0.915938911248825
0.0
0.9742753218092354
0.9763672246545688
0.9876136297519922
0.0
0.9889321559600867
0.0
0.9911216928076139
0.5627812733251996
0.9698550663626063
0.9325993956803449
0.0
0.8828533512460279
0.7118666893073937
0.8127003486859598
0.8730169629395151
0.9973087699671368
0.6787461410683558
0.9757718193920006
0.24394725647000987
0.8551073374262316
0.9262074629013749
0.9590461515077227
0.9830962080127323
0.7637039936430116
0.9991245488708766
0.9653810803561215
0.0
0.9158172787436332
0.8549581680411437
0.9889574566436448
0.9407507390673663
0.091676269246991
0.5968494748693454
0.7395306244918961
0.9428756100259198
0.8422006512412975
0.8658837240516608
0.8652222656083522
0.787125624461879
0.6363150442205181
0.964313398503562
0.8131856379898464
0.7903322384001055
0.8229021816053537
0.0
0.9089242790970304
0.8790700756590938
0.9964191542249402
0.968726874092475
0.9800014408720363
0.8922135322142876
0.9738200554732835
0.0
0.9300951358642073
0.0458381346234955
0.952339530864857
0.0
0.9901338042709141
0.9859953303403798
0.9835971725651428
0.8591135586848211
0.8962063486426137
0.9445449661770774
0.7729923391278345
0.8730901234624777
0.7544123757510796
0.0
0.6271727718949655
0.9900345383427046
0.9302951635139738
0.9106543776189592
0.9153411300537118
0.7722034552253375
0.890265664883779
0.0
0.2013356373344576
0.8971243154227743
0.0
0.9189341171975406
0.8375026066615598
0.9386828429804165
0.0
0.9688593926932529
0.8224285519836582
0.23122561673712183
0.6588222064689478
0.6707023378464503
0.0
0.9138708133152398
0.0
0.8671560121526936
0.9618580313595217
0.6454498576259466
0.9164555381355878
0.9426846283969326
0.9817110085525237
0.7336247374866676
0.9737678469722441
0.9776648898919337
0.9870680143019154
0.8970803363930492
0.7227924500723696
0.7883806844648735
0.9653737932692337
0.9859753811827847
0.0
0.9190859068365518
0.9754612047791588
0.35454466084555775
0.8840403868694694
0.860752321649848
0.26500674485539677
0.8932638348907461
0.6502933903747141
0.863962457131571
0.0
0.8872163442463776
0.9998147558265101
0.9458652271627631
0.9906008051168324
0.891448451767684
0.9919365631907635
0.8353218359292005
0.9880071580674946
0.8750771797214556
0.9969462849611264
0.999521038226198
0.9959365685923139
0.6948134568086424
0.7971036407298866
0.0
0.8709068967531561
0.985952967181794
0.8915074274869745
0.6740341931279991
0.9681460973455833
0.8242706237006082
0.9349982012990761
0.2546119915613668
0.0
0.0
0.9921706792633777
0.0
0.6949417584683447
0.9753271903692445
0.9993519582295931
0.5884800145379935
0.0
0.8145190547956801
0.930533059048494
0.0
0.9077716365385828
0.9463989722051317
0.8178876281583847
0.9938505490640114
0.778250394551763
0.9605986238468196
0.7913757243497275
0.0
0.8445217059227897
0.9853487000646417
0.8972800443109645
0.8280550755707049
0.8665197595317238
0.8523964576796363
0.7728741047834866
0.9303415065991388
0.7163644287735127
0.9060091137053188
0.9769693966929628
0.9112634400296752
0.0
0.0
0.864161572258836
0.9180720314713526
0.0
0.7549325577637469
0.9929465820371067
0.6506505950509982
0.9595517548940475
0.9184984589392663
0.9461266714774585
0.8839331340653759
0.9954942665199054
0.9983716953702056
0.8072472754862733
0.8870688842535458
0.9566059915828665
0.8881198478294174
0.761319877685552
0.0
0.7304403516632287
0.8383883924561355
0.0
0.9609106607692128
0.9321375603269996
0.7445474170733908
0.9920573202985989
0.8152607454789785
0.8323588294646388
0.8951294543670392
0.0
0.0
0.9999555076794249
0.5401106581689004
0.0
0.8779425682104947
0.9035740734001025
0.9934160116624553
0.9430253961248233
0.8809932600001007
0.956885471751681
0.8538278882057568
0.8266904073598067
0.0
0.8742483770243225
0.809327335804905
0.0
0.9950128368405909
0.8951310288557329
0.7989865434455375
0.9447250381771679
0.8336873626699132
0.9872683191373846
0.6887798784970828
0.8467865851605313
0.9454903532441775
0.882002960596016
0.7820367653277105
0.8641818279557418
0.9145643042487657
0.9686945009367062
0.9114981687321374
0.8532281458859474
0.9870071503050125
0.9344990703738515
0.0
0.9420397067784928
0.9036863013691554
0.9997758904458548
0.9621833017251022
0.0
0.84353951637594
0.7389865887577948
0.9137822691497334
0.8692464245444725
0.0
0.2930119065814486
0.0
0.962294749879113
0.9524793970459644
0.8525306924589443
0.8199383726722919
0.9107188124422831
0.9589509502483958
0.913078951014634
0.0
0.9418044579040483
0.9478011628943543
0.8620992561313658
0.8214126162952191
0.9846068062300978
0.9728150321542144
0.0
0.7128323778027321
0.8391844478775239
0.9970644941797917
0.897229305277264
0.8723507768215453
0.9937450371800333
0.8113243937071631
0.0
0.9493129750413148
0.0
0.9669476106273353
0.0
0.7226631789702206
0.0
0.9126986522109509
0.8717077338045774
0.0
0.917154875582408
0.0
0.8743221056668553
0.3883257889638327
0.992541965500933
0.8723149687602257
0.8011550819980359
0.6024681691710564
0.9446641863312529
0.906471633766704
0.8187511190891561
0.959224231385925
0.9128088140353006
0.9712050336102387
0.9763626663923003
0.8669769726593606
0.8276510506418001
0.961554768113168
0.0
0.0
0.7299158446634799
0.7590461629306408
0.9997602695801041
0.9758039810366445
0.8728505544616122
0.9158910008150062
0.9436669943912588
0.9882316784471317
0.9363292771755604
0.0
0.9718769615115632
0.7851231579775345
0.9158605117112042
0.9736200768179192
0.9697148178691263
0.9587735018614424
0.9586914237210737
0.9570861523361608
0.6361439660493753
0.9232470040989241
0.7629923857567606
0.9369251610475493
0.8750892612197232
0.9931853771158045
0.9667124205484448
0.923960251493808
0.9069388439341711
0.8930719991137127
0.9782987510023091
0.9311928444092514
0.7989239991747269
0.9530220368716733
0.76440171062398
0.0
0.0
0.0
0.9791297440658584
0.9979703762529474
0.8939080603300744
0.6950788201815495
0.9145101671785969
0.8115566454923195
0.0
0.8660028616287244
0.9519637930702284
0.6673445512290626
0.9386848349964269
0.0
0.9879773877755654
0.9606619739155939
0.8932652744827848
0.9523901478685739
0.8308210341477859
0.9994461717224117
0.8673657227749717
0.9998489485312978
0.9522630717805902
0.9941047339183829
0.0
0.9135972164931919
0.0
0.0
0.9997280814804154
0.0
0.9802129186381443
0.9630066447459233
0.0
0.4170368194276258
0.714870869180958
0.0
0.9326352728874646
0.9974845440217833
0.0
0.7756373879147102
0.9761953555597684
0.9009650956495165
0.8644947919452197
0.9193937785136407
0.8798186685319231
0.9979682335779587
0.9972877591190722
0.9411484971441545
0.9774099873437744
0.9490282805140784
0.8936370776125035
0.0
0.9982514429542084
0.8953217891441768
0.8852220386479953
0.9695276589036473
0.7939164182392953
0.9643076215148599
0.992916542335031
0.9923921737289779
0.9545833497964611
0.771882766194298
0.8889846855796447
0.9997586875145147
0.9290306258768721
0.8704356260251138
0.9752919330282928
0.9546047406684027
0.0
0.0
0.9429807377301024
0.9930567569158532
0.8922897291654437
0.0
0.9100645730747986
0.9870449435681412
0.990127877471363
0.8960576424743274
0.0
0.903159203482857
0.9877369305238785
0.8972256614111734
0.9903064878419378
0.0
0.936848681955362
0.0
0.9913245461964473
0.9793632864454934
0.0
0.952033828638107
0.8724843302619145
0.9242029140819885
0.9596017634099087
0.9887377485274179
0.9620186556105136
0.7617268639968116
0.0
0.7794070265477973
0.7926980114891066
0.0
0.8417435645468675
0.12868391285320918
0.9796379151048743
0.8993791369405351
0.0
0.869592373968913
0.913066614121287
0.9548747873556604
0.8218583310433994
0.7334878068012941
0.98828578112955
0.9995530927903122
0.7827286979651201
0.9814709062864869
0.8632406090404234
0.9944882092640995
0.7490894225923246
0.7872281089457303
0.9760607383774952
0.963778180912769
0.6047383488612114
0.83283486879374
0.7080047580101116
0.9090787436639189
0.8344136509496235
0.0
0.7072866866011284
0.846967672122596
0.9593299086329238
0.0
0.9861715777320696
0.0
0.8119347473353494
0.0
0.7272257085742877
0.9967514642859922
0.9693564271541291
0.0
0.929652944034448
0.9325877797996734
0.9400008066964455
0.0
0.654143795339887
0.0
0.994337478341289
0.6502046746715899
0.9179908600477388
0.6795074292688625
0.963630162077383
0.9897510716663903
0.0
0.0
0.834006881030807
0.9559196643580944
0.999983213623474
0.9839360645778802
0.9462475587812379
0.0
0.0
0.9993215252823106
0.8263140955473037
0.9656793121465751
0.0
0.9938014045795197
0.7422783482561062
0.7512793700938059
0.9941737669005664
0.9555883629278424
0.9731681903664331
0.8067701395930366
0.6819513474322213
0.8011840567173221
0.7808069522631983
0.9790033375995371
0.0
0.9644075107441473
0.910797818381554
0.0
0.0
0.9221119712024505
0.9891886308031118
0.835808199868003
0.0
0.990188763026778
0.0
0.877811876814199
0.8838621231929354
0.9952065035743063
0.9350844509006689
0.8311937842771541
0.7645215922082454
0.9493289332451622
0.0
0.7697595009558796
0.7223740745468044
0.7665190651134094
0.8564468665972238
0.8035108044776551
0.9622725703401088
0.9380860302888718
0.9787336903622197
0.9239267576375122
0.9646349145264095
0.2546119915613668
0.0
0.8132656214279866
0.9996888411627987
0.0
0.0
0.9943503564187495
0.0
0.0
0.860507080458314
0.9747329351623631
0.9597451423957827
0.9510976818173001
0.9659152294610719
0.9808957133539734
0.9330018100377556
0.9554526077969347
0.5476908656923407
0.0
0.9962132696128615
0.0
0.6941133685198267
0.8402526288599826
0.9947994776753918
0.9218255808459483
0.7227794158228796
0.8231849992737055
0.8906147862108892
0.999067873887428
0.6429219247558962
0.9694638187260329
0.6356590395750523
0.6551992497609572
0.0
0.9718809353291332
0.0
0.8311965443798074
0.9807206576991238
0.8996990105661697
0.8235286290137908
0.8074804435451046
0.888601440685007
0.0
0.9980961182779184
0.9945497243998452
0.5745267630050209
0.7515644768560908
0.6979261772048295
0.8121780561022544
0.9278994226471016
0.9018969290501965
0.9490900445671708
0.795791988830057
0.8419520783783817
0.9763019962273789
0.16432799372823945
0.8099636071522069
0.9199004463065925
0.9949970345757815
0.9913435784163633
0.9892250504593447
0.9814759316398033
0.9120744321505619
0.8441481670019213
0.9080895013120337
0.958906682788289
0.9698482277333114
0.936653081589923
0.0
0.2560042629752305
0.9575208119030313
0.6499199819884331
0.9925223524930872
0.9625568548402418
0.7203166217827482
0.9862461842852098
0.9137665654046961
0.8101124697733414
0.0
0.8904466530510698
0.0
0.0
0.996608016437095
0.9963341584509889
0.0
0.9240917430946892
0.920045655773777
0.9851415445454481
0.0
0.0
0.0
0.9623853235693184
0.8140571993619261
0.0
0.9480876042025185
0.734070811345997
0.9773620015577023
0.7721208999098716
0.657046743345794
0.9185079189586257
0.7550505100644094
0.9138887318828044
0.9861131754234007
0.746845878127672
0.9553264301803165
0.9074692230912399
0.8269641319904881
0.7930498868725095
0.8892382844594166
0.0
0.9673472938769215
0.985780022277175
0.9998973340320746
0.0
0.7960797260274536
0.9430551516422362
0.0
0.9775579615356491
0.9758880440577076
0.9888776896014723
0.8397080571470207
0.9986713914771718
0.8236821277473859
0.9613894790717197
0.9364854103999423
0.5697048431991669
0.7118904453198119
0.9876136297519922
0.0
0.8831063610526134
0.0
0.8836395783757122
0.6592509808535792
0.8587271415753683
0.7211562878026123
0.9332819322313362
0.0
0.7340877928443962
0.9735450255120379
0.0
0.9844518537124465
0.8172068151303981
0.0
0.0
0.3507099374315827
0.9871156988006801
0.0
0.8961959345951055
0.8193359909963193
0.9969832304683386
0.2818929363643093
0.9999397857566258
0.8769027553521391
0.091676269246991
0.7431888991080181
0.0
0.732871137675772
0.5828759775765671
0.9853685039103507
0.9941846818788218
0.7672423213644897
0.9986172349992901
0.0
0.8090086589725912
0.3881392431433621
0.7987855924434485
0.9353864172748854
0.689728184892586
0.9724599778313471
0.0
0.9998837336739065
0.974398346150659
0.9734236147499519
0.9732185915213858
0.8042533354612044
0.8908538240748121
0.9120157099403862
0.9363992359517705
0.9416838581439005
0.9994804832697151
0.3551627069282869
0.9059699970296764
0.0
0.9962823354023475
0.9413528313260856
0.9529903556752638
0.9981326850889988
0.865107772565407
0.9986301656432232
0.9456217031431171
0.0
0.9973003738926091
0.9461266714774585
0.9520076295089825
0.9123764968954677
0.0
0.8741166598800798
0.9778583784393534
0.7106863740253657
0.0
0.9922948743687755
0.8368316076709481
0.8598880312903341
0.8976054901348753
0.8407527544132046
0.0
0.2828178528329834
0.9310065522474842
0.9316737353642446
0.9173344379818347
0.8710754937867199
0.6972444944259628
0.0
0.0
0.7560984231734954
0.8842211629989665
0.8446107717800484
0.8933552767059981
0.876248122067858
0.9789001060233226
0.9953921535291826
0.9895700300121821
0.0
0.9990308027736048
0.8005696162826796
0.9708018009607061
0.9581311478549598
0.6290816815098685
0.0
0.9759291204339323
0.9747912850843409
0.7803192747738521
0.9686407310896663
0.9001751685829683
0.9049642084050563
0.9258792659712494
0.0
0.9154420262865747
0.9993131456210582
0.9076837200763338
0.0
0.0
0.9035376487727143
0.9091875315385152
0.0
0.888382493986632
0.0
0.9666321564126557
0.9992801052935415
0.9534237144673747
0.0
0.9527495717193689
0.9610942494805651
0.9828335793336097
0.9994575506820783
0.9804444792232703
0.8403700573349412
0.9448798502298248
0.899240939068653
0.9303936679294955
0.7947549827719534
0.7948283719792424
0.9967500719871781
0.89585671195782
0.9767782483364599
0.9079739925974749
0.8563197284298398
0.9614269161884336
0.0
0.8460324314580785
0.9958624115349376
0.9034884860770976
0.916199701011443
0.9965673137291515
0.8681211702590931
0.0
0.8747967909913124
0.9508499315390465
0.9399068310085447
0.9096455585996194
0.9652986380436256
0.9183095899006148
0.9738652021511857
0.9117963448093213
0.7911687615506799
0.93567095003564
0.7691169356713985
0.7198710894347268
0.8052629331174744
0.8053680470862417
0.8755137887938588
0.9940981145536962
0.9965854991284373
0.8478684239563395
0.0
0.9882372426468579
0.6283494303560395
0.9198401541436212
0.7296333288725069
0.0
0.7625411937158926
0.8467665953019954
0.8559436438297491
0.9006643363554105
0.9131245442021021
0.8977514324656735
0.0
0.9523601872814877
0.9884861676231357
0.8865245698807511
0.9404012787452313
0.8605904524699197
0.9986438799705384
0.0
0.882588268113746
0.0
0.8589536698703176
0.9364864868702518
0.0
0.9420382006072493
0.9706622360996187
0.7476203958543529
0.7375009124318976
0.855176354676348
0.8486161827805659
0.0
0.9956059667845611
0.9386248218314878
0.9282448121036095
0.9998266821809078
0.9171538724707503
0.8201461089114283
0.9205382593179726
0.9672137363733992
0.0
0.8019261747612629
0.7076883970715714
0.9275113847371362
0.9192567861747096
0.9743619564748587
0.9492836311925138
0.28551742968029514
0.0
0.7989940298126507
0.0
0.9156968321406451
0.965615139704217
0.7900675956848581
0.8457890236112274
0.627197919421414
0.7990759501315265
0.94500966058894
0.9386309841820593
0.35136469970624945
0.8742441786121579
0.8779119339814183
0.0
0.9728196795068165
0.9239852476746663
0.9036590118861418
0.7866401391122858
0.9331702225405555
0.9849489436380154
0.7740890567924743
0.8418507425023118
0.9755607146571926
0.6798938789752532
0.9735294971546716
0.0
0.0
0.0
0.9604628830300106
0.9981556395986816
0.9989362136717426
0.30320596032991387
0.8728956239777664
0.8669531354963991
0.9801164714787859
0.9870016342570174
0.7514585698817126
0.7676446137352625
0.9930789966178523
0.9984575793807793
0.6868088110957751
0.858591550370337
0.0
0.9762273119311616
0.9017948289156026
0.8299649774032893
0.0
0.0
0.9975198697249286
0.9710794953690332
0.7997487810260533
0.8455424947847205
0.8281023326188623
0.7999785522276802
0.9694827470749136
0.9569375712794173
0.8570099896846394
0.7380158577043402
0.9997927295246116
0.8667056863100662
0.971916195923961
0.8297483388304986
0.0
0.9583451415661152
0.8099911878588223
0.9823789604708194
0.9615455089970378
0.8840009637314821
0.9865928885862287
0.9804537960582933
0.9759965201211149
0.9205604145702272
0.0
0.664788453383221
0.23697971820948788
0.8548652886324447
0.9913228714256379
0.9115230909090838
0.9859416022415093
0.9668591760165918
0.9997720260182057
0.0
0.8763540574204629
0.8868051248684877
0.9607303563335083
0.9006414042739819
0.0
0.7713993659088525
0.9559588294821312
0.9165141206587961
0.9972355950017695
0.9524060428158503
0.9891520855494035
0.8167556912884006
0.8186736148096099
0.9108027186127934
0.5950998687011309
0.0
0.0
0.9146360490799007
0.9588323481649044
0.948701941074804
0.0
0.9719191540001284
0.9990480143505236
0.99598748315112
0.0
0.782412019713139
0.0
0.92348625466007
0.9696629485032084
0.0
0.8696979527776963
0.9621909489785934
0.0
0.99468861853334
0.919798121706857
0.7808936251909715
0.0
0.9956961854579427
0.9011211561101132
0.0
0.9625678348703575
0.9796396454693878
0.9946844256683144
0.859152603984633
0.9635864963829789
0.0
0.9995770378896528
0.9462716209427313
0.8068625860285719
0.9576293463229323
0.9757775812221505
0.7629549575656008
0.839360123002029
0.5170363083148881
0.9543269043779594
0.8114206182338591
0.9365372015198474
0.9256325964429086
0.9171041366740305
0.9979928701498348
0.19471707323207757
0.9850513776213549
0.9414091603547468
0.9526906579789952
0.6918351875066816
0.9905044922453385
0.0
0.7528501372398578
0.9130600112707321
0.8297147115234201
0.9963109605351484
0.0
0.9667976778200564
0.9538851982357542
0.9332616398766598
0.7221064508199341
0.7826328948995728
0.8799603123372416
0.9707464564221988
0.9520812419072846
0.9110300073457215
0.9660675331530154
0.587313887402561
0.9956638310822582
0.9947723037383944
0.0
0.9994975601723513
0.8606309937693043
0.0
0.501348813597463
0.7497161360289467
0.7416158631397658
0.0
0.8351342163437091
0.9143198795793962
0.891373871120245
0.7592697142456704
0.8970803363930492
0.9314570878436299
0.8384714801161112
0.897111922748657
0.0
0.8019329776239917
0.9635146305889991
0.9973265288170031
0.9354922628391457
0.9763341573223977
0.8872100340889775
0.9647309828637264
0.9404911629452037
0.0
0.9443807282674689
0.9585499301216813
0.0
0.9573073408652125
0.9723116759918816
0.0
0.9117106955337548
0.991839340490673
0.7372452611198552
0.8958384545742022
0.0
0.0
0.8222381462310671
0.0
0.8262984931649824
0.0
0.8151327216300283
0.7088586168640258
0.9346603976596388
0.7529425764156328
0.9877654082996048
0.0
0.9937053307364712
0.9982960485930052
0.9965872532645242
0.980544945102678
0.9960152849137395
0.0
0.938298440151945
0.0
0.9517060744854098
0.8890750464771863
0.909084693755353
0.9807863189635884
0.9630205271475631
0.0
0.9616703818238264
0.8534767429745647
0.9785076042351293
0.7510170024501676
0.9914447737272807
0.8841635748853413
0.8639105860413715
0.8975516273004888
0.5565129894736349
0.986663515259722
0.7787367344773318
0.999118867220034
0.9401195950616795
0.9809494467792591
0.6354107952044247
0.803583478380194
0.8708655008552931
0.8631256105080071
0.9370982610969913
0.0
0.9992466679737498
0.9164253716497167
0.9963614174365629
0.9078455809072745
0.0
0.9228533754530213
0.0
0.9974969910907922
0.19471707323207757
0.9908372205914509
0.9815641212984476
0.7431296876832325
0.9206353419741876
0.5472375131140846
0.8878842693624798
0.7925686162002521
0.98930256785032
0.9030315631836545
0.0
0.5429931354261434
0.9717702368960981
0.5978993745440576
0.7890861921874063
0.0
0.9080574238006764
0.9742400014755667
0.6991706684427249
0.9910336035822672
0.9975163361438301
0.979835833269706
0.9954812832591291
0.8270981235570827
0.9648454164679516
0.0
0.9196915359011686
0.9356221745012901
0.9022538286309009
0.8951462469807671
0.8350561553474237
0.9646785048015994
0.0
0.9353154734980389
0.9930893778893658
0.9965240939130665
0.5458929022544317
0.9981396128109867
0.9093202127095846
0.0
0.8817690280126924
0.9952498807266908
0.9364146525643089
0.0
0.0
0.9287911445227761
0.9752335023753304
0.0
0.8194053014830176
0.8389125868900771
0.9977920197431202
0.96479745228845
0.9485159676742145
0.6112246166741342
0.9740884600188008
0.7471851294371097
0.0
0.7072207464733312
0.706936753467913
0.9712562888597461
0.0
0.9430960753932527
0.9472005743898215
0.9623330079397691
0.2906068979249938
0.8407091466002201
0.9661255881716247
0.0
0.784280383118445
0.0
0.7631656987061893
0.9093138602563762
0.8162642925476707
0.9833835268999255
0.8420140162997617
0.8904181978703036
0.9333849684293606
0.9954448129360706
0.8954190535367577
0.8882847787098517
0.9078356927491676
0.9951330267561866
0.0
0.8501529729654758
0.9977385096793174
0.937829427419679
0.9714916574337306
0.0
0.9479861653282183
0.8674988295650796
0.8125129812640425
0.921391804020559
0.7698177133586324
0.0
0.8673867504529053
0.9092081788974218
0.9870386461906714
0.9505197246387099
0.9494747684186869
0.90265324684644
0.0
0.0
0.7437004318481159
0.0
0.9667482662767931
0.918200699167463
0.0
0.7966890768497413
0.7787890844383637
0.8007524711186993
0.0
0.9800241964799331
0.0
0.0
0.9179250207289126
0.21545938858977665
0.9963665840191329
0.9968154407716111
0.8006057893802203
0.9691152067226088
0.9870321956598657
0.9252027368407155
0.8526752941408413
0.9212786875514443
0.9752068998505206
0.869840685316136
0.8602243097035671
0.9698941347179607
0.8741830915601692
0.9288432292574457
0.9029955373995178
0.7945355264306417
0.7832023157553734
0.9662972414724482
0.0
0.9831387995445856
0.0
0.9695116975349444
0.7833727117253526
0.9180601589480143
0.0
0.0
0.8554877166636746
0.9683921144474789
0.8601241402519748
0.0
0.0
0.0
0.3132069323368215
0.896963029232191
0.9461266714774585
0.8024241522016714
0.9726391927366971
0.0
0.0
0.7751764684295993
0.0
0.0
0.8225916959440821
0.8922119781256185
0.8678865138768314
0.8698241431021366
0.0
0.9999821027417348
0.0
0.9952498807266908
0.9757594672304141
0.9191050843385898
0.971065846393887
0.9545181735503387
0.8947167856646271
0.891231508943465
0.9803810802711227
0.8403700573349412
0.899392834242269
0.6359416110270376
0.9998658408161419
0.9381114714983667
0.9991283242666515
0.8438882193359277
0.9630492854695244
0.960265379679363
0.6497950425038773
0.9077938863139784
0.9979301156106266
0.9278412552371179
0.0
0.9644039513480582
0.9948583227144141
0.8134905648769452
0.9365381368491801
0.8127262032901528
0.0
0.9886233439370155
0.9811725894675835
0.7251640639040675
0.9563491062726658
0.0
0.9458317119292786
0.8313977213556846
0.9634892786458766
0.9731537560957697
0.9793420404065867
0.9629908472274235
0.0
0.8643001647768276
0.0
0.7970157679156381
0.8662735222042836
0.9916476155691366
0.9548529518764993
0.846555059821529
0.8222997461924662
0.9386201996916868
0.9222510749628624
0.0
0.9210929976621173
0.9999429770535608
0.8023686900377341
0.8807979963063809
0.0
0.9816108806486756
0.0
0.5883263173409685
0.7063635633595498
0.983887470314579
0.8204122430635326
0.9425353916558337
0.0
0.0
0.8192090085066694
0.9862124330943601
0.8217143405698196
0.5762439617049425
0.9061220287903978
0.9808648351307985
0.8056448290848159
0.836590169289075
0.9590770898703495
0.9961548970710264
0.889407034254795
0.9626010162938685
0.0
0.9595326657669007
0.15227098722301888
0.9260823614231121
0.0
0.9461266714774585
0.9997038491508135
0.9324717075646758
0.90408245753299
0.9801287618639596
0.8630199363020474
0.9115278011693225
0.8671560121526936
0.8649072078202822
0.877089627066031
0.0
0.9115549639496696
0.9984011371053463
0.7981987513320169
0.0
0.9566946283906795
0.653528686467455
0.0
0.8298709453278054
0.9977872782173024
0.3883257889638327
0.8617322641032633
0.0
0.0
0.7185983009192743
0.5939792661170115
0.0
0.9433962126036464
0.0
0.9813710074404755
0.8290568445614656
0.9863903922472445
0.0
0.0
0.8864676576617415
0.9303586586630165
0.924459623777927
0.9461266714774585
0.9982566662741883
0.7715310377336517
0.9456296516589888
0.9630302086327174
0.0
0.9999387279332083
0.9926934393182457
0.9984119817227909
0.2889535505719412
0.9647490869899206
0.9664544403463393
0.0
0.9861773179886706
0.7027887487981254
0.7602889648918333
0.831791182635892
0.852059254352798
0.9451674616529112
0.9302939299948729
0.0
0.0
0.8165774751991199
0.9035450431318458
0.5956207117538581
0.9446075007682753
0.9832112484661369
0.9995527501393757
0.9715265475559508
0.1585738922558734
0.9963518023549073
0.9653602752598395
0.9094150739644254
0.9978172589417983
0.810830519944778
0.9638388061154793
0.6704596666011468
0.7155604331913944
0.9983234479378482
0.0
0.9728715617696505
0.9017354878686461
0.9869046904146627
0.9622099839434227
0.9713974227858629
0.0
0.5838807076190827
0.7804942828315132
0.993315670015877
0.619058463427334
0.9247664887060477
0.0
0.9879560720910422
0.910726827835577
0.7610201312494763
0.7916343570371686
0.8980013270992961
0.8895053921893495
0.0
0.0
0.9475775010667783
0.8887501503567506
0.8785525162045952
0.7328385751345813
0.895310536987769
0.9752505890479011
0.8705638421898708
0.8758131873338748
0.809240197270297
0.0
0.0
0.0
0.9620962320593041
0.8789266218503868
0.2270911174267383
0.927588746341959
0.8662679736722634
0.0
0.8652380753873985
0.0
0.7970547084371031
0.8799726339954643
0.0
0.8023217241558666
0.5652133907650972
0.8684685901831495
0.0
0.8931491066648136
0.9075132662095776
0.8866882556244271
0.3238963475738297
0.0
0.8590609090320894
0.9271749038203646
0.9978281997243933
0.9463925661424777
0.8879143235575295
0.9075570625554161
0.8791862848984763
0.0
0.9440342822782045
0.5127222221664033
0.0
0.0
0.9605383687522262
0.9543480211015549
0.9908000108186736
0.9841650297193146
0.9629641646743003
0.9976895011040636
0.0
0.0
0.8200887267845448
0.7342982010628162
0.0
0.9821544153244448
0.0
0.6087524672481223
0.0
0.9079827797877896
0.8484613537672053
0.9832761448058125
0.9966879719989915
0.8059170866130323
0.7448018749218083
0.0
0.8237979830539078
0.9906046043361042
0.0
0.9161225017527145
0.8707501372204394
0.0
0.0
0.76475442398665
0.9070856739475986
0.8924488745762051
0.782303713673691
0.9831093676085575
0.9544333839628362
0.8951200066475746
0.0
0.8909159426574172
0.9959511196095227
0.9954553282751921
0.9870552926264075
0.6734196235101995
0.9460628852477165
0.9726330424796211
0.9170039871904111
0.872202355767862
0.8888936243120598
0.8507741143757364
0.9874618484871776
0.8586381959578678
0.9996367906875202
0.0
0.9483513782207137
0.88560077036173
0.9201244651908954
0.932507355862402
0.0
0.848086496829083
0.9971984351857114
0.975243973695385
0.9984328952518375
0.9574003992271474
0.6979882715281757
0.700588055061241
0.0
0.9942651193710759
0.9104735976485004
0.7964639014752115
0.9049638314789044
0.0
0.8920737009786036
0.963398491892287
0.8154702628941759
0.0
0.9471618751849803
0.8549800030748643
0.9041134673999266
0.974636534575353
0.0
0.0
0.9815719325993278
0.7443227840397905
0.8269759008067503
0.9707681984715633
0.6216514906025203
0.862999748095897
0.942720287824543
0.38757642741002646
0.0
0.0
0.0
0.0
0.7173108324604534
0.9190164560228563
0.9224731267145674
0.3516896657140079
0.967342128167024
0.9350525569184162
0.9200386339411296
0.0
0.9723969228819869
0.6689953274335128
0.746182076755717
0.7716454699065309
0.9138569099051844
0.8759345560965313
0.8626262942982851
0.9593895200188582
0.9697003178071232
0.6822341768060962
0.8393279948807214
0.9219950699727949
0.9961646547166064
0.9719516841080111
0.9553823395466018
0.8965056744267984
0.0
0.0
0.9854906380305138
0.8723449747624822
0.9248567813180243
0.9781684270944853
0.2249227117042673
0.0
0.0
0.8938735683905008
0.9814341052717939
0.9805875056350019
0.9326823353011393
0.0
0.8949205901162113
0.700874194887755
0.9840735433290758
0.0
0.9834719015297763
0.7833997258950385
0.8172011310857076
0.8094872180197807
0.0
0.8464667503706174
0.9703596772648468
0.8620691236670726
0.7052823958603597
0.8958237411664406
0.9447490410631174
0.0
0.9586636512299634
0.9230069995882861
0.9693824162613273
0.7285692566008048
0.0
0.9802775651098538
0.8731052584391655
0.9781597795404949
0.9393589344600455
0.9993518496946201
0.0
0.7502361149241521
0.5297725770600037
0.7889617240022317
0.0
0.0
0.8654162580829466
0.0
0.9603726363542358
0.8586052283817832
0.7581783302780039
0.7570559301919014
0.0
0.7658026518220181
0.7655896172731309
0.9998154923052792
0.9136733879630956
0.7825686291118968
0.9434069623383246
0.9332591336091014
0.921601985172231
0.9388953783632993
0.8651364144150259
0.9931255603861443
0.0
0.9689220419289495
0.9859774184425821
0.9882177873053939
0.9323338558313881
0.9107445135423142
0.0
0.9701560556902975
0.8129017470378676
0.0
0.9006492905885727
0.7898212419539852
0.969672951607198
0.9818755731549235
0.9316003049810128
0.9809418961409588
0.8339841724203044
0.9983692719004427
0.9331985611680946
0.0
0.8175116158964438
0.9959191564925896
0.930025349408054
0.9686811560542985
0.981226098481936
0.9629562926756524
0.6463668771779619
0.9779684218765795
0.9998357512365932
0.5921338806000661
0.9702362310286611
0.897977620120356
0.819077361640036
0.9778402245705831
0.931558517023002
0.0
0.6492785078356453
0.7223943411278483
0.9242015615251354
0.9386635082531396
0.9570858095771511
0.9324608650804984
0.0
0.9997685208768975
0.0
0.8708838040668097
0.0
0.9502344866161324
0.8954483094428167
0.861185602052282
0.9008726937618317
0.8518008817222399
0.9936185277771471
0.19810912184651436
0.8523256454319762
0.9884706452295906
0.9786147666623881
0.9992439864596643
0.865358655189096
0.6855078693043494
0.0
0.9436560348830002
0.768749551530662
0.7515736781477059
0.0
0.9948586712123707
0.9193306565397082
0.8747184688190394
0.9735926836144523
0.8225806924542929
0.0
0.0
0.9640336499205598
0.9715905200607787
0.0
0.9972267786744179
0.8802930697094067
0.7056135223866592
0.8974929942430515
0.9303241959648323
0.0
0.9776793264180702
0.996134162040273
0.928317720029762
0.5968653869121326
0.871368819164134
0.9860402769144082
0.9974181014317516
0.9861184567242601
0.9981930019297193
0.8030033614614649
0.0
0.9430253961248233
0.8785564498214626
0.8905055905074847
0.0
0.0
0.8565692162693659
0.6746234697162853
0.993011379053757
0.9973640454932394
0.99949070105849
0.9790072991502803
0.4929839811847183
0.0
0.721161145602883
0.926340404062354
0.9723139357854592
0.0
0.0
0.9383452818585868
0.9687225624199689
0.0
0.9833822372291274
0.9340110130583295
0.9910858931667552
0.929830196441827
0.9450028716297063
0.97391523451726
0.741060025220422
0.9958718310989558
0.7964004811687643
0.0
0.9071677536613264
0.9127426987526394
0.9815471936472798
0.7953501123658187
0.9324822996513017
0.8254369016757498
0.7995241499026889
0.9993381366767548
0.958956614877781
0.9976251581565536
0.9588845712973508
0.8543135262137157
0.9762002847784768
0.0
0.9861964338658388
0.0
0.9337174261613058
0.938816130377364
0.981897457499766
0.8682690500830508
0.8610638959059443
0.9793037411348472
0.0
0.0
0.699822819534388
0.0
0.0
0.0
0.7166380724032985
0.7827693722782237
0.9407854390180842
0.882094747085667
0.9998057377872447
0.79609732592718
0.9782717364315109
0.9696139879833549
0.0
0.8208200763029281
0.7601268020384003
0.975198846633678
0.9932043180627487
0.88193497143222
0.6464721625010562
0.0
0.8348803980156029
0.8831484179283994
0.7499200590448941
0.9139406156363816
0.9244316051723862
0.0
0.8894000712220593
0.9995059525938599
0.8937450680480905
0.9539088300440458
0.7953125291421786
0.9994894916146344
0.675648881832085
0.9172760147639668
0.864704647221042
0.9144152878596705
0.9855720099094554
0.9162982805817548
0.6654516055092073
0.9533294192198419
0.9424861268081133
0.863273327920219
0.9590352364595996
0.805335748277563
0.9353020856340998
0.0
0.7013035561472971
0.98585988555629
0.9615708483410861
0.0
0.8935548043643073
0.9685600951124159
0.9538638612071394
0.0
0.7891218356994427
0.8254647495090663
0.978610014174402
0.8820985820749996
0.9196842349996643
0.9972622236330246
0.7529575949700618
0.11848985910474394
0.7530011294998198
0.7832944505485738
0.864059640881989
0.0
0.8752827379744377
0.9841841900704221
0.9941329469145547
0.94380264105041
0.9858550494466508
0.8529600768904605
0.9430253961248233
0.812789428428023
0.7608837351737723
0.0
0.8538633248708948
0.9133951225632206
0.9271068731420395
0.0
0.956917265592917
0.86923697945375
0.0
0.7830024078112339
0.9951239255969887
0.9753490898931548
0.875675397557583
0.8916938069922308
0.851838599445946
0.735677569763577
0.0
0.0
0.968482130361488
0.7711512021198931
0.9676826696417209
0.7277532187951654
0.9786262751791994
0.8955283487270042
0.9863478851308833
0.9601484265300856
0.8722923626566307
0.7226441821085855
0.0
0.8673884802806432
0.9353809920496777
0.9096372705812706
0.9153909213335942
0.948412409656775
0.8960180402758968
0.0
0.9990675287131063
0.940528729095506
0.0
0.0
0.845029125441284
0.7238152880817904
0.7906238690823821
0.9505032939890302
0.0
0.783218947504944
0.9071189558704811
0.9775101333790374
0.9702100413633773
0.999386119803802
0.0
0.8484416866661872
0.0
0.9995840863385708
0.8314648736487514
0.9981392259094779
0.7523033892877107
0.897749246549117
0.8753816227936027
0.999283346691533
0.9354346536496704
0.7892975986600295
0.8882673143494983
0.9977671229389762
0.9400029369217962
0.9795152607732993
0.9988679163142257
0.9229798512041596
0.9655554585794467
0.9999414710674555
0.9902457729068461
0.0
0.0
0.9222211174256314
0.9501812786449594
0.7227521540876973
0.8349749609387274
0.9441064780104161
0.9768550841068907
0.9639331939494773
0.9084232328323754
0.8916620120219825
0.9395505916991407
0.9245664795609904
0.9979986124393605
0.77127767711313
0.8477834630252751
0.9312646011842421
0.9675611109823683
0.9375812166461363
0.978206467884886
0.9371876053539837
0.8743787549163607
0.0
0.9287328619165959
0.9583570453174147
0.9796009329729497
0.9918554292637289
0.0
0.9981268622932459
0.9515124132844445
0.7611356812599342
0.9716592978561205
0.712116399029602
0.0
0.8214307479606001
0.0
0.7282841876690992
0.0
0.9461266714774585
0.8440272251969495
0.0
0.9185968015921635
0.0
0.90878475260731
0.9410547417538425
0.8542773566058417
0.9978306986339933
0.9969500742320254
0.0
0.9982570524892146
0.9155648640680647
0.8792631626025734
0.0
0.7983417925990349
0.9165260208178223
0.9120424021608403
0.9943030854872105
0.0
0.9813684908217136
0.8683995665640071
0.8551944377744669
0.9932104915596848
0.8907355816821771
0.0
0.9947399789626789
0.0
0.7562221779382284
0.9651342031551315
0.9956004532575095
0.0
0.9435839760432659
0.9955798500399183
0.9210997312440975
0.7903783036132096
0.9746297260616485
0.9965011514010659
0.7869408410283519
0.6333951405202349
0.9808611747109132
0.8602991521968569
0.9390274728582049
0.9189828619653487
0.7814713243155318
0.0
0.7888828309609285
0.0
0.0
0.96342269519609
0.0
0.8817796257639634
0.5566300345475609
0.0
0.0
0.7960190682725001
0.8513396294214466
0.9038645204626264
0.9138706815430837
0.909760921039833
0.9490566155496575
0.9507928815322887
0.9828946712162295
0.0
0.9185233346619168
0.7592000637064268
0.9589512501527043
0.7115626986956749
0.42379888961797113
0.9190549066699354
0.9382219381094994
0.9527865993598768
0.9396115566777817
0.7708717591599982
0.0
0.960296373380758
0.9365921764166204
0.7652700197214719
0.0458381346234955
0.9983025916547694
0.9689048157215842
0.9986038261594794
0.8967708082422615
0.958847235125646
0.9001497149941454
0.8693711542634817
0.9526153008145809
0.9545308933049722
0.1453034489624969
0.9453144855980682
0.7174497052981754
0.7794834878292571
0.9979713182691182
0.9921037610311447
0.8081007359317329
0.9545411884575747
0.9389161342166751
0.7815868454125804
0.0
0.8286887805531262
0.9806538991789817
0.7834594022986213
0.8887426361021968
0.9713251386036017
0.8395558077930197
0.984022358706317
0.8964700256504424
0.9336534619451563
0.8858105791035155
0.0
0.7667224242608601
0.8967160901763589
0.8977769855147031
0.8657976374345743
0.7699031926700508
0.8959282219636447
0.7550941427674263
0.6237611280531528
0.8902133917547729
0.0
0.0
0.8128368076443547
0.868297273961428
0.7851517738899667
0.8902735728935861
0.6280869977684577
0.0
0.0
0.825435897931283
0.8483471675858442
0.9606179601739361
0.963842550793965
0.9668672768543104
0.9995733781684777
0.7922154078788486
0.9461266714774585
0.0
0.998624862007425
0.0
0.9298336641900086
0.9486798760517658
0.9819351315443356
0.0
0.9117110359012829
0.0
0.8311999943461333
0.9797555012013593
0.9725449253626641
0.7724974571744896
0.9456953635418702
0.8175639285881251
0.8161823733105454
0.9496823399600443
0.7575565053962113
0.9801343014679226
0.3881392431433621
0.0
0.9600706266471641
0.0
0.8164752571825207
0.8604304035250641
0.9520987636380964
0.8112252291780926
0.7532183732933276
0.9179604569936938
0.8010709834497943
0.9345139237256589
0.7847541980860679
0.7813272497371703
0.5647883615809733
0.8501838755696206
0.9705452825081551
0.9493378357868218
0.9151219381404326
0.9927651795916947
0.641673312762282
0.6648823785892947
0.907016940495691
0.7687613773279424
0.8366187816380546
0.9932830811938373
0.8349610567136502
0.9282922961604035
0.0
0.0
0.8262533989271114
0.0
0.7187962001886816
0.9628469601023857
0.9635126090115036
0.7723945651977975
0.0
0.8616011049557719
0.8410231172919089
0.8612617007859065
0.7221387665010736
0.9138096428131732
0.0
0.9768265831365904
0.9967359968343306
0.98948600118213
0.9884835452767063
0.0
0.8323246951688313
0.5975538810274863
0.0
0.0
0.0
0.8458616610144544
0.19471707323207757
0.0
0.9718110161013187
0.8807925640761717
0.9189333238065704
0.991523663870724
0.7364597977426819
0.9321267628986327
0.9917081337864362
0.90547567276007
0.35201304263958527
0.9269067963844276
0.9110795089663908
0.9840051134495804
0.9591897428095745
0.979112893997866
0.9165804936695594
0.8466661912127281
0.9419948081482642
0.0
0.0
0.0
0.9639122992129918
0.7844624836028323
0.9877895433667226
0.9559992606582491
0.9466756529015005
0.7405710499273455
0.7741855351469438
0.9140593735466592
0.9603450064893894
0.9943883126433293
0.8382808214485998
0.919174381376757
0.9509631697010509
0.792275511965563
0.9267859388349023
0.29379452458529187
0.9868774341484242
0.9941381144034303
0.0
0.8085204542678952
0.8975738858089258
0.8257218500221477
0.9418023417400289
0.9296820522426894
0.8956425847743236
0.925335938402632
0.8081831991613704
0.99902876689486
0.9795443349029701
0.9519483841772278
0.8090565745801281
0.8714665977863223
0.957796596111096
0.2889535505719412
0.643666986731159
0.9913216459567101
0.0
0.8493164196259566
0.9526246151535145
0.9974303189196418
0.9595244075166249
0.9588099112565694
0.840464090125534
0.6852596308067472
0.8906527047523879
0.091676269246991
0.9976771087731182
0.9438092610673332
0.7116749316548636
0.8871444319532044
0.6665478390099061
0.983409982630536
0.8465036211335335
0.9982713224725843
0.8685907437612804
0.8299837209321528
0.9861455416217768
0.8692142021797762
0.9439037544763009
0.86761284085901
0.8467036786864149
0.9967571648794682
0.9142593197460879
0.866820535208963
0.875203925503456
0.0
0.0
0.9727410628735934
0.0
0.8842521036340466
0.867825340146339
0.7690363214221929
0.0
0.7652026701136275
0.6482843736170983
0.9938318316617645
0.0
0.9470687769691588
0.9808734231637919
0.9415338609145915
0.0
0.9971355017355276
0.0
0.9058771972604645
0.9703247831412571
0.9121030631717989
0.9152298176529575
0.840573559790185
0.9810390805573959
0.8494301678956383
0.0
0.5546717893287822
0.9315487845522236
0.0
0.9430772265007199
0.7590927129420485
0.9993033710244579
0.9943537316212306
0.8589290256112012
0.2685189214765358
0.8065945349172295
0.7129479784764249
0.9130149075109256
0.1453034489624969
0.8333740828465229
0.9592642739847743
0.0
0.0
0.9339156149132152
0.880402452016462
0.662351578952337
0.9214517561171561
0.8378067511510428
0.673865568821608
0.7316036850425729
0.8742929836838967
0.918482607302085
0.8144604250942074
0.9149765070324094
0.8055750644326619
0.9441127757492745
0.6688695913926109
0.9203144447817937
0.7373594284350456
0.9173114251452372
0.28551742968029514
0.9317379327042143
0.7092363769901021
0.8460226902692626
0.9118986519025508
0.7816116780197893
0.9600353311265164
0.9357574156303372
0.0
0.9099794449792231
0.0
0.8790087132844868
0.8103991141094095
0.0
0.9130095677516055
0.9837151723993587
0.9387130789475425
0.9363361262752051
0.9215283216860364
0.0
0.8989757243927974
0.9964524642564376
0.8698858027212825
0.0
0.919239475103089
0.7743606893110181
0.0
0.9966781405865457
0.842301452753445
0.7702682862519747
0.0
0.8676915650694828
0.0
0.9979446780481644
0.7450477416728422
0.7867951623501972
0.9873006459427907
0.0
0.9335772100232848
0.8100421976966622
0.6898160295833099
0.0
0.0
0.0
0.8882579010869953
0.8927040744081061
0.9024458911908876
0.7682902610021141
0.2226807868530403
0.9825371615526626
0.0
0.9552039259301296
0.6504103131640823
0.7667760605144243
0.26001339646701693
0.8124800228482861
0.9990059680434682
0.9958889316148876
0.9714150330175455
0.9979439943506352
0.9277367346507226
0.8025501910805692
0.9496472529256452
0.9919794488215415
0.0
0.9308570989734942
0.7871847178751534
0.9962360088101102
0.968258307830147
0.0
0.8100824075289053
0.8607961451863826
0.945167502697935
0.9987406405427414
0.0
0.908092521262757
0.6735893873002963
0.9591978105655591
0.9210077645168816
0.0
0.9126116126211385
0.0
0.924329593579102
0.6959237433545076
0.8050310242552443
0.0
0.9406865554143746
0.0
0.9934432738419482
0.30114992583160094
0.8865153038034134
0.8467167760943264
0.0
0.8683429317498655
0.9984808063230175
0.9197240483100758
0.8548117192372764
0.0
0.7977357245292368
0.8737897779097284
0.9461266714774585
0.9920401491622746
0.738546433997875
0.8819069869861066
0.977311027390365
0.9096372705812706
0.9793591258924026
0.9125856866442956
0.0
0.8366768160759173
0.9382087155668433
0.8809351750680106
0.997555343853926
0.0
0.9421471588366012
0.0
0.9773006763498956
0.9497879105320611
0.910051870176746
0.0
0.9608314534485951
0.9206188640378387
0.9568828244399176
0.8825336845229331
0.9777514367364407
0.0
0.9952999802832371
0.12868391285320918
0.9990822061147041
0.9040155764427089
0.9897272236329764
0.9702222382704296
0.0
0.6587723131675723
0.8017666440914608
0.8408756572350944
0.9360962671900803
0.0
0.9868414246789408
0.9203944868493834
0.0
0.9624237506083075
0.7895821669275269
0.992207911909672
0.7928624804038674
0.0
0.9172901561655197
0.798676613851258
0.7936389816854825
0.7616215649028628
0.9334865710088386
0.8474799332386874
0.9169664627294217
0.8020088358210565
0.8045096800931868
0.5771075776285767
0.9349436572435141
0.9673385178006647
0.9849705987939879
0.914210241981915
0.0
0.0
0.9947843802686509
0.9131643125813537
0.9101714738365708
0.970678257100666
0.9920626525442153
0.9989347209902656
0.8013959103402111
0.15227098722301888
0.866426262218838
0.0
0.9961249317212634
0.8326402734835611
0.972757101982548
0.8061257554005015
0.9540005435873677
0.9973694512119324
0.9784742756668714
0.0
0.9124957401195809
0.9048856860040918
0.9130749501122021
0.9124340244238734
0.9742662555891837
0.9325210730990007
0.2013356373344576
0.7794638779041161
0.9812776385058173
0.8391212291549841
0.8188814768082937
0.9783505850816244
0.8577316273940355
0.8128616985000157
0.9585257873823769
0.8053241848696467
0.98377069360667
0.0
0.0
0.2818929363643093
0.6255740366203988
0.0
0.8393619526150963
0.6784780692677157
0.0
0.9297705952212929
0.829255626982308
0.9675472135222103
0.9172083319555814
0.0
0.9098121520609705
0.8868054224872812
0.0
0.9607535779347901
0.6914480591140825
0.9004337688765027
0.0
0.6372978004436042
0.9421175936098751
0.9534435642263429
0.9931691121626121
0.9235337505908335
0.0
0.0
0.6812133901524686
0.0
0.987049388414743
0.7037912025641865
0.9777983139251396
0.0
0.7549966567185987
0.0
0.7345476283516496
0.3267930346997235
0.0
0.8289898165971026
0.0
0.9292338944677615
0.9278174083434947
0.9848744794609214
0.0
0.9488676020168876
0.8691736754764712
0.6041994316429954
0.9914474443282019
0.0
0.7952269971843553
0.7210931039048475
0.0
0.9759261301716491
0.8228560146916986
0.0
0.9861548398319095
0.951897316559338
0.9876128736558292
0.8811771478120437
0.0
0.7615226944937741
0.9948770615542787
0.9632513371856511
0.9776267874376711
0.9170514750697011
0.6452779263838417
0.0
0.0
0.9988302953315777
0.5742473775049518
0.973072413727372
0.7790502144255019
0.9572437701898112
0.9204762208684936
0.8923301674106735
0.9856265732837035
0.9760914227179317
0.9346750224150143
0.0
0.9939683352589695
0.901580078710733
0.0
0.9698567052678815
0.5512575476922739
0.9034499317572257
0.8886385047247807
0.9022811545170267
0.7261015689005775
0.9625451155503102
0.7464369630181383
0.9184876458312521
0.9658073803929416
0.7172245330584953
0.852210580952895
0.868700019779081
0.7023996031455906
0.7914760278935449
0.5797152845533987
0.0
0.8068489599637707
0.7021976976802456
0.9643114319257672
0.0
0.0
0.7966654306585077
0.0
0.7158808377545985
0.7697362016393208
0.8240990285718837
0.8963788453559663
0.0
0.99834418744389
0.8790033553203151
0.9585545229505242
0.9210696019958601
0.0
0.833596484545013
0.9772467995374219
0.9887679428017294
0.8414103426456387
0.9439270953585971
0.0
0.9908972307310476
0.6983510455824815
0.955114149847855
0.0
0.9546089041434732
0.9995258374785311
0.9226467364427022
0.7071682471060677
0.9233978350853285
0.0
0.9122664894979686
0.0
0.8312370126558788
0.8895956155121604
0.8958745318405639
0.8746210915022431
0.0
0.8066068791299402
0.9640224476699566
0.6346244760420802
0.8843635760854549
0.7950424896049049
0.0
0.9804232646841818
0.6542039899377771
0.0
0.8380850521463497
0.7589207256433161
0.0
0.9964093962372907
0.0
0.9879610578263694
0.9118321635035458
0.0
0.9519192975162155
0.956426422098973
0.9997198970911839
0.8571713806257951
0.9574244106464661
0.9346914233092962
0.9884789825724564
0.979630798200122
0.9872886853468542
0.854034362040744
0.9898528938264998
0.7863081428064923
0.9853454584641579
0.0
0.8650815984916811
0.94559658770759
0.8612662259745211
0.0
0.8990310789753522
0.7655151411459515
0.0
0.8996034315597405
0.9141046242705115
0.0
0.9077138099156361
0.9742904382225333
0.0
0.9781240060295627
0.8748099942550743
0.7247167543609061
0.0
0.9789076962735698
0.988574094583593
0.988422370334118
0.0
0.3881392431433621
0.8570803162396278
0.8611766864903826
0.0
0.8000883533090375
0.9148032815368833
0.0
0.9933107946079337
0.9450148855556587
0.9109921686282643
0.939390609854686
0.6254812074629045
0.9385913720009668
0.0
0.0
0.0
0.8593190790391517
0.9782646700269373
0.8877566798025329
0.7461646055879526
0.9344911600849182
0.9555109731326235
0.982552741650856
0.6029270308963032
0.8667384822459165
0.9777613664442231
0.9263560619408768
0.9911639430013545
0.9684918232917781
0.9175544063226744
0.0
0.9492250202111855
0.8403700573349412
0.0
0.9416893958523924
0.3272637160426153
0.8827337099866531
0.9905518706630744
0.8057560969198231
0.9985138086452238
0.8388427563366113
0.12868391285320918
0.9029599582089559
0.9158003231941801
0.7253353035976248
0.9783392770330646
0.0
0.9399868253895594
0.9699430576613947
0.9072375688735059
0.8229670737665745
0.9825328460559818
0.7288844451953664
0.983807155568419
0.9577420470537037
0.0
0.0
0.9066118569638006
0.8533733703437965
0.0
0.9926970801919571
0.8218739575502069
0.7461637735124397
0.7398234142414801
0.8422216804545424
0.6837930574588759
0.0
0.980230456949575
0.8628353118713231
0.0
0.8697014220575835
0.8239937030463937
0.9865615966648287
0.7281717812109874
0.1375144038704865
0.9871753104783886
0.9711436798958223
0.9707705116278733
0.8795832839901819
0.7307824763522383
0.9989821062830007
0.7848506874371813
0.9566706264125239
0.856190769253232
0.0
0.0
0.9712224183518775
0.8858105791035155
0.9094453726712095
0.7295071399721469
0.9409673703085847
0.6906900428835943
0.715369828693463
0.0
0.8993132354174361
0.8749150505840574
0.0
0.7591966475774526
0.8091667451802197
0.27076084632776276
0.0
0.7461304819040517
0.9466807880038276
0.9264512387819652
0.0
0.9818432162868681
0.9279856465508959
0.9331864105007628
0.0
0.6273034347300207
0.6840383368580623
0.0
0.8028442926409436
0.0
0.5636019579710104
0.9621476875122523
0.7308947281396313
0.0
0.8529600768904605
0.9810390805573959
0.5371556875631188
0.820432545707911
0.8794759731170197
0.9724348989470232
0.8853978948018214
0.9892708259938991
0.8993701952550922
0.0
0.8503906717954098
0.8948171405180452
0.3238963475738297
0.9403065897534161
0.0
0.7801368334897548
0.9341217976926781
0.9721805575055458
0.8365802050468445
0.7056872224541024
0.9840202831264433
0.0
0.9995747663624202
0.7633250802359837
0.8523117747216542
0.0
0.9432574897542055
0.9633412970362184
0.9110237482524882
0.9449753795064589
0.0
0.9280270409329465
0.8190806767264852
0.9714060352719054
0.9098930176675031
0.9919031457206815
0.9738000927852124
0.9761791789797143
0.9895860723299909
0.9400923887983249
0.8373541994645041
0.9105308634767215
0.9485143288782774
0.775242970545697
0.6919977120550191
0.9988892873096291
0.933251417640093
0.8908115388794584
0.9956953442916355
0.98708561148981
0.9996947259956777
0.7944798470728094
0.3025276933635104
0.9936225915065545
0.0
0.8912148057965104
0.9785686630188867
0.9437409340881988
0.9697786426363584
0.3854707938322829
0.9449237391550146
0.9808357615049627
0.8108239475391965
0.9927482512645925
0.9810533477156855
0.7598675936731984
0.8522380272930717
0.8372104988995733
0.8725008361447009
0.9130816848254204
0.8894080834153475
0.6331887764799718
0.8037003576525034
0.9203682747813319
0.8787352383568725
0.0
0.9264409972237425
0.36487164016542095
0.9351662433753254
0.9997364267156333
0.864994322673664
0.9204499815370307
0.8256668590001704
0.0
0.9619951739778712
0.0
0.0
0.9455724418039068
0.9798593989243353
0.0
0.9283360403420204
0.9117517312287738
0.9482363171387747
0.0
0.9558035323643254
0.9158608953092526
0.7745906217305957
0.9395807015773731
0.999908115441828
0.953839349310987
0.9580747131071359
0.0
0.8930403183857807
0.0
0.8513921875107976
0.9984979967058774
0.7619068001875485
0.0
0.778955515538782
0.5482739569451595
0.9944000890776029
0.0
0.9864846644582796
0.6911122352314254
0.7498980436049992
0.8486455151915153
0.880395238357923
0.8964809108485267
0.9616791118591921
0.0
0.728699413341863
0.8872458165381064
0.9791461969860227
0.9303061613754916
0.8424657525738907
0.9392823490654906
0.9996340709098055
0.987761442410315
0.0
0.7639886671687546
0.9960681350149471
0.8726705828462564
0.7902434296996872
0.5957583739160519
0.7926741295046542
0.9914820097032109
0.0
0.9993651077322759
0.7673964103939751
0.7694735171176528
0.9816455029061576
0.9154293502775157
0.9731093852620089
0.7926609495445698
0.9099405806504465
0.895658119528341
0.9589369198712406
0.0
0.7980379338939841
0.8884916711152988
0.966050923812131
0.7905175835007645
0.0
0.0
0.9975640793196889
0.8295684809599235
0.8888259195282108
0.756018180805931
0.9544884489559979
0.9583478991229247
0.0
0.6049287539126781
0.7841985080931233
0.8891426883351615
0.9724395459153756
0.9001987489932123
0.0
0.9332558409171602
0.9748209125884001
0.0
0.9396796459260509
0.9900694752979035
0.7887955467326879
0.8312701046536668
0.0
0.6832222053154638
0.0
0.9536516277640731
0.9104907271315649
0.9816972369586388
0.0
0.9827496950000179
0.4988400571560957
0.8843625467008009
0.629062129303501
0.28551742968029514
0.0
0.9793492618883062
0.9647190124903824
0.8135422508916945
0.0
0.9091268249167779
0.9937553341148829
0.9433353910060684
0.8724043292423678
0.9931909170106515
0.9043688595801807
0.0
0.8876926947074484
0.9950608386534117
0.7968756237619672
0.0
0.9928483791629148
0.9837184490782784
0.797774243530669
0.9488224487775447
0.0
0.0
0.0
0.8544843748483946
0.8012625867823551
0.0
0.8190704546761378
0.29683554079450813
0.8193475477899609
0.99664535865167
0.8092930707417939
0.9655982957919971
0.8897644057487147
0.0
0.0
0.8254326356565451
0.0
0.8611756633162312
0.8075202669905668
0.7250416413897235
0.9328870065015747
0.5865186850555631
0.9058258004680209
0.9281851967965068
0.9090065916317207
0.9419121632269138
0.9085083145685001
0.8967248856805043
0.091676269246991
0.6864813509094446
0.9250262562833215
0.939702207888685
0.9997191235690437
0.9779189887735199
0.7920451621861081
0.28095490007622803
0.0
0.9072347281480595
0.9800894633177119
0.9327216357573469
0.9157825311893633
0.9461266714774585
0.9606101613273531
0.9666050634437073
0.8412392468811604
0.9881109270652552
0.9177512198559443
0.7110354680009462
0.9739957331915352
0.995239602163088
0.0
0.0
0.0
0.9231376494495558
0.8649919771843796
0.0
0.9359647371323371
0.7379885577183921
0.6610051908268425
0.9401916331501606
0.0
0.0
0.996503682076882
0.0
0.9321545027371351
0.8176111158841214
0.9780613121029029
0.9116726995064283
0.0
0.6785498156108567
0.8928950788782075
0.896262435796532
0.6838806092881777
0.8453682251984289
0.0
0.9409940441704008
0.9984008618381062
0.28639334247906856
0.8646785903294868
0.9977402334968227
0.6304840322717509
0.8105121041084233
0.9688725008982698
0.9059751941257932
0.8044480135715916
0.771678290112151
0.0
0.9634446480603207
0.9351878689785191
0.9304357366585911
0.9903057826568883
0.0
0.9621290474761827
0.969968140274414
0.9280666020836842
0.9988817818304003
0.7408827159994408
0.9341970370021333
0.9838008396813722
0.6461633523237532
0.8919864312647076
0.8233934100570672
0.0
0.901098701613555
0.0
0.8769631091212426
0.9131178804929655
0.0
0.9006723808155105
0.9992797612252095
0.927080925426487
0.9006794591310151
0.9662951242736975
0.0
0.9777018411077182
0.8613884348653181
0.9402764992766072
0.9572063169203078
0.930099414528956
0.0
0.979055065132184
0.0
0.7258248791434293
0.0
0.99018313206251
0.9709751423401304
0.15227098722301888
0.9110689242344568
0.980791348707448
0.0
0.9913318983469697
0.8055916656096801
0.0
0.7321859902712896
0.8478015375416382
0.9231820196809202
0.9906437401059331
0.9732999153340808
0.9809666236591035
0.9146083638858536
0.8957135462492145
0.8103987991042554
0.9623831406228407
0.6892695019266382
0.9902264012911596
0.9369127926893047
0.9765667118758248
0.99998670740408
0.8505049935025965
0.9152143248345573
0.7347674560545244
0.8874402604057476
0.9708251399039931
0.963995622449447
0.9557318869795053
0.8235934257149744
0.207351641919464
0.753465461846035
0.6940603332150487
0.9224829604021043
0.9923531344241939
0.8651486660332747
0.7855799917393141
0.956859372194096
0.9211015031254061
0.8565439805751013
0.7837060610196158
0.0
0.9985768905062955
0.8910882817296043
0.8862839288436749
0.9808164438077592
0.6716179929148792
0.9810282707777487
0.0
0.9298022407857388
0.6259543044537696
0.9975729065437093
0.847490181241127
0.9410284856339508
0.8960999793733023
0.9547711465450388
0.7766122106582192
0.9539053055917366
0.9829791366129341
0.6924154150908313
0.9868118464150543
0.0
0.0
0.9113353633248923
0.9799994290837704
0.0
0.9957372366623716
0.9932364695122043
0.8167974538547363
0.6315660616126656
0.9373484263624167
0.0
0.8686347631109955
0.0
0.9867420347447458
0.8813863734388252
0.8428993951518352
0.8312298865174622
0.9478365727829072
0.9222120578235002
0.9955022239795961
0.8416858869936337
0.0
0.0
0.9125464425182921
0.9901887422491935
0.9162589553548541
0.8219181685029932
0.9627506304076421
0.9337666998796733
0.9354666491071837
0.961781292255995
0.7078163118829931
0.672396863428463
0.9461266714774585
0.7132826294110223
0.0
0.11848985910474394
0.9910389779869446
0.0
0.21795517344374532
0.922750914358371
0.8025835245696868
0.8715912091844474
0.9736160993668508
0.998225246564149
0.9767708678110223
0.9641026115018706
0.9412184651371752
0.8861263547084999
0.9148382226727554
0.9626712668384515
0.9812899289240749
0.9814494257080834
0.9844598524065294
0.8767739163161121
0.6374788381579718
0.0
0.8883981847692282
0.8381854925237548
0.8620052089467698
0.9269059308075845
0.0
0.966249125565046
0.0
0.8639600747567955
0.8772034013424551
0.9504870107468509
0.996115795095677
0.8711729527909146
0.0
0.9568055587840708
0.6942138360406428
0.0
0.8779513020388079
0.8865643096137765
0.9939619966060563
0.79673169616342
0.9634136005275441
0.8043296872055293
0.9643704652365539
0.9493822535056642
0.0
0.0
0.9043500684248834
0.8087440162656796
0.8240588145321238
0.9493991575301606
0.0
0.8681690537954363
0.0
0.9749588333673388
0.943113225334806
0.9101633211583252
0.9657401446659444
0.9613048946515748
0.9461266714774585
0.7208373222032017
0.9084154341560929
0.9443740821330713
0.8771502698111514
0.9104027440471926
0.8853375698858422
0.9173138643850515
0.8803348751092136
0.8059763885802239
0.9761900408342258
0.0
0.7796572088925388
0.9270900973000945
0.9478935515619329
0.9084409016595245
0.9741759220134485
0.8671598844240259
0.9375488466278761
0.8793860257321788
0.6662113956079878
0.0
0.0
0.9671305748020332
0.9081023710958988
0.23319980660926398
0.9931799757679284
0.9764995077770399
0.5572701054877024
0.9681620438234987
0.0
0.9364308619035159
0.9872775911000353
0.9245657509462223
0.6433132420270099
0.7329900581703293
0.898939483711683
0.9964543542205622
0.9002582703496297
0.9983234846832029
0.9833027357524285
0.910715979182954
0.9330788757666728
0.7801930611564422
0.9992955322022298
0.9798636738545187
0.9592949447439506
0.7890296447795785
0.6692567340360538
0.0
0.9792794620166733
0.0
0.908562809438515
0.6693737649871706
0.8417088463322353
0.9932210705214605
0.9968412808519272
0.9420847899644963
0.9417067414533989
0.5998516782444892
0.9697281822978988
0.8783975704956373
0.8159872627112398
0.9567449835348667
0.9710240774586003
0.7912395046232594
0.0
0.7706566595600464
0.6715177348719752
0.0
0.6867802229745001
0.8242591297491575
0.0
0.8824915524278584
0.9423260727583693
0.8411041496862582
0.9495578982802303
0.961729167390356
0.5032763701922025
0.9708318225712037
0.8457207381020893
0.9463316574126517
0.8428380884550187
0.9963050319254534
0.8560160611530975
0.0
0.9535849841895688
0.8064585962804184
0.091676269246991
0.0
0.0
0.7716313182410502
0.9681092317676242
0.7934015291879745
0.9715774717200668
0.9080895013120337
0.9950513414619759
0.0
0.8431014202197947
0.8917891922896453
0.9303850456662448
0.6715588847660451
0.9986721773520671
0.8977600913481616
0.8790431947904186
0.0
0.8913280261439437
0.8581720884087889
0.8956861422842352
0.9097436014464243
0.9979252361072186
0.5718062731391915
0.8698945150371994
0.6711022326223227
0.0
0.6830452300177986
0.9993243846213523
0.0
0.9142342284572059
0.7140903022313846
0.9979779120066135
0.9219728073796557
0.9977275725858681
0.0
0.9329319147118268
0.9979226483456772
0.9928278586056721
0.9838738017423183
0.9203624816470354
0.8030966494690716
0.861807881501355
0.7991256513439061
0.9589658105369456
0.0
0.9112154476718596
0.0
0.2953325113342887
0.6637810871416078
0.1790845770807718
0.770987908517804
0.9624408537373764
0.9449318131930334
0.3483658279870059
0.8643879432086239
0.9994111013755497
0.9768168172671466
0.91607937605679
0.7940391714551605
0.9357789434167593
0.6994613076399703
0.9653394938703063
0.9951249090453124
0.9319334608695494
0.0
0.930649871881295
0.9618525461131189
0.7547296542100651
0.8001770190246563
0.9519692371812236
0.7446564687405276
0.0
0.9624149285963824
0.835392245148915
0.9679610111112252
0.94300326154479
0.0
0.983155856210399
0.6413127734144048
0.8791790486755687
0.0
0.748276433176571
0.9284909246104356
0.9615029773045239
0.0
0.9983851697111156
0.9065865578074361
0.0
0.9660686103716097
0.7401377039467747
0.9638313470744443
0.7038527625817763
0.8609495926082458
0.9146656105833535
0.828545767819134
0.904240257886843
0.7979459709734383
0.8189166570741813
0.9667942151821843
0.5367620527728764
0.914049715174132
0.976540180674054
0.8481847690828624
0.8895617486114831
0.7791619567371982
0.9771976836461168
0.12868391285320918
0.7460396771179417
0.7282056323842672
0.9364284260715269
0.0
0.9007641792183724
0.0
0.9743963411495749
0.9106080176273478
0.9810384601763374
0.9669545196778656
0.973085035883476
0.9991817919429483
0.9606233863287538
0.99587026762047
0.8049140796461283
0.8523894466414097
0.8571014618135048
0.9504011734705754
0.9824931069256452
0.8390979657724592
0.953120519819424
0.9306022097411423
0.9995539764608499
0.9668516360241874
0.9655397154890095
0.0
0.9367642382816594
0.0
0.9490089190005185
0.9760299368399938
0.9113396762361052
0.7422350948721219
0.9557568265617171
0.23319980660926398
0.9711483076457537
0.7927786523677687
0.6515509149043087
0.7809305251871886
0.9801730898831851
0.9622624286441683
0.0
0.9431795812221374
0.34117064595778424
0.7359500242536309
0.988480155260148
0.9625332479134184
0.9205897648031813
0.8573957087251501
0.8482023785640247
0.0
0.9960104142652697
0.8035268834702721
0.6815480378236617
0.9544724049546872
0.34870583104705294
0.9736953096768112
0.9141391489856853
0.7916046468644934
0.9409384104303875
0.77736192126055
0.2930119065814486
0.0
0.9975245560780694
0.9031884035864738
0.9049437005012717
0.39052423350104
0.949194942145166
0.845209128128454
0.8759886730051127
0.6402192093368629
0.3510381289215759
0.7710775986267261
0.9300830200707385
0.9176182497800981
0.8057043755899794
0.8804969219969822
0.9868563945885349
0.849149900332997
0.6753460806587812
0.21795517344374532
0.0
0.6751174573250253
0.942061133727917
0.8611369172180312
0.0
0.9048617562332183
0.9010101678275908
0.8953038196717482
0.9275201219163219
0.8148603237203764
0.9969547823800026
0.8204179284322827
0.9203077503093391
0.9948056009297563
0.8622754505546945
0.8804220123726717
0.9630275769129528
0.9567045576960833
0.9588465342452731
0.9704224347231573
0.9816735138016853
0.9094981860537716
0.9979469138745144
0.9440226317674341
0.8525072002031298
0.9054974372072686
0.9282272089037567
0.8816730356898235
0.8424143313925336
0.0
0.0
0.23319980660926398
0.9572071380412903
0.9081324866664038
0.9186423628523079
0.5341446766191875
0.7549121496055559
0.9317740289046091
0.9171758120649187
0.8729833479252124
0.9183506086342419
0.7053148116130157
0.747594344218116
0.7745245438129493
0.0
0.87144795463455
0.9040477642446879
0.8668572984250007
0.8339656470021213
0.9631206885972309
0.7423365632366219
0.9083686943774202
0.9175153224078286
0.9342044496460871
0.9782323390616416
0.8599208125850496
0.9979050303919178
0.0
0.7425188148753643
0.9317125832070945
0.8065781836288773
0.9660011606043123
0.0
0.7032775531093418
0.8841625423827378
0.869664921258544
0.8106537767047081
0.9247664887060477
0.7077107256160333
0.9987462635030517
0.8797636254074429
0.9326867968054617
0.980726507551694
0.9213738077880145
0.8332604830245656
0.21545938858977665
0.1375144038704865
0.9254711942350755
0.9994298946006949
0.9845341735920649
0.0
0.0
0.9081324866664038
0.0
0.2270911174267383
0.8459548297382209
0.920333508360788
0.7339848380506812
0.0
0.961553262393624
0.8599471748356712
0.9896510406071242
0.8618676478520058
0.934256895794744
0.991087205001076
0.946223003121937
0.9512155164282238
0.9249876178864402
0.8017845880890705
0.6801020784954702
0.9598726366429484
0.8037801355262519
0.0
0.8943619059728676
0.0
0.8171203648817912
0.772491310520849
0.9761134305414305
0.0
0.7771487329086844
0.0
0.6564226237491013
0.9355392826396934
0.9138145886520955
0.0
0.0
0.7763955341601703
0.988840823623959
0.9075551053909328
0.6812467091576769
0.8348949716920944
0.0
0.0
0.9461266714774585
0.0
0.775268159525289
0.8806309141548079
0.9185381942090871
0.7408096740626645
0.8681459056455014
0.0
0.9260141838879316
0.7873063198609005
0.9270014005309263
0.0
0.0
0.0
0.9739682562074543
0.0
0.9103357067827695
0.9461266714774585
0.961838480117364
0.9804144975525781
0.8578445544185588
0.6722189156211849
0.9975476296641415
0.0
0.0
0.9990228588561628
0.8756232557804721
0.9834719705263072
0.9767852717957323
0.8982390155519777
0.9042252418641081
0.0
0.9001808416146736
0.9405208036653607
0.9461266714774585
0.0
0.9070985215869644
0.3868184769981393
0.0
0.9948868934494746
0.7525909200138187
0.0
0.9318386813207535
0.0
0.9141361304331238
0.961262175698142
0.999774883919007
0.7810077025802917
0.9753811458309826
0.9964067295599334
0.8898576870360876
0.9775439009806873
0.8313137423826666
0.0
0.9975454918378525
0.8242964139646808
0.9218741090286757
0.8228528835645296
0.9743989001533975
0.9648975490967622
0.8418601392299553
0.9417962519922805
0.9001844072712406
0.9590813136635101
0.9181684785301416
0.0
0.0
0.8883370472003251
0.0
0.7967858992314969
0.7361933097550268
0.0
0.0
0.7760623001013195
0.9905296533368714
0.9219110506598701
0.7277631107475759
0.7364549796003071
0.9725350760650745
0.9825147412281893
0.9619700285696055
0.9724118495059291
0.9549293091193107
0.9808114399152704
0.0
0.9390643940774172
0.8926730339380842
0.0
0.0
0.8292229329994267
0.8601575469308066
0.9984071926947603
0.899743811603427
0.0
0.9773932983921358
0.0
0.9902693309437015
0.9506687012197874
0.9368124584396247
0.0
0.2502501615028644
0.8335165860176095
0.6821115467112758
0.8461563684220778
0.920694141273186
0.9126278615488069
0.0
0.9958591696742338
0.9808827036837208
0.0
0.8044642109078063
0.9315909818507501
0.7639861251809008
0.9866299545201329
0.0
0.8210902171842954
0.9280947165234951
0.9051393970817285
0.9693013124022327
0.9933928161136806
0.9526963356087987
0.0
0.7621359358481378
0.850642090596137
0.9754814509319184
0.9808035143155781
0.0
0.8388632421472044
0.9459468114253184
0.9950984858419619
0.9465540592021755
0.9592557831311515
0.9243539445255908
0.7330722626484284
0.6167376555608548
0.9081324866664038
0.8924385804742577
0.9708184565614119
0.95924204952129
0.9885973191381198
0.9433320994769298
0.9761117853499854
0.0
0.955976712869942
0.7005797666872463
0.9472798131784258
0.9250584747989046
0.8951623359018773
0.9710404828907936
0.9995449949328501
0.92984391109964
0.9922598856281781
0.0
0.6935018018999876
0.8844011376635366
0.9597255491299286
0.9179567407942997
0.7045979685818022
0.19114158358599237
0.9117219947993973
0.837169113994937
0.8773679184275888
0.8517328006775571
0.9918481148282315
0.9385897852065791
0.7503103999180754
0.9687312717088415
0.0
0.7603333053619031
0.8661040143560449
0.824254020684973
0.9936668226579655
0.0458381346234955
0.9384875153832986
0.7224443848930373
0.7882980147962431
0.6827701959047556
0.0
0.9555645171602827
0.9942660179980786
0.0
0.6246241460877219
0.7492778228968489
0.988751955567854
0.9442183299606965
0.9760285212198714
0.9842098498722364
0.9176574595871261
0.9078224821726264
0.0
0.9947104714794613
0.912600330025468
0.7755563450336338
0.0
0.9812590677966396
0.8498814805881887
0.9804790195556488
0.9185620116410148
0.0
0.8886949295737797
0.0
0.9839415911415279
0.9683837359854536
0.8162291143218184
0.0
0.9840414464248733
0.857725313790955
0.9309992299855219
0.9993191363726222
0.9672574234351891
0.8271443574237614
0.891891054653791
0.993798847044084
0.9461266714774585
0.7470965827205177
0.9010940659281877
0.9480148323739346
0.0
0.0
0.9777703670879356
0.9661585560402262
0.7906234442801551
0.7471539876282065
0.8110021100600158
0.2270911174267383
0.732251744693143
0.0
0.9839979722317079
0.9267994325502027
0.9122706071108723
0.0
0.9942401482850786
0.8587876351363734
0.8526363876158336
0.8395043038513049
0.2953325113342887
0.9746362454249312
0.9855474305516245
0.9247686679014213
0.0
0.8730486065541312
0.8837159222730885
0.852133368889965
0.8698727320949062
0.9461266714774585
0.9954061911776463
0.0
0.0
0.8769559708988425
0.3516896657140079
0.0
0.6813731684974554
0.7862364591343952
0.7594911519988908
0.9924811020797644
0.9900103131589608
0.0
0.899864028589884
0.9966572298497377
0.8529754669752836
0.7429080455390354
0.942947298412893
0.8784061318007551
0.7715435102564423
0.0
0.0
0.0
0.871756453551503
0.9815885699614992
0.9994529451485522
0.9751596611689174
0.7235897442146381
0.904482026078011
0.9913844832316906
0.9482732179970714
0.9272755814672073
0.8230233142303597
0.847279328240157
0.8577376324571458
0.8568890773670083
0.9156669586943391
0.7771758095171022
0.9062747465255875
0.7908274597851639
0.9219521115996704
0.9658718168241119
0.8535505989277732
0.9111874589085576
0.851198873360313
0.6338968914060371
0.9077588467537251
0.9805210934630147
0.9803787907981939
0.9990586807352553
0.0
0.9405347165684113
0.9772087334779839
0.9900629182181436
0.0
0.7155472145039143
0.0
0.9096637464562807
0.9141611277683317
0.7984362269120847
0.9996777719390184
0.8052687204318224
0.9961140853997514
0.7155868626422207
0.8702434716639695
0.0
0.9752840723722891
0.9982308399231908
0.0
0.9549627297397867
0.8792692778291686
0.6886430055268611
0.9356201354789585
0.9345324857251657
0.0
0.0
0.9818683867260093
0.0
0.9916798622777815
0.9937722231288488
0.8594573888244198
0.9978451164236685
0.9615777340955474
0.8744432496109543
0.9810040676462012
0.986987024318
0.0
0.0
0.9712213665388058
0.9994242210551341
0.0
0.0
0.9747429611589108
0.860414880032059
0.8052200231098016
0.830546357991671
0.90070760402559
0.9590243528954328
0.8857848931309074
0.9345181669277681
0.0
0.0
0.9875309264192855
0.8895711683951749
0.9123147372192874
0.8554327361739873
0.622601618079944
0.0
0.0
0.0
0.8815776553978073
0.9451181892576587
0.855123196950082
0.0
0.8747558560166194
0.9440748134016258
0.784466680007993
0.9883404378503323
0.7305763607667115
0.9935828904055535
0.0
0.0
0.9537250926179874
0.9587871326797867
0.0
0.9911894479845422
0.7855382579170322
0.0
0.8379904781376629
0.7015751932455749
0.0
0.9437702017690097
0.5288668176425992
0.7900320298143857
0.967572256097872
0.9636666315754264
0.6601277901491026
0.9799978050654666
0.8975395674795684
0.976827498612915
0.905751125875666
0.8965087585137839
0.8986649292920439
0.9808299452456475
0.454044463033844
0.9758654708433289
0.9950085678968125
0.9693447529276603
0.7579413045692018
0.8439527331503858
0.0
0.0
0.7297667414336022
0.9957765821430574
0.8873874746687118
0.95042763763164
0.7507597997497643
0.7038669606053173
0.7905639450188602
0.9258476098815263
0.9654320977050872
0.9189834718099377
0.9982323853731926
0.8628361671428472
0.9376920662987703
0.956163693059637
0.7890009175791943
0.7200269350280754
0.9993328171418498
0.0
0.9674223272583582
0.9606990786105396
0.9759046788094812
0.9405163562024073
0.9770031878447166
0.9818373229461153
0.7672223541671446
0.0
0.7872978328648869
0.0
0.9140264504458472
0.7423224552192338
0.8132263963575496
0.9327825969180502
0.6413290196863216
0.0
0.8519954695021223
0.8786979044217991
0.9104793542046022
0.8349347610470459
0.8160567013387672
0.9189200178319479
0.904404829365949
0.7909061829930366
0.9601589957974315
0.996230073476865
0.9763537282132311
0.7965738673161601
0.9629887155272397
0.9383141487948544
0.8401156998803214
0.9409808834946983
